721,1377299095, 22.29
721,1377299125,22.3
721,1377299130,22.3
721,1377299134,22.29
721,1377299139,22.3
721,1377299144,22.28
721,1377299149,22.3
721,1377299154,22.28
721,1377299159,22.3
721,1377299164,22.3
721,1377299169,22.29
721,1377299174,22.3
721,1377299179,22.29
721,1377299184,22.3
721,1377299189,22.31
721,1377299194,22.29
721,1377299199,22.3
721,1377299204,22.29
721,1377299209,22.3
721,1377299214,22.3
721,1377299219,22.3
721,1377299224,22.29
721,1377299229,22.3
721,1377299234,22.3
721,1377299239,22.29
721,1377299244,22.29
721,1377299249,22.3
721,1377299254,22.3
721,1377299259,22.3
721,1377299264,22.29
721,1377299269,22.3
721,1377299274,22.3
721,1377299279,22.3
721,1377299284,22.3
721,1377299289,22.3
721,1377299294,22.3
721,1377299299,22.3
721,1377299304,22.3
721,1377299309,22.29
721,1377299314,22.3
721,1377299319,22.3
721,1377299324,22.3
721,1377299329,22.3
721,1377299334,22.29
721,1377299339,22.29
721,1377299344,22.31
721,1377299349,22.31
721,1377299354,22.3
721,1377299359,22.3
721,1377299364,22.3
721,1377299369,22.31
721,1377299374,22.3
721,1377299379,22.3
721,1377299384,22.31
721,1377299389,22.3
721,1377299394,22.32
721,1377299399,22.3
721,1377299404,22.31
721,1377299409,22.31
721,1377299414,22.32
721,1377299419,22.3
721,1377299424,22.31
721,1377299429,22.3
721,1377299434,22.31
721,1377299439,22.3
721,1377299444,22.31
721,1377299449,22.31
721,1377299454,22.31
721,1377299459,22.32
721,1377299464,22.31
721,1377299469,22.32
721,1377299474,22.32
721,1377299479,22.31
721,1377299484,22.32
721,1377299489,22.31
721,1377299494,22.31
721,1377299499,22.31
721,1377299504,22.31
721,1377299509,22.32
721,1377299514,22.3
721,1377299519,22.3
721,1377299524,22.3
721,1377299529,22.31
721,1377299534,22.32
721,1377299539,22.32
721,1377299544,22.31
721,1377299549,22.32
721,1377299554,22.32
721,1377299559,22.31
721,1377299564,22.32
721,1377299569,22.3
721,1377299574,22.31
721,1377299579,22.32
721,1377299584,22.31
721,1377299589,22.3
721,1377299594,22.31
721,1377299599,22.31
721,1377299604,22.31
721,1377299609,22.32
721,1377299614,22.32
721,1377299619,22.32
721,1377299624,22.32
721,1377299629,22.31
721,1377299634,22.32
721,1377299639,22.31
721,1377299644,22.31
721,1377299649,22.31
721,1377299654,22.31
721,1377299659,22.3
721,1377299664,22.3
721,1377299669,22.33
721,1377299674,22.31
721,1377299679,22.32
721,1377299684,22.32
721,1377299689,22.31
721,1377299694,22.32
721,1377299699,22.31
721,1377299704,22.31
721,1377299709,22.31
721,1377299714,22.31
721,1377299719,22.32
721,1377299724,22.32
721,1377299729,22.32
721,1377299734,22.32
721,1377299739,22.33
721,1377299744,22.32
721,1377299749,22.32
721,1377299754,22.32
721,1377299759,22.32
721,1377299764,22.32
721,1377299769,22.32
721,1377299774,22.32
721,1377299779,22.31
721,1377299784,22.32
721,1377299789,22.31
721,1377299794,22.31
721,1377299799,22.32
721,1377299804,22.32
721,1377299809,22.32
721,1377299814,22.32
721,1377299819,22.32
721,1377299824,22.32
721,1377299829,22.32
721,1377299834,22.32
721,1377299839,22.33
721,1377299844,22.32
721,1377299849,22.32
721,1377299854,22.31
721,1377299859,22.32
721,1377299864,22.34
721,1377299869,22.33
721,1377299874,22.31
721,1377299879,22.33
721,1377299884,22.33
721,1377299889,22.33
721,1377299894,22.32
721,1377299899,22.32
721,1377299904,22.32
721,1377299909,22.31
721,1377299914,22.33
721,1377299919,22.33
721,1377299924,22.31
721,1377299929,22.33
721,1377299934,22.33
721,1377299939,22.32
721,1377299944,22.32
721,1377299949,22.33
721,1377299954,22.33
721,1377299959,22.32
721,1377299964,22.33
721,1377299969,22.32
721,1377299974,22.32
721,1377299979,22.33
721,1377299984,22.32
721,1377299989,22.33
721,1377299994,22.32
721,1377299999,22.32
721,1377300004,22.32
721,1377300009,22.33
721,1377300014,22.34
721,1377300019,22.34
721,1377300024,22.33
721,1377300029,22.33
721,1377300034,22.32
721,1377300039,22.32
721,1377300044,22.34
721,1377300049,22.32
721,1377300054,22.33
721,1377300059,22.34
721,1377300064,22.34
721,1377300069,22.33
721,1377300074,22.32
721,1377300079,22.33
721,1377300084,22.34
721,1377300089,22.34
721,1377300094,22.34
721,1377300099,22.33
721,1377300104,22.33
721,1377300109,22.34
721,1377300114,22.34
721,1377300119,22.35
721,1377300124,22.34
721,1377300129,22.33
721,1377300134,22.33
721,1377300139,22.34
721,1377300144,22.34
721,1377300149,22.33
721,1377300154,22.34
721,1377300159,22.33
721,1377300164,22.34
721,1377300169,22.33
721,1377300174,22.33
721,1377300179,22.34
721,1377300184,22.33
721,1377300189,22.34
721,1377300194,22.34
721,1377300199,22.34
721,1377300204,22.34
721,1377300209,22.34
721,1377300214,22.34
721,1377300219,22.33
721,1377300224,22.34
721,1377300229,22.34
721,1377300234,22.34
721,1377300239,22.34
721,1377300244,22.34
721,1377300249,22.34
721,1377300254,22.35
721,1377300259,22.35
721,1377300264,22.34
721,1377300269,22.34
721,1377300274,22.34
721,1377300279,22.36
721,1377300284,22.34
721,1377300289,22.33
721,1377300294,22.34
721,1377300299,22.33
721,1377300304,22.34
721,1377300309,22.34
721,1377300314,22.34
721,1377300319,22.34
721,1377300324,22.34
721,1377300329,22.34
721,1377300334,22.34
721,1377300339,22.34
721,1377300344,22.34
721,1377300349,22.35
721,1377300354,22.34
721,1377300359,22.34
721,1377300364,22.34
721,1377300369,22.34
721,1377300374,22.34
721,1377300379,22.34
721,1377300384,22.34
721,1377300389,22.34
721,1377300394,22.34
721,1377300399,22.34
721,1377300404,22.34
721,1377300409,22.34
721,1377300414,22.33
721,1377300419,22.35
721,1377300424,22.34
721,1377300429,22.34
721,1377300434,22.35
721,1377300439,22.34
721,1377300444,22.36
721,1377300449,22.34
721,1377300454,22.34
721,1377300459,22.34
721,1377300464,22.34
721,1377300469,22.34
721,1377300474,22.34
721,1377300479,22.35
721,1377300484,22.34
721,1377300489,22.34
721,1377300494,22.34
721,1377300499,22.34
721,1377300504,22.34
721,1377300509,22.33
721,1377300514,22.35
721,1377300519,22.34
721,1377300524,22.34
721,1377300529,22.35
721,1377300534,22.34
721,1377300539,22.34
721,1377300544,22.34
721,1377300549,22.34
721,1377300554,22.34
721,1377300559,22.35
721,1377300564,22.34
721,1377300569,22.34
721,1377300574,22.34
721,1377300579,22.34
721,1377300584,22.34
721,1377300589,22.34
721,1377300594,22.34
721,1377300599,22.34
721,1377300604,22.34
721,1377300609,22.34
721,1377300614,22.34
721,1377300619,22.34
721,1377300624,22.36
721,1377300629,22.35
721,1377300634,22.35
721,1377300639,22.35
721,1377300644,22.35
721,1377300649,22.35
721,1377300654,22.35
721,1377300659,22.34
721,1377300664,22.35
721,1377300669,22.36
721,1377300674,22.35
721,1377300679,22.34
721,1377300684,22.35
721,1377300689,22.34
721,1377300694,22.34
721,1377300699,22.35
721,1377300704,22.34
721,1377300709,22.36
721,1377300714,22.34
721,1377300719,22.35
721,1377300724,22.35
721,1377300729,22.34
721,1377300734,22.35
721,1377300739,22.35
721,1377300744,22.34
721,1377300749,22.35
721,1377300754,22.34
721,1377300759,22.35
721,1377300764,22.34
721,1377300769,22.35
721,1377300774,22.35
721,1377300779,22.35
721,1377300784,22.36
721,1377300789,22.34
721,1377300794,22.35
721,1377300799,22.36
721,1377300804,22.35
721,1377300809,22.34
721,1377300814,22.36
721,1377300819,22.34
721,1377300824,22.35
721,1377300829,22.35
721,1377300834,22.35
721,1377300839,22.35
721,1377300844,22.36
721,1377300849,22.35
721,1377300854,22.36
721,1377300859,22.36
721,1377300864,22.35
721,1377300869,22.36
721,1377300874,22.35
721,1377300879,22.36
721,1377300884,22.36
721,1377300889,22.36
721,1377300894,22.35
721,1377300899,22.35
721,1377300904,22.36
721,1377300909,22.37
721,1377300914,22.36
721,1377300919,22.36
721,1377300924,22.37
721,1377300929,22.36
721,1377300934,22.36
721,1377300939,22.36
721,1377300944,22.36
721,1377300949,22.36
721,1377300954,22.36
721,1377300959,22.36
721,1377300964,22.38
721,1377300969,22.35
721,1377300974,22.35
721,1377300979,22.36
721,1377300984,22.36
721,1377300989,22.36
721,1377300994,22.37
721,1377300999,22.36
721,1377301004,22.37
721,1377301009,22.36
721,1377301014,22.36
721,1377301019,22.36
721,1377301024,22.35
721,1377301029,22.36
721,1377301034,22.36
721,1377301039,22.36
721,1377301044,22.36
721,1377301049,22.36
721,1377301054,22.36
721,1377301059,22.36
721,1377301064,22.36
721,1377301069,22.36
721,1377301074,22.36
721,1377301079,22.36
721,1377301084,22.36
721,1377301089,22.36
721,1377301094,22.36
721,1377301099,22.36
721,1377301104,22.35
721,1377301109,22.37
721,1377301114,22.36
721,1377301119,22.37
721,1377301124,22.36
721,1377301129,22.37
721,1377301134,22.37
721,1377301139,22.36
721,1377301144,22.35
721,1377301149,22.37
721,1377301154,22.38
721,1377301159,22.36
721,1377301164,22.37
721,1377301169,22.38
721,1377301174,22.37
721,1377301179,22.37
721,1377301184,22.37
721,1377301189,22.37
721,1377301194,22.36
721,1377301199,22.37
721,1377301204,22.36
721,1377301209,22.37
721,1377301214,22.37
721,1377301219,22.36
721,1377301224,22.38
721,1377301229,22.38
721,1377301234,22.38
721,1377301239,22.37
721,1377301244,22.38
721,1377301249,22.38
721,1377301254,22.37
721,1377301259,22.37
721,1377301264,22.38
721,1377301269,22.37
721,1377301274,22.38
721,1377301279,22.37
721,1377301284,22.37
721,1377301289,22.37
721,1377301294,22.36
721,1377301299,22.37
721,1377301304,22.38
721,1377301309,22.37
721,1377301314,22.37
721,1377301319,22.38
721,1377301324,22.38
721,1377301329,22.38
721,1377301334,22.38
721,1377301339,22.37
721,1377301344,22.38
721,1377301349,22.38
721,1377301354,22.37
721,1377301359,22.38
721,1377301364,22.37
721,1377301369,22.37
721,1377301374,22.37
721,1377301379,22.37
721,1377301384,22.38
721,1377301389,22.37
721,1377301394,22.37
721,1377301399,22.38
721,1377301404,22.37
721,1377301409,22.37
721,1377301414,22.37
721,1377301419,22.38
721,1377301424,22.38
721,1377301429,22.39
721,1377301434,22.38
721,1377301439,22.38
721,1377301444,22.38
721,1377301449,22.37
721,1377301454,22.38
721,1377301459,22.38
721,1377301464,22.38
721,1377301469,22.38
721,1377301474,22.38
721,1377301479,22.38
721,1377301484,22.38
721,1377301489,22.39
721,1377301494,22.37
721,1377301499,22.38
721,1377301504,22.38
721,1377301509,22.37
721,1377301514,22.38
721,1377301519,22.39
721,1377301524,22.38
721,1377301529,22.38
721,1377301534,22.39
721,1377301539,22.38
721,1377301544,22.38
721,1377301549,22.38
721,1377301554,22.36
721,1377301559,22.38
721,1377301564,22.38
721,1377301569,22.38
721,1377301574,22.39
721,1377301579,22.38
721,1377301584,22.39
721,1377301589,22.38
721,1377301594,22.38
721,1377301599,22.38
721,1377301604,22.38
721,1377301609,22.38
721,1377301614,22.38
721,1377301619,22.38
721,1377301624,22.38
721,1377301629,22.38
721,1377301634,22.39
721,1377301639,22.38
721,1377301644,22.38
721,1377301649,22.38
721,1377301654,22.4
721,1377301659,22.4
721,1377301664,22.38
721,1377301669,22.39
721,1377301674,22.4
721,1377301679,22.4
721,1377301684,22.38
721,1377301689,22.38
721,1377301694,22.38
721,1377301699,22.38
721,1377301704,22.39
721,1377301709,22.39
721,1377301714,22.39
721,1377301719,22.39
721,1377301724,22.39
721,1377301729,22.38
721,1377301734,22.38
721,1377301739,22.38
721,1377301744,22.4
721,1377301749,22.38
721,1377301754,22.39
721,1377301759,22.4
721,1377301764,22.39
721,1377301769,22.39
721,1377301774,22.39
721,1377301779,22.38
721,1377301784,22.38
721,1377301789,22.39
721,1377301794,22.38
721,1377301799,22.4
721,1377301804,22.4
721,1377301809,22.4
721,1377301814,22.4
721,1377301819,22.39
721,1377301824,22.39
721,1377301829,22.38
721,1377301834,22.39
721,1377301839,22.38
721,1377301844,22.4
721,1377301849,22.4
721,1377301854,22.39
721,1377301859,22.39
721,1377301864,22.38
721,1377301869,22.4
721,1377301874,22.4
721,1377301879,22.4
721,1377301884,22.39
721,1377301889,22.39
721,1377301894,22.39
721,1377301899,22.4
721,1377301904,22.4
721,1377301909,22.39
721,1377301914,22.39
721,1377301919,22.38
721,1377301924,22.39
721,1377301929,22.39
721,1377301934,22.4
721,1377301939,22.39
721,1377301944,22.4
721,1377301949,22.4
721,1377301954,22.39
721,1377301959,22.4
721,1377301964,22.4
721,1377301969,22.4
721,1377301974,22.38
721,1377301979,22.4
721,1377301984,22.39
721,1377301989,22.4
721,1377301994,22.39
721,1377301999,22.41
721,1377302004,22.4
721,1377302009,22.39
721,1377302014,22.38
721,1377302019,22.39
721,1377302024,22.4
721,1377302029,22.39
721,1377302034,22.41
721,1377302039,22.4
721,1377302044,22.39
721,1377302049,22.4
721,1377302054,22.39
721,1377302059,22.38
721,1377302064,22.39
721,1377302069,22.4
721,1377302074,22.39
721,1377302079,22.4
721,1377302084,22.39
721,1377302089,22.4
721,1377302094,22.4
721,1377302099,22.4
721,1377302104,22.4
721,1377302109,22.39
721,1377302114,22.4
721,1377302119,22.4
721,1377302124,22.41
721,1377302129,22.4
721,1377302134,22.4
721,1377302139,22.41
721,1377302144,22.42
721,1377302149,22.41
721,1377302154,22.41
721,1377302159,22.4
721,1377302164,22.41
721,1377302169,22.4
721,1377302174,22.41
721,1377302179,22.4
721,1377302184,22.4
721,1377302189,22.4
721,1377302194,22.41
721,1377302199,22.4
721,1377302204,22.4
721,1377302209,22.41
721,1377302214,22.41
721,1377302219,22.4
721,1377302224,22.41
721,1377302229,22.4
721,1377302234,22.4
721,1377302239,22.41
721,1377302244,22.4
721,1377302249,22.41
721,1377302254,22.4
721,1377302259,22.41
721,1377302264,22.41
721,1377302269,22.41
721,1377302274,22.41
721,1377302279,22.41
721,1377302284,22.41
721,1377302289,22.41
721,1377302294,22.4
721,1377302299,22.41
721,1377302304,22.42
721,1377302309,22.4
721,1377302314,22.42
721,1377302319,22.41
721,1377302324,22.4
721,1377302329,22.42
721,1377302334,22.4
721,1377302339,22.41
721,1377302344,22.41
721,1377302349,22.41
721,1377302354,22.41
721,1377302359,22.41
721,1377302364,22.41
721,1377302369,22.4
721,1377302374,22.41
721,1377302379,22.42
721,1377302384,22.41
721,1377302389,22.41
721,1377302394,22.41
721,1377302399,22.41
721,1377302404,22.4
721,1377302409,22.42
721,1377302414,22.41
721,1377302419,22.41
721,1377302424,22.4
721,1377302429,22.41
721,1377302434,22.42
721,1377302439,22.4
721,1377302444,22.42
721,1377302449,22.42
721,1377302454,22.41
721,1377302459,22.41
721,1377302464,22.41
721,1377302469,22.41
721,1377302474,22.41
721,1377302479,22.41
721,1377302484,22.41
721,1377302489,22.41
721,1377302494,22.41
721,1377302499,22.41
721,1377302504,22.42
721,1377302509,22.42
721,1377302514,22.42
721,1377302519,22.42
721,1377302524,22.41
721,1377302529,22.4
721,1377302534,22.42
721,1377302539,22.4
721,1377302544,22.42
721,1377302549,22.41
721,1377302554,22.41
721,1377302559,22.41
721,1377302564,22.42
721,1377302569,22.41
721,1377302574,22.42
721,1377302579,22.42
721,1377302584,22.41
721,1377302589,22.41
721,1377302594,22.42
721,1377302599,22.42
721,1377302604,22.42
721,1377302609,22.41
721,1377302614,22.42
721,1377302619,22.42
721,1377302624,22.41
721,1377302629,22.42
721,1377302634,22.41
721,1377302639,22.41
721,1377302644,22.42
721,1377302649,22.41
721,1377302654,22.41
721,1377302659,22.42
721,1377302664,22.41
721,1377302669,22.42
721,1377302674,22.42
721,1377302679,22.42
721,1377302684,22.41
721,1377302689,22.42
721,1377302694,22.41
721,1377302699,22.4
721,1377302704,22.42
721,1377302709,22.42
721,1377302714,22.41
721,1377302719,22.42
721,1377302724,22.42
721,1377302729,22.42
721,1377302734,22.41
721,1377302739,22.42
721,1377302744,22.42
721,1377302749,22.42
721,1377302754,22.41
721,1377302759,22.42
721,1377302764,22.42
721,1377302769,22.42
721,1377302774,22.42
721,1377302779,22.42
721,1377302784,22.42
721,1377302789,22.43
721,1377302794,22.42
721,1377302799,22.42
721,1377302804,22.43
721,1377302809,22.42
721,1377302814,22.42
721,1377302819,22.42
721,1377302824,22.42
721,1377302829,22.42
721,1377302834,22.42
721,1377302839,22.43
721,1377302844,22.42
721,1377302849,22.43
721,1377302854,22.42
721,1377302859,22.42
721,1377302864,22.43
721,1377302869,22.42
721,1377302874,22.42
721,1377302879,22.42
721,1377302884,22.42
721,1377302889,22.42
721,1377302894,22.43
721,1377302899,22.42
721,1377302904,22.42
721,1377302909,22.42
721,1377302914,22.42
721,1377302919,22.42
721,1377302924,22.43
721,1377302929,22.42
721,1377302934,22.42
721,1377302939,22.42
721,1377302944,22.42
721,1377302949,22.42
721,1377302954,22.42
721,1377302959,22.42
721,1377302964,22.42
721,1377302969,22.42
721,1377302974,22.42
721,1377302979,22.42
721,1377302984,22.42
721,1377302989,22.43
721,1377302994,22.43
721,1377302999,22.42
721,1377303004,22.41
721,1377303009,22.43
721,1377303014,22.42
721,1377303019,22.42
721,1377303024,22.43
721,1377303029,22.43
721,1377303034,22.43
721,1377303039,22.42
721,1377303044,22.43
721,1377303049,22.44
721,1377303054,22.42
721,1377303059,22.42
721,1377303064,22.42
721,1377303069,22.42
721,1377303074,22.43
721,1377303079,22.42
721,1377303084,22.44
721,1377303089,22.42
721,1377303094,22.43
721,1377303099,22.42
721,1377303104,22.42
721,1377303109,22.42
721,1377303114,22.43
721,1377303119,22.44
721,1377303124,22.42
721,1377303129,22.42
721,1377303134,22.43
721,1377303139,22.44
721,1377303144,22.43
721,1377303149,22.42
721,1377303154,22.42
721,1377303159,22.43
721,1377303164,22.42
721,1377303169,22.43
721,1377303174,22.43
721,1377303179,22.45
721,1377303184,22.42
721,1377303189,22.42
721,1377303194,22.44
721,1377303199,22.43
721,1377303204,22.44
721,1377303209,22.44
721,1377303214,22.43
721,1377303219,22.43
721,1377303224,22.44
721,1377303229,22.43
721,1377303234,22.42
721,1377303239,22.43
721,1377303244,22.43
721,1377303249,22.43
721,1377303254,22.44
721,1377303259,22.43
721,1377303264,22.43
721,1377303269,22.43
721,1377303274,22.44
721,1377303279,22.44
721,1377303284,22.43
721,1377303289,22.43
721,1377303294,22.42
721,1377303299,22.42
721,1377303304,22.44
721,1377303309,22.43
721,1377303314,22.43
721,1377303319,22.44
721,1377303324,22.44
721,1377303329,22.43
721,1377303334,22.44
721,1377303339,22.43
721,1377303344,22.44
721,1377303349,22.44
721,1377303354,22.44
721,1377303359,22.44
721,1377303364,22.44
721,1377303369,22.44
721,1377303374,22.45
721,1377303379,22.44
721,1377303384,22.44
721,1377303389,22.44
721,1377303394,22.43
721,1377303399,22.45
721,1377303404,22.43
721,1377303409,22.44
721,1377303414,22.44
721,1377303419,22.44
721,1377303424,22.44
721,1377303429,22.44
721,1377303434,22.44
721,1377303439,22.45
721,1377303444,22.44
721,1377303449,22.44
721,1377303454,22.44
721,1377303459,22.44
721,1377303464,22.44
721,1377303469,22.45
721,1377303474,22.45
721,1377303479,22.44
721,1377303484,22.44
721,1377303489,22.44
721,1377303494,22.44
721,1377303499,22.44
721,1377303504,22.44
721,1377303509,22.44
721,1377303514,22.44
721,1377303519,22.44
721,1377303524,22.44
721,1377303529,22.45
721,1377303534,22.45
721,1377303539,22.44
721,1377303544,22.44
721,1377303549,22.45
721,1377303554,22.45
721,1377303559,22.46
721,1377303564,22.45
721,1377303569,22.44
721,1377303574,22.45
721,1377303579,22.45
721,1377303584,22.44
721,1377303589,22.45
721,1377303594,22.45
721,1377303599,22.44
721,1377303604,22.44
721,1377303609,22.46
721,1377303614,22.44
721,1377303619,22.44
721,1377303624,22.46
721,1377303629,22.44
721,1377303634,22.44
721,1377303639,22.45
721,1377303644,22.44
721,1377303649,22.44
721,1377303654,22.45
721,1377303659,22.44
721,1377303664,22.46
721,1377303669,22.44
721,1377303674,22.44
721,1377303679,22.46
721,1377303684,22.46
721,1377303689,22.46
721,1377303694,22.46
721,1377303699,22.45
721,1377303704,22.44
721,1377303709,22.44
721,1377303714,22.45
721,1377303719,22.45
721,1377303724,22.46
721,1377303729,22.46
721,1377303734,22.45
721,1377303739,22.46
721,1377303744,22.45
721,1377303749,22.45
721,1377303754,22.46
721,1377303759,22.45
721,1377303764,22.44
721,1377303769,22.47
721,1377303774,22.45
721,1377303779,22.45
721,1377303784,22.45
721,1377303789,22.46
721,1377303794,22.45
721,1377303799,22.45
721,1377303804,22.45
721,1377303809,22.46
721,1377303814,22.45
721,1377303819,22.45
721,1377303824,22.44
721,1377303829,22.47
721,1377303834,22.46
721,1377303839,22.46
721,1377303844,22.44
721,1377303849,22.46
721,1377303854,22.46
721,1377303859,22.45
721,1377303864,22.46
721,1377303869,22.46
721,1377303874,22.46
721,1377303879,22.45
721,1377303884,22.45
721,1377303889,22.45
721,1377303894,22.46
721,1377303899,22.46
721,1377303904,22.46
721,1377303909,22.45
721,1377303914,22.46
721,1377303919,22.46
721,1377303924,22.45
721,1377303929,22.46
721,1377303934,22.46
721,1377303939,22.45
721,1377303944,22.47
721,1377303949,22.45
721,1377303954,22.46
721,1377303959,22.45
721,1377303964,22.46
721,1377303969,22.46
721,1377303974,22.47
721,1377303979,22.46
721,1377303984,22.46
721,1377303989,22.45
721,1377303994,22.46
721,1377303999,22.47
721,1377304004,22.45
721,1377304009,22.46
721,1377304014,22.46
721,1377304019,22.46
721,1377304024,22.45
721,1377304029,22.46
721,1377304034,22.46
721,1377304039,22.45
721,1377304044,22.46
721,1377304049,22.46
721,1377304054,22.47
721,1377304059,22.46
721,1377304064,22.47
721,1377304069,22.46
721,1377304074,22.46
721,1377304079,22.46
721,1377304084,22.46
721,1377304089,22.46
721,1377304094,22.46
721,1377304099,22.46
721,1377304104,22.47
721,1377304109,22.45
721,1377304114,22.47
721,1377304119,22.46
721,1377304124,22.46
721,1377304129,22.46
721,1377304134,22.45
721,1377304139,22.47
721,1377304144,22.46
721,1377304149,22.47
721,1377304154,22.46
721,1377304159,22.46
721,1377304164,22.46
721,1377304169,22.47
721,1377304174,22.46
721,1377304179,22.46
721,1377304184,22.46
721,1377304189,22.46
721,1377304194,22.46
721,1377304199,22.46
721,1377304204,22.45
721,1377304209,22.46
721,1377304214,22.46
721,1377304219,22.47
721,1377304224,22.46
721,1377304229,22.45
721,1377304234,22.46
721,1377304239,22.45
721,1377304244,22.46
721,1377304249,22.46
721,1377304254,22.45
721,1377304259,22.46
721,1377304264,22.46
721,1377304269,22.44
721,1377304274,22.46
721,1377304279,22.46
721,1377304284,22.46
721,1377304289,22.45
721,1377304294,22.46
721,1377304299,22.46
721,1377304304,22.46
721,1377304309,22.46
721,1377304314,22.46
721,1377304319,22.46
721,1377304324,22.46
721,1377304329,22.46
721,1377304334,22.46
721,1377304339,22.47
721,1377304344,22.46
721,1377304349,22.47
721,1377304354,22.46
721,1377304359,22.47
721,1377304364,22.47
721,1377304369,22.46
721,1377304374,22.47
721,1377304379,22.46
721,1377304384,22.46
721,1377304389,22.47
721,1377304394,22.46
721,1377304399,22.46
721,1377304404,22.46
721,1377304409,22.45
721,1377304414,22.46
721,1377304419,22.45
721,1377304424,22.47
721,1377304429,22.46
721,1377304434,22.47
721,1377304439,22.46
721,1377304444,22.47
721,1377304449,22.47
721,1377304454,22.46
721,1377304459,22.46
721,1377304464,22.48
721,1377304469,22.46
721,1377304474,22.46
721,1377304479,22.46
721,1377304484,22.48
721,1377304489,22.48
721,1377304494,22.48
721,1377304499,22.46
721,1377304504,22.47
721,1377304509,22.48
721,1377304514,22.47
721,1377304519,22.47
721,1377304524,22.48
721,1377304529,22.48
721,1377304534,22.47
721,1377304539,22.47
721,1377304544,22.47
721,1377304549,22.48
721,1377304554,22.46
721,1377304559,22.47
721,1377304564,22.47
721,1377304569,22.47
721,1377304574,22.46
721,1377304579,22.47
721,1377304584,22.47
721,1377304589,22.46
721,1377304594,22.48
721,1377304599,22.47
721,1377304604,22.48
721,1377304609,22.49
721,1377304614,22.48
721,1377304619,22.47
721,1377304624,22.48
721,1377304629,22.47
721,1377304634,22.48
721,1377304639,22.47
721,1377304644,22.47
721,1377304649,22.46
721,1377304654,22.47
721,1377304659,22.46
721,1377304664,22.46
721,1377304669,22.47
721,1377304674,22.47
721,1377304679,22.48
721,1377304684,22.48
721,1377304689,22.47
721,1377304694,22.47
721,1377304699,22.49
721,1377304704,22.47
721,1377304709,22.47
721,1377304714,22.49
721,1377304719,22.49
721,1377304724,22.48
721,1377304729,22.48
721,1377304734,22.47
721,1377304739,22.48
721,1377304744,22.48
721,1377304749,22.48
721,1377304754,22.48
721,1377304759,22.48
721,1377304764,22.48
721,1377304769,22.48
721,1377304774,22.48
721,1377304779,22.48
721,1377304784,22.47
721,1377304789,22.47
721,1377304794,22.47
721,1377304799,22.48
721,1377304804,22.48
721,1377304809,22.47
721,1377304814,22.48
721,1377304819,22.48
721,1377304824,22.48
721,1377304829,22.48
721,1377304834,22.48
721,1377304839,22.48
721,1377304844,22.49
721,1377304849,22.49
721,1377304854,22.48
721,1377304859,22.48
721,1377304864,22.47
721,1377304869,22.48
721,1377304874,22.49
721,1377304879,22.48
721,1377304884,22.48
721,1377304889,22.48
721,1377304894,22.49
721,1377304899,22.49
721,1377304904,22.49
721,1377304909,22.48
721,1377304914,22.47
721,1377304919,22.48
721,1377304924,22.48
721,1377304929,22.48
721,1377304934,22.48
721,1377304939,22.48
721,1377304944,22.49
721,1377304949,22.48
721,1377304954,22.48
721,1377304959,22.48
721,1377304964,22.49
721,1377304969,22.49
721,1377304974,22.48
721,1377304979,22.49
721,1377304984,22.48
721,1377304989,22.48
721,1377304994,22.49
721,1377304999,22.49
721,1377305004,22.48
721,1377305009,22.48
721,1377305014,22.5
721,1377305019,22.49
721,1377305024,22.49
721,1377305029,22.48
721,1377305034,22.49
721,1377305039,22.48
721,1377305044,22.49
721,1377305049,22.49
721,1377305054,22.48
721,1377305059,22.49
721,1377305064,22.49
721,1377305069,22.48
721,1377305074,22.48
721,1377305079,22.49
721,1377305084,22.48
721,1377305089,22.49
721,1377305094,22.48
721,1377305099,22.49
721,1377305104,22.49
721,1377305109,22.49
721,1377305114,22.49
721,1377305119,22.49
721,1377305124,22.49
721,1377305129,22.49
721,1377305134,22.49
721,1377305139,22.49
721,1377305144,22.5
721,1377305149,22.49
721,1377305154,22.49
721,1377305159,22.5
721,1377305164,22.48
721,1377305169,22.5
721,1377305174,22.49
721,1377305179,22.48
721,1377305184,22.49
721,1377305189,22.49
721,1377305194,22.49
721,1377305199,22.5
721,1377305204,22.5
721,1377305209,22.5
721,1377305214,22.5
721,1377305219,22.49
721,1377305224,22.49
721,1377305229,22.5
721,1377305234,22.49
721,1377305239,22.5
721,1377305244,22.5
721,1377305249,22.49
721,1377305254,22.5
721,1377305259,22.5
721,1377305264,22.5
721,1377305269,22.5
721,1377305274,22.5
721,1377305279,22.5
721,1377305284,22.49
721,1377305289,22.5
721,1377305294,22.5
721,1377305299,22.49
721,1377305304,22.5
721,1377305309,22.51
721,1377305314,22.5
721,1377305319,22.5
721,1377305324,22.5
721,1377305329,22.5
721,1377305334,22.51
721,1377305339,22.51
721,1377305344,22.51
721,1377305349,22.51
721,1377305354,22.5
721,1377305359,22.51
721,1377305364,22.51
721,1377305369,22.5
721,1377305374,22.51
721,1377305379,22.49
721,1377305384,22.51
721,1377305389,22.51
721,1377305394,22.51
721,1377305399,22.51
721,1377305404,22.52
721,1377305409,22.52
721,1377305414,22.51
721,1377305419,22.52
721,1377305424,22.52
721,1377305429,22.52
721,1377305434,22.51
721,1377305439,22.5
721,1377305444,22.51
721,1377305449,22.51
721,1377305454,22.51
721,1377305459,22.52
721,1377305464,22.51
721,1377305469,22.51
721,1377305474,22.51
721,1377305479,22.51
721,1377305484,22.51
721,1377305489,22.51
721,1377305494,22.51
721,1377305499,22.5
721,1377305504,22.51
721,1377305509,22.5
721,1377305514,22.51
721,1377305519,22.52
721,1377305524,22.5
721,1377305529,22.52
721,1377305534,22.52
721,1377305539,22.52
721,1377305544,22.51
721,1377305549,22.5
721,1377305554,22.51
721,1377305559,22.51
721,1377305564,22.51
721,1377305569,22.51
721,1377305574,22.53
721,1377305579,22.52
721,1377305584,22.51
721,1377305589,22.52
721,1377305594,22.52
721,1377305599,22.52
721,1377305604,22.52
721,1377305609,22.52
721,1377305614,22.52
721,1377305619,22.52
721,1377305624,22.53
721,1377305629,22.52
721,1377305634,22.52
721,1377305639,22.52
721,1377305644,22.52
721,1377305649,22.53
721,1377305654,22.52
721,1377305659,22.53
721,1377305664,22.53
721,1377305669,22.53
721,1377305674,22.54
721,1377305679,22.52
721,1377305684,22.53
721,1377305689,22.53
721,1377305694,22.53
721,1377305699,22.53
721,1377305704,22.52
721,1377305709,22.54
721,1377305714,22.54
721,1377305719,22.52
721,1377305724,22.52
721,1377305729,22.54
721,1377305734,22.54
721,1377305739,22.54
721,1377305744,22.53
721,1377305749,22.52
721,1377305754,22.54
721,1377305759,22.53
721,1377305764,22.54
721,1377305769,22.53
721,1377305774,22.54
721,1377305779,22.53
721,1377305784,22.52
721,1377305789,22.52
721,1377305794,22.53
721,1377305799,22.52
721,1377305804,22.53
721,1377305809,22.54
721,1377305814,22.54
721,1377305819,22.53
721,1377305824,22.54
721,1377305829,22.53
721,1377305834,22.54
721,1377305839,22.54
721,1377305844,22.52
721,1377305849,22.54
721,1377305854,22.53
721,1377305859,22.53
721,1377305864,22.54
721,1377305869,22.54
721,1377305874,22.55
721,1377305879,22.55
721,1377305884,22.53
721,1377305889,22.54
721,1377305894,22.54
721,1377305899,22.54
721,1377305904,22.54
721,1377305909,22.53
721,1377305914,22.54
721,1377305919,22.54
721,1377305924,22.54
721,1377305929,22.54
721,1377305934,22.54
721,1377305939,22.53
721,1377305944,22.55
721,1377305949,22.54
721,1377305954,22.54
721,1377305959,22.54
721,1377305964,22.54
721,1377305969,22.56
721,1377305974,22.54
721,1377305979,22.55
721,1377305984,22.56
721,1377305989,22.55
721,1377305994,22.56
721,1377305999,22.54
721,1377306004,22.55
721,1377306009,22.55
721,1377306014,22.55
721,1377306019,22.56
721,1377306024,22.56
721,1377306029,22.55
721,1377306034,22.56
721,1377306039,22.56
721,1377306044,22.56
721,1377306049,22.56
721,1377306054,22.56
721,1377306059,22.56
721,1377306064,22.56
721,1377306069,22.56
721,1377306074,22.56
721,1377306079,22.55
721,1377306084,22.55
721,1377306089,22.56
721,1377306094,22.56
721,1377306099,22.56
721,1377306104,22.56
721,1377306109,22.56
721,1377306114,22.55
721,1377306119,22.56
721,1377306124,22.56
721,1377306129,22.56
721,1377306134,22.56
721,1377306139,22.56
721,1377306144,22.56
721,1377306149,22.55
721,1377306154,22.56
721,1377306159,22.56
721,1377306164,22.56
721,1377306169,22.57
721,1377306174,22.56
721,1377306179,22.56
721,1377306184,22.55
721,1377306189,22.56
721,1377306194,22.55
721,1377306199,22.57
721,1377306204,22.58
721,1377306209,22.56
721,1377306214,22.56
721,1377306219,22.57
721,1377306224,22.56
721,1377306229,22.57
721,1377306234,22.57
721,1377306239,22.56
721,1377306244,22.57
721,1377306249,22.56
721,1377306254,22.57
721,1377306259,22.57
721,1377306264,22.58
721,1377306269,22.57
721,1377306274,22.56
721,1377306279,22.57
721,1377306284,22.57
721,1377306289,22.58
721,1377306294,22.57
721,1377306299,22.57
721,1377306304,22.58
721,1377306309,22.57
721,1377306314,22.57
721,1377306319,22.57
721,1377306324,22.57
721,1377306329,22.58
721,1377306334,22.58
721,1377306339,22.58
721,1377306344,22.57
721,1377306349,22.58
721,1377306354,22.57
721,1377306359,22.57
721,1377306364,22.59
721,1377306369,22.58
721,1377306374,22.58
721,1377306379,22.58
721,1377306384,22.58
721,1377306389,22.59
721,1377306394,22.58
721,1377306399,22.59
721,1377306404,22.58
721,1377306409,22.59
721,1377306414,22.6
721,1377306419,22.59
721,1377306424,22.59
721,1377306429,22.59
721,1377306434,22.59
721,1377306439,22.59
721,1377306444,22.59
721,1377306449,22.59
721,1377306454,22.59
721,1377306459,22.59
721,1377306464,22.58
721,1377306469,22.59
721,1377306474,22.6
721,1377306479,22.6
721,1377306484,22.6
721,1377306489,22.6
721,1377306494,22.6
721,1377306499,22.6
721,1377306504,22.6
721,1377306509,22.6
721,1377306514,22.6
721,1377306519,22.61
721,1377306524,22.6
721,1377306529,22.6
721,1377306534,22.6
721,1377306539,22.61
721,1377306544,22.61
721,1377306549,22.6
721,1377306554,22.6
721,1377306559,22.61
721,1377306564,22.61
721,1377306569,22.61
721,1377306574,22.61
721,1377306579,22.61
721,1377306584,22.61
721,1377306589,22.62
721,1377306594,22.6
721,1377306599,22.61
721,1377306604,22.62
721,1377306609,22.61
721,1377306614,22.61
721,1377306619,22.62
721,1377306624,22.62
721,1377306629,22.61
721,1377306634,22.61
721,1377306639,22.62
721,1377306644,22.61
721,1377306649,22.61
721,1377306654,22.62
721,1377306659,22.61
721,1377306664,22.62
721,1377306669,22.61
721,1377306674,22.61
721,1377306679,22.62
721,1377306684,22.63
721,1377306689,22.62
721,1377306694,22.62
721,1377306699,22.62
721,1377306704,22.63
721,1377306709,22.62
721,1377306714,22.62
721,1377306719,22.63
721,1377306724,22.61
721,1377306729,22.62
721,1377306734,22.62
721,1377306739,22.61
721,1377306744,22.62
721,1377306749,22.62
721,1377306754,22.63
721,1377306759,22.63
721,1377306764,22.62
721,1377306769,22.62
721,1377306774,22.62
721,1377306779,22.63
721,1377306784,22.63
721,1377306789,22.64
721,1377306794,22.62
721,1377306799,22.64
721,1377306804,22.63
721,1377306809,22.63
721,1377306814,22.62
721,1377306819,22.64
721,1377306824,22.64
721,1377306829,22.64
721,1377306834,22.63
721,1377306839,22.63
721,1377306844,22.62
721,1377306849,22.63
721,1377306854,22.64
721,1377306859,22.64
721,1377306864,22.64
721,1377306869,22.64
721,1377306874,22.64
721,1377306879,22.64
721,1377306884,22.64
721,1377306889,22.64
721,1377306894,22.63
721,1377306899,22.65
721,1377306904,22.65
721,1377306909,22.65
721,1377306914,22.64
721,1377306919,22.65
721,1377306924,22.64
721,1377306929,22.65
721,1377306934,22.64
721,1377306939,22.66
721,1377306944,22.66
721,1377306949,22.65
721,1377306954,22.65
721,1377306959,22.65
721,1377306964,22.65
721,1377306969,22.64
721,1377306974,22.64
721,1377306979,22.67
721,1377306984,22.66
721,1377306989,22.67
721,1377306994,22.66
721,1377306999,22.66
721,1377307004,22.66
721,1377307009,22.66
721,1377307014,22.66
721,1377307019,22.66
721,1377307024,22.66
721,1377307029,22.67
721,1377307034,22.66
721,1377307039,22.66
721,1377307044,22.67
721,1377307049,22.67
721,1377307054,22.66
721,1377307059,22.66
721,1377307064,22.67
721,1377307069,22.67
721,1377307074,22.68
721,1377307079,22.67
721,1377307084,22.67
721,1377307089,22.68
721,1377307094,22.67
721,1377307099,22.66
721,1377307104,22.66
721,1377307109,22.68
721,1377307114,22.67
721,1377307119,22.66
721,1377307124,22.68
721,1377307129,22.68
721,1377307134,22.67
721,1377307139,22.67
721,1377307144,22.68
721,1377307149,22.68
721,1377307154,22.68
721,1377307159,22.68
721,1377307164,22.67
721,1377307169,22.68
721,1377307174,22.68
721,1377307179,22.68
721,1377307184,22.68
721,1377307189,22.67
721,1377307194,22.68
721,1377307199,22.68
721,1377307204,22.68
721,1377307209,22.69
721,1377307214,22.68
721,1377307219,22.68
721,1377307224,22.68
721,1377307229,22.69
721,1377307234,22.68
721,1377307239,22.69
721,1377307244,22.69
721,1377307249,22.7
721,1377307254,22.68
721,1377307259,22.68
721,1377307264,22.67
721,1377307269,22.68
721,1377307274,22.7
721,1377307279,22.69
721,1377307284,22.69
721,1377307289,22.68
721,1377307294,22.68
721,1377307299,22.68
721,1377307304,22.69
721,1377307309,22.7
721,1377307314,22.69
721,1377307319,22.71
721,1377307324,22.7
721,1377307329,22.69
721,1377307334,22.69
721,1377307339,22.71
721,1377307344,22.7
721,1377307349,22.71
721,1377307354,22.7
721,1377307359,22.69
721,1377307364,22.68
721,1377307369,22.7
721,1377307374,22.7
721,1377307379,22.7
721,1377307384,22.7
721,1377307389,22.7
721,1377307394,22.71
721,1377307399,22.7
721,1377307404,22.7
721,1377307409,22.71
721,1377307414,22.71
721,1377307419,22.7
721,1377307424,22.7
721,1377307429,22.71
721,1377307434,22.71
721,1377307439,22.7
721,1377307444,22.72
721,1377307449,22.7
721,1377307454,22.7
721,1377307459,22.7
721,1377307464,22.72
721,1377307469,22.7
721,1377307474,22.7
721,1377307479,22.71
721,1377307484,22.71
721,1377307489,22.72
721,1377307494,22.71
721,1377307499,22.71
721,1377307504,22.7
721,1377307509,22.72
721,1377307514,22.72
721,1377307519,22.72
721,1377307524,22.71
721,1377307529,22.72
721,1377307534,22.72
721,1377307539,22.72
721,1377307544,22.72
721,1377307549,22.71
721,1377307554,22.72
721,1377307559,22.74
721,1377307564,22.72
721,1377307569,22.72
721,1377307574,22.72
721,1377307579,22.72
721,1377307584,22.72
721,1377307589,22.72
721,1377307594,22.72
721,1377307599,22.73
721,1377307604,22.74
721,1377307609,22.72
721,1377307614,22.72
721,1377307619,22.73
721,1377307624,22.72
721,1377307629,22.73
721,1377307634,22.73
721,1377307639,22.73
721,1377307644,22.73
721,1377307649,22.73
721,1377307654,22.73
721,1377307659,22.74
721,1377307664,22.74
721,1377307669,22.73
721,1377307674,22.74
721,1377307679,22.74
721,1377307684,22.73
721,1377307689,22.74
721,1377307694,22.74
721,1377307699,22.74
721,1377307704,22.74
721,1377307709,22.72
721,1377307714,22.74
721,1377307719,22.74
721,1377307724,22.74
721,1377307729,22.74
721,1377307734,22.74
721,1377307739,22.74
721,1377307744,22.74
721,1377307749,22.74
721,1377307754,22.75
721,1377307759,22.75
721,1377307764,22.74
721,1377307769,22.74
721,1377307774,22.74
721,1377307779,22.75
721,1377307784,22.74
721,1377307789,22.75
721,1377307794,22.76
721,1377307799,22.75
721,1377307804,22.75
721,1377307809,22.74
721,1377307814,22.75
721,1377307819,22.75
721,1377307824,22.75
721,1377307829,22.75
721,1377307834,22.75
721,1377307839,22.75
721,1377307844,22.75
721,1377307849,22.74
721,1377307854,22.75
721,1377307859,22.75
721,1377307864,22.76
721,1377307869,22.75
721,1377307874,22.75
721,1377307879,22.75
721,1377307884,22.75
721,1377307889,22.76
721,1377307894,22.76
721,1377307899,22.76
721,1377307904,22.75
721,1377307909,22.76
721,1377307914,22.77
721,1377307919,22.76
721,1377307924,22.76
721,1377307929,22.76
721,1377307934,22.76
721,1377307939,22.75
721,1377307944,22.76
721,1377307949,22.76
721,1377307954,22.76
721,1377307959,22.77
721,1377307964,22.77
721,1377307969,22.78
721,1377307974,22.77
721,1377307979,22.77
721,1377307984,22.76
721,1377307989,22.77
721,1377307994,22.76
721,1377307999,22.77
721,1377308004,22.78
721,1377308009,22.78
721,1377308014,22.78
721,1377308019,22.77
721,1377308024,22.77
721,1377308029,22.78
721,1377308034,22.77
721,1377308039,22.76
721,1377308044,22.77
721,1377308049,22.78
721,1377308054,22.78
721,1377308059,22.77
721,1377308064,22.77
721,1377308069,22.77
721,1377308074,22.77
721,1377308079,22.78
721,1377308084,22.78
721,1377308089,22.78
721,1377308094,22.78
721,1377308099,22.77
721,1377308104,22.79
721,1377308109,22.79
721,1377308114,22.8
721,1377308119,22.78
721,1377308124,22.79
721,1377308129,22.79
721,1377308134,22.79
721,1377308139,22.78
721,1377308144,22.79
721,1377308149,22.78
721,1377308154,22.79
721,1377308159,22.79
721,1377308164,22.79
721,1377308169,22.78
721,1377308174,22.79
721,1377308179,22.8
721,1377308184,22.8
721,1377308189,22.79
721,1377308194,22.79
721,1377308199,22.81
721,1377308204,22.79
721,1377308209,22.79
721,1377308214,22.8
721,1377308219,22.8
721,1377308224,22.8
721,1377308229,22.79
721,1377308234,22.8
721,1377308239,22.8
721,1377308244,22.8
721,1377308249,22.8
721,1377308254,22.8
721,1377308259,22.81
721,1377308264,22.81
721,1377308269,22.8
721,1377308274,22.81
721,1377308279,22.81
721,1377308284,22.8
721,1377308289,22.81
721,1377308294,22.81
721,1377308299,22.8
721,1377308304,22.81
721,1377308309,22.81
721,1377308314,22.81
721,1377308319,22.81
721,1377308324,22.81
721,1377308329,22.81
721,1377308334,22.81
721,1377308339,22.82
721,1377308344,22.82
721,1377308349,22.82
721,1377308354,22.81
721,1377308359,22.81
721,1377308364,22.83
721,1377308369,22.82
721,1377308374,22.81
721,1377308379,22.82
721,1377308384,22.81
721,1377308389,22.82
721,1377308394,22.81
721,1377308399,22.82
721,1377308404,22.81
721,1377308409,22.81
721,1377308414,22.82
721,1377308419,22.82
721,1377308424,22.82
721,1377308429,22.82
721,1377308434,22.82
721,1377308439,22.82
721,1377308444,22.83
721,1377308449,22.83
721,1377308454,22.82
721,1377308459,22.82
721,1377308464,22.83
721,1377308469,22.84
721,1377308474,22.83
721,1377308479,22.82
721,1377308484,22.84
721,1377308489,22.83
721,1377308494,22.83
721,1377308499,22.84
721,1377308504,22.83
721,1377308509,22.82
721,1377308514,22.84
721,1377308519,22.84
721,1377308524,22.84
721,1377308529,22.84
721,1377308534,22.85
721,1377308539,22.83
721,1377308544,22.84
721,1377308549,22.86
721,1377308554,22.84
721,1377308559,22.85
721,1377308564,22.84
721,1377308569,22.85
721,1377308574,22.84
721,1377308579,22.85
721,1377308584,22.85
721,1377308589,22.85
721,1377308594,22.85
721,1377308599,22.85
721,1377308604,22.84
721,1377308609,22.85
721,1377308614,22.86
721,1377308619,22.86
721,1377308624,22.85
721,1377308629,22.85
721,1377308634,22.86
721,1377308639,22.86
721,1377308644,22.86
721,1377308649,22.86
721,1377308654,22.86
721,1377308659,22.86
721,1377308664,22.86
721,1377308669,22.85
721,1377308674,22.86
721,1377308679,22.86
721,1377308684,22.86
721,1377308689,22.86
721,1377308694,22.86
721,1377308699,22.86
721,1377308704,22.86
721,1377308709,22.86
721,1377308714,22.86
721,1377308719,22.86
721,1377308724,22.86
721,1377308729,22.87
721,1377308734,22.87
721,1377308739,22.87
721,1377308744,22.87
721,1377308749,22.88
721,1377308754,22.87
721,1377308759,22.86
721,1377308764,22.86
721,1377308769,22.86
721,1377308774,22.88
721,1377308779,22.86
721,1377308784,22.87
721,1377308789,22.87
721,1377308794,22.88
721,1377308799,22.87
721,1377308804,22.87
721,1377308809,22.88
721,1377308814,22.87
721,1377308819,22.88
721,1377308824,22.88
721,1377308829,22.89
721,1377308834,22.88
721,1377308839,22.87
721,1377308844,22.87
721,1377308849,22.88
721,1377308854,22.89
721,1377308859,22.87
721,1377308864,22.88
721,1377308869,22.88
721,1377308874,22.88
721,1377308879,22.88
721,1377308884,22.88
721,1377308889,22.9
721,1377308894,22.88
721,1377308899,22.89
721,1377308904,22.88
721,1377308909,22.88
721,1377308914,22.9
721,1377308919,22.89
721,1377308924,22.89
721,1377308929,22.88
721,1377308934,22.89
721,1377308939,22.88
721,1377308944,22.88
721,1377308949,22.9
721,1377308954,22.88
721,1377308959,22.88
721,1377308964,22.9
721,1377308969,22.9
721,1377308974,22.89
721,1377308979,22.89
721,1377308984,22.9
721,1377308989,22.89
721,1377308994,22.9
721,1377308999,22.9
721,1377309004,22.89
721,1377309009,22.9
721,1377309014,22.9
721,1377309019,22.9
721,1377309024,22.9
721,1377309029,22.89
721,1377309034,22.9
721,1377309039,22.89
721,1377309044,22.89
721,1377309049,22.9
721,1377309054,22.9
721,1377309059,22.9
721,1377309064,22.9
721,1377309069,22.9
721,1377309074,22.9
721,1377309079,22.9
721,1377309084,22.89
721,1377309089,22.89
721,1377309094,22.9
721,1377309099,22.9
721,1377309104,22.92
721,1377309109,22.9
721,1377309114,22.9
721,1377309119,22.91
721,1377309124,22.92
721,1377309129,22.91
721,1377309134,22.9
721,1377309139,22.91
721,1377309144,22.91
721,1377309149,22.91
721,1377309154,22.92
721,1377309159,22.92
721,1377309164,22.92
721,1377309169,22.92
721,1377309174,22.91
721,1377309179,22.92
721,1377309184,22.92
721,1377309189,22.92
721,1377309194,22.92
721,1377309199,22.92
721,1377309204,22.91
721,1377309209,22.92
721,1377309214,22.92
721,1377309219,22.92
721,1377309224,22.92
721,1377309229,22.92
721,1377309234,22.93
721,1377309239,22.92
721,1377309244,22.93
721,1377309249,22.92
721,1377309254,22.92
721,1377309259,22.93
721,1377309264,22.92
721,1377309269,22.93
721,1377309274,22.93
721,1377309279,22.92
721,1377309284,22.92
721,1377309289,22.92
721,1377309294,22.94
721,1377309299,22.93
721,1377309305,22.93
721,1377309309,22.93
721,1377309314,22.92
721,1377309319,22.93
721,1377309324,22.93
721,1377309329,22.93
721,1377309334,22.92
721,1377309339,22.93
721,1377309344,22.93
721,1377309349,22.94
721,1377309354,22.94
721,1377309359,22.93
721,1377309364,22.94
721,1377309369,22.94
721,1377309374,22.94
721,1377309379,22.93
721,1377309384,22.94
721,1377309389,22.93
721,1377309394,22.94
721,1377309399,22.95
721,1377309404,22.95
721,1377309409,22.94
721,1377309414,22.94
721,1377309419,22.94
721,1377309424,22.94
721,1377309429,22.94
721,1377309434,22.94
721,1377309439,22.94
721,1377309444,22.94
721,1377309449,22.94
721,1377309454,22.96
721,1377309459,22.95
721,1377309464,22.96
721,1377309469,22.95
721,1377309474,22.95
721,1377309479,22.94
721,1377309484,22.95
721,1377309489,22.96
721,1377309494,22.95
721,1377309499,22.95
721,1377309504,22.96
721,1377309509,22.95
721,1377309514,22.95
721,1377309519,22.95
721,1377309524,22.96
721,1377309529,22.96
721,1377309534,22.96
721,1377309539,22.95
721,1377309544,22.96
721,1377309549,22.97
721,1377309554,22.96
721,1377309559,22.96
721,1377309564,22.96
721,1377309569,22.97
721,1377309574,22.96
721,1377309579,22.96
721,1377309584,22.96
721,1377309589,22.96
721,1377309594,22.96
721,1377309599,22.96
721,1377309604,22.96
721,1377309609,22.96
721,1377309614,22.96
721,1377309619,22.96
721,1377309624,22.96
721,1377309629,22.97
721,1377309634,22.97
721,1377309639,22.96
721,1377309644,22.97
721,1377309649,22.96
721,1377309654,22.98
721,1377309659,22.96
721,1377309664,22.98
721,1377309669,22.97
721,1377309674,22.96
721,1377309679,22.98
721,1377309684,22.97
721,1377309689,22.97
721,1377309694,22.98
721,1377309699,22.97
721,1377309704,22.97
721,1377309709,22.98
721,1377309714,22.97
721,1377309719,22.98
721,1377309724,22.98
721,1377309729,22.98
721,1377309734,22.98
721,1377309739,22.98
721,1377309744,22.98
721,1377309749,22.97
721,1377309754,22.97
721,1377309759,22.99
721,1377309764,22.97
721,1377309769,22.98
721,1377309774,22.98
721,1377309779,22.98
721,1377309784,22.98
721,1377309789,22.98
721,1377309794,22.99
721,1377309799,22.98
721,1377309804,22.98
721,1377309809,22.98
721,1377309814,22.98
721,1377309819,22.98
721,1377309824,22.99
721,1377309829,23.0
721,1377309834,22.99
721,1377309839,23.0
721,1377309844,22.99
721,1377309849,22.99
721,1377309854,23.0
721,1377309859,22.98
721,1377309864,22.99
721,1377309869,22.98
721,1377309874,23.0
721,1377309879,23.0
721,1377309884,22.99
721,1377309889,22.99
721,1377309894,23.0
721,1377309899,23.0
721,1377309904,23.0
721,1377309909,23.0
721,1377309914,23.0
721,1377309919,23.0
721,1377309924,23.0
721,1377309929,23.01
721,1377309934,23.0
721,1377309939,23.0
721,1377309944,23.0
721,1377309949,23.0
721,1377309954,23.0
721,1377309959,23.0
721,1377309964,23.0
721,1377309969,23.0
721,1377309974,23.01
721,1377309979,23.0
721,1377309984,23.01
721,1377309989,23.0
721,1377309994,23.0
721,1377309999,23.0
721,1377310004,23.01
721,1377310009,23.0
721,1377310014,23.0
721,1377310019,23.0
721,1377310024,23.01
721,1377310029,23.01
721,1377310034,23.0
721,1377310039,23.0
721,1377310044,23.01
721,1377310049,23.02
721,1377310054,23.01
721,1377310059,23.01
721,1377310064,23.0
721,1377310069,23.02
721,1377310074,23.01
721,1377310079,23.01
721,1377310084,23.01
721,1377310089,23.01
721,1377310094,23.02
721,1377310099,23.02
721,1377310104,23.01
721,1377310109,23.01
721,1377310114,23.02
721,1377310119,23.01
721,1377310124,23.01
721,1377310129,23.01
721,1377310134,23.02
721,1377310139,23.02
721,1377310144,23.01
721,1377310149,23.02
721,1377310154,23.02
721,1377310159,23.02
721,1377310164,23.01
721,1377310169,23.01
721,1377310174,23.02
721,1377310179,23.01
721,1377310184,23.03
721,1377310189,23.03
721,1377310194,23.01
721,1377310199,23.02
721,1377310204,23.02
721,1377310209,23.02
721,1377310214,23.02
721,1377310219,23.03
721,1377310224,23.02
721,1377310229,23.02
721,1377310234,23.03
721,1377310239,23.02
721,1377310244,23.03
721,1377310249,23.03
721,1377310254,23.02
721,1377310259,23.03
721,1377310264,23.02
721,1377310269,23.02
721,1377310274,23.03
721,1377310279,23.02
721,1377310284,23.02
721,1377310289,23.02
721,1377310294,23.03
721,1377310299,23.03
721,1377310304,23.02
721,1377310309,23.02
721,1377310314,23.03
721,1377310319,23.03
721,1377310324,23.04
721,1377310329,23.03
721,1377310334,23.03
721,1377310339,23.04
721,1377310344,23.04
721,1377310349,23.04
721,1377310354,23.03
721,1377310359,23.05
721,1377310364,23.03
721,1377310369,23.04
721,1377310374,23.04
721,1377310379,23.03
721,1377310384,23.03
721,1377310389,23.03
721,1377310394,23.04
721,1377310399,23.02
721,1377310404,23.03
721,1377310409,23.03
721,1377310414,23.04
721,1377310419,23.03
721,1377310424,23.04
721,1377310429,23.03
721,1377310434,23.05
721,1377310439,23.04
721,1377310444,23.04
721,1377310449,23.03
721,1377310454,23.03
721,1377310459,23.03
721,1377310464,23.03
721,1377310469,23.04
721,1377310474,23.04
721,1377310479,23.04
721,1377310484,23.03
721,1377310489,23.03
721,1377310494,23.04
721,1377310499,23.04
721,1377310504,23.04
721,1377310509,23.05
721,1377310514,23.04
721,1377310519,23.04
721,1377310524,23.03
721,1377310529,23.04
721,1377310534,23.04
721,1377310539,23.04
721,1377310544,23.03
721,1377310549,23.04
721,1377310554,23.03
721,1377310559,23.05
721,1377310564,23.05
721,1377310569,23.04
721,1377310574,23.05
721,1377310579,23.04
721,1377310584,23.04
721,1377310589,23.04
721,1377310594,23.05
721,1377310599,23.05
721,1377310604,23.05
721,1377310609,23.03
721,1377310614,23.04
721,1377310619,23.04
721,1377310624,23.04
721,1377310629,23.05
721,1377310634,23.04
721,1377310639,23.04
721,1377310644,23.05
721,1377310649,23.05
721,1377310654,23.05
721,1377310659,23.05
721,1377310664,23.04
721,1377310669,23.04
721,1377310674,23.05
721,1377310679,23.04
721,1377310684,23.05
721,1377310689,23.05
721,1377310694,23.04
721,1377310699,23.04
721,1377310704,23.04
721,1377310709,23.04
721,1377310714,23.05
721,1377310719,23.05
721,1377310724,23.05
721,1377310729,23.06
721,1377310734,23.05
721,1377310739,23.05
721,1377310744,23.05
721,1377310749,23.05
721,1377310754,23.06
721,1377310759,23.06
721,1377310764,23.05
721,1377310769,23.05
721,1377310774,23.06
721,1377310779,23.05
721,1377310784,23.06
721,1377310789,23.06
721,1377310794,23.05
721,1377310799,23.06
721,1377310804,23.06
721,1377310809,23.05
721,1377310814,23.05
721,1377310819,23.06
721,1377310824,23.06
721,1377310829,23.06
721,1377310834,23.06
721,1377310839,23.05
721,1377310844,23.06
721,1377310849,23.05
721,1377310854,23.04
721,1377310859,23.05
721,1377310864,23.05
721,1377310869,23.06
721,1377310874,23.06
721,1377310879,23.06
721,1377310884,23.05
721,1377310889,23.05
721,1377310894,23.06
721,1377310899,23.05
721,1377310904,23.06
721,1377310909,23.05
721,1377310914,23.06
721,1377310919,23.06
721,1377310924,23.06
721,1377310929,23.06
721,1377310934,23.06
721,1377310939,23.06
721,1377310944,23.06
721,1377310949,23.06
721,1377310954,23.05
721,1377310959,23.06
721,1377310964,23.06
721,1377310969,23.06
721,1377310974,23.06
721,1377310979,23.06
721,1377310984,23.06
721,1377310989,23.06
721,1377310994,23.07
721,1377310999,23.06
721,1377311004,23.06
721,1377311009,23.05
721,1377311014,23.06
721,1377311019,23.06
721,1377311024,23.05
721,1377311029,23.07
721,1377311034,23.06
721,1377311039,23.06
721,1377311044,23.04
721,1377311049,23.06
721,1377311054,23.06
721,1377311059,23.06
721,1377311064,23.06
721,1377311069,23.05
721,1377311074,23.07
721,1377311079,23.06
721,1377311084,23.06
721,1377311089,23.05
721,1377311094,23.05
721,1377311099,23.05
721,1377311104,23.06
721,1377311109,23.06
721,1377311114,23.06
721,1377311119,23.08
721,1377311124,23.05
721,1377311129,23.06
721,1377311134,23.05
721,1377311139,23.06
721,1377311144,23.07
721,1377311149,23.06
721,1377311154,23.06
721,1377311159,23.06
721,1377311164,23.06
721,1377311169,23.07
721,1377311174,23.06
721,1377311179,23.06
721,1377311184,23.06
721,1377311189,23.06
721,1377311194,23.06
721,1377311199,23.06
721,1377311204,23.04
721,1377311209,23.06
721,1377311214,23.05
721,1377311219,23.06
721,1377311224,23.05
721,1377311229,23.07
721,1377311234,23.06
721,1377311239,23.06
721,1377311244,23.06
721,1377311249,23.06
721,1377311254,23.06
721,1377311259,23.07
721,1377311264,23.07
721,1377311269,23.06
721,1377311274,23.07
721,1377311279,23.06
721,1377311284,23.06
721,1377311289,23.07
721,1377311294,23.07
721,1377311299,23.07
721,1377311304,23.07
721,1377311309,23.06
721,1377311314,23.06
721,1377311319,23.06
721,1377311324,23.06
721,1377311329,23.06
721,1377311334,23.04
721,1377311339,23.05
721,1377311344,23.06
721,1377311349,23.05
721,1377311354,23.06
721,1377311359,23.06
721,1377311364,23.07
721,1377311369,23.06
721,1377311374,23.07
721,1377311379,23.07
721,1377311384,23.06
721,1377311389,23.05
721,1377311394,23.06
721,1377311399,23.06
721,1377311404,23.06
721,1377311409,23.06
721,1377311414,23.06
721,1377311419,23.06
721,1377311424,23.06
721,1377311429,23.06
721,1377311434,23.06
721,1377311439,23.06
721,1377311444,23.06
721,1377311449,23.06
721,1377311454,23.07
721,1377311459,23.06
721,1377311464,23.06
721,1377311469,23.05
721,1377311474,23.06
721,1377311479,23.06
721,1377311484,23.06
721,1377311489,23.06
721,1377311494,23.06
721,1377311499,23.06
721,1377311504,23.06
721,1377311509,23.06
721,1377311514,23.06
721,1377311519,23.05
721,1377311524,23.04
721,1377311529,23.06
721,1377311534,23.06
721,1377311539,23.06
721,1377311544,23.04
721,1377311549,23.05
721,1377311554,23.06
721,1377311559,23.06
721,1377311564,23.06
721,1377311569,23.06
721,1377311574,23.07
721,1377311579,23.06
721,1377311584,23.06
721,1377311589,23.06
721,1377311594,23.05
721,1377311599,23.06
721,1377311604,23.05
721,1377311609,23.06
721,1377311614,23.06
721,1377311619,23.06
721,1377311624,23.06
721,1377311629,23.05
721,1377311634,23.06
721,1377311639,23.06
721,1377311644,23.06
721,1377311649,23.05
721,1377311654,23.06
721,1377311659,23.04
721,1377311664,23.05
721,1377311669,23.05
721,1377311674,23.06
721,1377311679,23.05
721,1377311684,23.04
721,1377311689,23.06
721,1377311694,23.05
721,1377311699,23.05
721,1377311704,23.06
721,1377311709,23.06
721,1377311714,23.06
721,1377311719,23.06
721,1377311724,23.06
721,1377311729,23.05
721,1377311734,23.07
721,1377311739,23.05
721,1377311744,23.04
721,1377311749,23.05
721,1377311754,23.04
721,1377311759,23.04
721,1377311764,23.04
721,1377311769,23.04
721,1377311774,23.04
721,1377311779,23.04
721,1377311784,23.04
721,1377311789,23.05
721,1377311794,23.05
721,1377311799,23.05
721,1377311804,23.04
721,1377311809,23.04
721,1377311814,23.05
721,1377311819,23.04
721,1377311824,23.04
721,1377311829,23.06
721,1377311834,23.05
721,1377311839,23.04
721,1377311844,23.05
721,1377311849,23.05
721,1377311854,23.05
721,1377311859,23.05
721,1377311864,23.05
721,1377311869,23.05
721,1377311874,23.05
721,1377311879,23.06
721,1377311884,23.04
721,1377311889,23.05
721,1377311894,23.04
721,1377311899,23.04
721,1377311904,23.04
721,1377311909,23.04
721,1377311914,23.05
721,1377311919,23.05
721,1377311924,23.05
721,1377311929,23.04
721,1377311934,23.04
721,1377311939,23.06
721,1377311944,23.04
721,1377311949,23.06
721,1377311954,23.04
721,1377311959,23.05
721,1377311964,23.04
721,1377311969,23.05
721,1377311974,23.05
721,1377311979,23.05
721,1377311984,23.03
721,1377311989,23.04
721,1377311994,23.03
721,1377311999,23.05
721,1377312004,23.04
721,1377312009,23.04
721,1377312014,23.03
721,1377312019,23.03
721,1377312024,23.03
721,1377312029,23.04
721,1377312034,23.02
721,1377312039,23.03
721,1377312044,23.04
721,1377312049,23.04
721,1377312054,23.04
721,1377312059,23.04
721,1377312064,23.04
721,1377312069,23.04
721,1377312074,23.04
721,1377312079,23.04
721,1377312084,23.04
721,1377312089,23.04
721,1377312094,23.05
721,1377312099,23.04
721,1377312104,23.03
721,1377312109,23.02
721,1377312114,23.02
721,1377312119,23.04
721,1377312124,23.04
721,1377312129,23.03
721,1377312134,23.03
721,1377312139,23.03
721,1377312144,23.04
721,1377312149,23.04
721,1377312154,23.04
721,1377312159,23.04
721,1377312164,23.03
721,1377312169,23.02
721,1377312174,23.04
721,1377312179,23.04
721,1377312184,23.02
721,1377312189,23.03
721,1377312194,23.03
721,1377312199,23.03
721,1377312204,23.02
721,1377312209,23.04
721,1377312214,23.04
721,1377312219,23.04
721,1377312224,23.02
721,1377312229,23.03
721,1377312234,23.02
721,1377312239,23.04
721,1377312244,23.03
721,1377312249,23.04
721,1377312254,23.03
721,1377312259,23.03
721,1377312264,23.02
721,1377312269,23.02
721,1377312274,23.02
721,1377312279,23.03
721,1377312284,23.02
721,1377312289,23.04
721,1377312294,23.02
721,1377312299,23.02
721,1377312304,23.02
721,1377312309,23.02
721,1377312314,23.03
721,1377312319,23.02
721,1377312324,23.02
721,1377312329,23.02
721,1377312334,23.02
721,1377312339,23.02
721,1377312344,23.02
721,1377312349,23.02
721,1377312354,23.02
721,1377312359,23.02
721,1377312364,23.01
721,1377312369,23.01
721,1377312374,23.01
721,1377312379,23.01
721,1377312384,23.02
721,1377312389,23.02
721,1377312394,23.01
721,1377312399,23.02
721,1377312404,23.01
721,1377312409,23.01
721,1377312414,23.01
721,1377312419,23.02
721,1377312424,23.02
721,1377312429,23.02
721,1377312434,23.01
721,1377312439,23.0
721,1377312444,23.01
721,1377312449,23.01
721,1377312454,23.01
721,1377312459,23.0
721,1377312464,23.01
721,1377312469,23.01
721,1377312474,23.0
721,1377312479,23.0
721,1377312484,23.0
721,1377312489,23.01
721,1377312494,23.0
721,1377312499,23.0
721,1377312504,23.0
721,1377312509,23.0
721,1377312514,23.01
721,1377312519,23.0
721,1377312524,23.0
721,1377312529,23.01
721,1377312534,23.0
721,1377312539,23.0
721,1377312544,23.0
721,1377312549,22.99
721,1377312554,23.0
721,1377312559,23.0
721,1377312564,23.0
721,1377312569,22.99
721,1377312574,22.99
721,1377312579,22.99
721,1377312584,22.98
721,1377312589,22.99
721,1377312594,23.0
721,1377312599,22.99
721,1377312604,22.99
721,1377312609,22.99
721,1377312614,22.98
721,1377312619,22.98
721,1377312624,22.99
721,1377312629,22.99
721,1377312634,22.99
721,1377312639,22.99
721,1377312644,22.99
721,1377312649,22.99
721,1377312654,22.98
721,1377312659,22.99
721,1377312664,22.99
721,1377312669,22.98
721,1377312674,22.98
721,1377312679,22.98
721,1377312684,22.98
721,1377312689,22.98
721,1377312694,22.98
721,1377312699,22.98
721,1377312704,22.98
721,1377312709,22.97
721,1377312714,22.99
721,1377312719,22.98
721,1377312724,22.99
721,1377312729,22.98
721,1377312734,22.97
721,1377312739,22.98
721,1377312744,22.98
721,1377312749,22.98
721,1377312754,22.98
721,1377312759,22.98
721,1377312764,22.98
721,1377312769,22.98
721,1377312774,22.98
721,1377312779,22.98
721,1377312784,22.98
721,1377312789,22.98
721,1377312794,22.98
721,1377312799,22.97
721,1377312804,22.98
721,1377312809,22.98
721,1377312814,22.98
721,1377312819,22.98
721,1377312824,22.98
721,1377312829,22.99
721,1377312834,22.97
721,1377312839,22.98
721,1377312844,22.98
721,1377312849,22.97
721,1377312854,22.98
721,1377312859,22.97
721,1377312864,22.98
721,1377312869,22.99
721,1377312874,22.98
721,1377312879,22.98
721,1377312884,22.99
721,1377312889,22.97
721,1377312894,22.98
721,1377312899,22.97
721,1377312904,22.97
721,1377312909,22.97
721,1377312914,22.97
721,1377312919,22.98
721,1377312924,22.96
721,1377312929,22.97
721,1377312934,22.96
721,1377312939,22.96
721,1377312944,22.98
721,1377312949,22.97
721,1377312954,22.97
721,1377312959,22.97
721,1377312964,22.96
721,1377312969,22.98
721,1377312974,22.97
721,1377312979,22.96
721,1377312984,22.97
721,1377312989,22.97
721,1377312994,22.97
721,1377312999,22.96
721,1377313004,22.96
721,1377313009,22.96
721,1377313014,22.97
721,1377313019,22.96
721,1377313024,22.97
721,1377313029,22.97
721,1377313034,22.96
721,1377313039,22.96
721,1377313044,22.96
721,1377313049,22.96
721,1377313054,22.96
721,1377313059,22.95
721,1377313064,22.96
721,1377313069,22.96
721,1377313074,22.96
721,1377313079,22.95
721,1377313084,22.96
721,1377313089,22.96
721,1377313094,22.96
721,1377313099,22.96
721,1377313104,22.96
721,1377313109,22.97
721,1377313114,22.95
721,1377313119,22.95
721,1377313124,22.95
721,1377313129,22.95
721,1377313134,22.95
721,1377313139,22.95
721,1377313144,22.95
721,1377313149,22.96
721,1377313154,22.95
721,1377313159,22.95
721,1377313164,22.95
721,1377313169,22.95
721,1377313174,22.95
721,1377313179,22.96
721,1377313184,22.94
721,1377313189,22.95
721,1377313194,22.95
721,1377313199,22.95
721,1377313204,22.96
721,1377313209,22.96
721,1377313214,22.94
721,1377313219,22.95
721,1377313224,22.94
721,1377313229,22.94
721,1377313234,22.95
721,1377313239,22.95
721,1377313244,22.94
721,1377313249,22.94
721,1377313254,22.94
721,1377313259,22.95
721,1377313264,22.96
721,1377313269,22.94
721,1377313274,22.95
721,1377313279,22.94
721,1377313284,22.94
721,1377313289,22.94
721,1377313294,22.94
721,1377313299,22.95
721,1377313304,22.94
721,1377313309,22.94
721,1377313314,22.94
721,1377313319,22.93
721,1377313324,22.94
721,1377313329,22.93
721,1377313334,22.94
721,1377313339,22.94
721,1377313344,22.94
721,1377313349,22.93
721,1377313354,22.93
721,1377313359,22.94
721,1377313364,22.94
721,1377313369,22.92
721,1377313374,22.94
721,1377313379,22.94
721,1377313384,22.92
721,1377313389,22.94
721,1377313394,22.92
721,1377313399,22.93
721,1377313404,22.94
721,1377313409,22.93
721,1377313414,22.92
721,1377313419,22.93
721,1377313424,22.92
721,1377313429,22.92
721,1377313434,22.92
721,1377313439,22.93
721,1377313444,22.93
721,1377313449,22.93
721,1377313454,22.92
721,1377313459,22.92
721,1377313464,22.93
721,1377313469,22.92
721,1377313474,22.92
721,1377313479,22.92
721,1377313484,22.91
721,1377313489,22.92
721,1377313494,22.92
721,1377313499,22.92
721,1377313504,22.92
721,1377313509,22.92
721,1377313514,22.9
721,1377313519,22.91
721,1377313524,22.93
721,1377313529,22.91
721,1377313534,22.9
721,1377313539,22.91
721,1377313544,22.91
721,1377313549,22.9
721,1377313554,22.9
721,1377313559,22.9
721,1377313564,22.9
721,1377313569,22.9
721,1377313574,22.9
721,1377313579,22.9
721,1377313584,22.9
721,1377313589,22.91
721,1377313594,22.91
721,1377313599,22.9
721,1377313604,22.9
721,1377313609,22.9
721,1377313614,22.9
721,1377313619,22.91
721,1377313624,22.9
721,1377313629,22.9
721,1377313634,22.89
721,1377313639,22.88
721,1377313644,22.89
721,1377313649,22.89
721,1377313654,22.9
721,1377313659,22.89
721,1377313664,22.89
721,1377313669,22.9
721,1377313674,22.88
721,1377313679,22.89
721,1377313684,22.88
721,1377313689,22.89
721,1377313694,22.88
721,1377313699,22.87
721,1377313704,22.88
721,1377313709,22.89
721,1377313714,22.89
721,1377313719,22.9
721,1377313724,22.89
721,1377313729,22.88
721,1377313734,22.89
721,1377313739,22.88
721,1377313744,22.88
721,1377313749,22.88
721,1377313754,22.88
721,1377313759,22.88
721,1377313764,22.88
721,1377313769,22.89
721,1377313774,22.88
721,1377313779,22.86
721,1377313784,22.86
721,1377313789,22.88
721,1377313794,22.87
721,1377313799,22.88
721,1377313804,22.88
721,1377313809,22.87
721,1377313814,22.86
721,1377313819,22.87
721,1377313824,22.88
721,1377313829,22.88
721,1377313834,22.87
721,1377313839,22.87
721,1377313844,22.86
721,1377313849,22.87
721,1377313854,22.87
721,1377313859,22.87
721,1377313864,22.86
721,1377313869,22.86
721,1377313874,22.86
721,1377313879,22.86
721,1377313884,22.86
721,1377313889,22.87
721,1377313894,22.87
721,1377313899,22.86
721,1377313904,22.86
721,1377313909,22.86
721,1377313914,22.84
721,1377313919,22.86
721,1377313924,22.86
721,1377313929,22.86
721,1377313934,22.85
721,1377313939,22.84
721,1377313944,22.86
721,1377313949,22.84
721,1377313954,22.85
721,1377313959,22.86
721,1377313964,22.86
721,1377313969,22.85
721,1377313974,22.85
721,1377313979,22.85
721,1377313984,22.86
721,1377313989,22.86
721,1377313994,22.85
721,1377313999,22.84
721,1377314004,22.84
721,1377314009,22.84
721,1377314014,22.85
721,1377314019,22.85
721,1377314024,22.85
721,1377314028,22.83
721,1377314034,22.86
721,1377314039,22.85
721,1377314044,22.84
721,1377314049,22.84
721,1377314054,22.84
721,1377314059,22.84
721,1377314064,22.84
721,1377314069,22.84
721,1377314074,22.84
721,1377314079,22.83
721,1377314084,22.83
721,1377314089,22.83
721,1377314094,22.84
721,1377314099,22.83
721,1377314104,22.83
721,1377314109,22.83
721,1377314114,22.84
721,1377314119,22.84
721,1377314124,22.82
721,1377314129,22.82
721,1377314134,22.83
721,1377314139,22.83
721,1377314144,22.81
721,1377314149,22.83
721,1377314154,22.82
721,1377314159,22.82
721,1377314164,22.82
721,1377314169,22.82
721,1377314174,22.81
721,1377314179,22.82
721,1377314184,22.81
721,1377314189,22.82
721,1377314194,22.82
721,1377314199,22.82
721,1377314204,22.81
721,1377314209,22.81
721,1377314214,22.81
721,1377314219,22.8
721,1377314224,22.82
721,1377314229,22.82
721,1377314234,22.81
721,1377314239,22.8
721,1377314244,22.8
721,1377314249,22.81
721,1377314254,22.8
721,1377314259,22.81
721,1377314264,22.81
721,1377314269,22.82
721,1377314274,22.8
721,1377314279,22.8
721,1377314284,22.81
721,1377314289,22.8
721,1377314294,22.81
721,1377314299,22.8
721,1377314304,22.81
721,1377314309,22.8
721,1377314314,22.79
721,1377314319,22.8
721,1377314324,22.79
721,1377314329,22.79
721,1377314334,22.79
721,1377314339,22.79
721,1377314344,22.79
721,1377314349,22.79
721,1377314354,22.78
721,1377314359,22.79
721,1377314364,22.79
721,1377314369,22.78
721,1377314374,22.79
721,1377314379,22.78
721,1377314384,22.78
721,1377314389,22.78
721,1377314394,22.78
721,1377314399,22.78
721,1377314404,22.77
721,1377314409,22.78
721,1377314414,22.78
721,1377314419,22.78
721,1377314424,22.77
721,1377314429,22.78
721,1377314434,22.78
721,1377314439,22.78
721,1377314444,22.78
721,1377314449,22.78
721,1377314454,22.78
721,1377314459,22.78
721,1377314464,22.76
721,1377314469,22.76
721,1377314474,22.78
721,1377314479,22.78
721,1377314484,22.76
721,1377314489,22.76
721,1377314494,22.77
721,1377314499,22.76
721,1377314504,22.77
721,1377314509,22.77
721,1377314514,22.76
721,1377314519,22.75
721,1377314524,22.76
721,1377314529,22.77
721,1377314534,22.76
721,1377314539,22.76
721,1377314544,22.75
721,1377314549,22.76
721,1377314554,22.76
721,1377314559,22.74
721,1377314564,22.76
721,1377314569,22.75
721,1377314574,22.75
721,1377314579,22.76
721,1377314584,22.76
721,1377314589,22.76
721,1377314594,22.75
721,1377314599,22.75
721,1377314604,22.75
721,1377314609,22.74
721,1377314614,22.74
721,1377314619,22.74
721,1377314624,22.74
721,1377314629,22.74
721,1377314634,22.74
721,1377314639,22.75
721,1377314644,22.74
721,1377314649,22.74
721,1377314654,22.74
721,1377314659,22.74
721,1377314664,22.75
721,1377314669,22.74
721,1377314674,22.73
721,1377314679,22.74
721,1377314684,22.73
721,1377314689,22.74
721,1377314694,22.74
721,1377314698,22.74
721,1377314704,22.74
721,1377314709,22.73
721,1377314714,22.73
721,1377314719,22.73
721,1377314724,22.72
721,1377314729,22.73
721,1377314734,22.72
721,1377314739,22.73
721,1377314744,22.72
721,1377314749,22.74
721,1377314754,22.72
721,1377314759,22.74
721,1377314764,22.73
721,1377314769,22.73
721,1377314774,22.72
721,1377314779,22.72
721,1377314784,22.72
721,1377314789,22.74
721,1377314794,22.72
721,1377314799,22.73
721,1377314804,22.72
721,1377314809,22.71
721,1377314814,22.72
721,1377314819,22.72
721,1377314824,22.72
721,1377314829,22.72
721,1377314834,22.72
721,1377314839,22.72
721,1377314844,22.72
721,1377314849,22.72
721,1377314854,22.72
721,1377314859,22.72
721,1377314864,22.71
721,1377314869,22.71
721,1377314874,22.72
721,1377314879,22.71
721,1377314884,22.71
721,1377314889,22.72
721,1377314894,22.72
721,1377314899,22.72
721,1377314904,22.72
721,1377314909,22.7
721,1377314914,22.7
721,1377314919,22.7
721,1377314924,22.71
721,1377314929,22.71
721,1377314934,22.71
721,1377314939,22.71
721,1377314944,22.7
721,1377314949,22.7
721,1377314954,22.7
721,1377314959,22.7
721,1377314964,22.7
721,1377314969,22.7
721,1377314974,22.7
721,1377314979,22.71
721,1377314984,22.7
721,1377314989,22.7
721,1377314994,22.7
721,1377314999,22.7
721,1377315004,22.69
721,1377315009,22.69
721,1377315014,22.69
721,1377315019,22.69
721,1377315024,22.69
721,1377315029,22.69
721,1377315034,22.68
721,1377315039,22.69
721,1377315044,22.69
721,1377315049,22.68
721,1377315054,22.68
721,1377315059,22.69
721,1377315064,22.68
721,1377315069,22.68
721,1377315074,22.68
721,1377315079,22.69
721,1377315084,22.69
721,1377315089,22.68
721,1377315094,22.68
721,1377315099,22.68
721,1377315104,22.68
721,1377315109,22.68
721,1377315114,22.68
721,1377315119,22.68
721,1377315124,22.68
721,1377315129,22.67
721,1377315134,22.67
721,1377315139,22.68
721,1377315144,22.66
721,1377315149,22.68
721,1377315154,22.68
721,1377315159,22.68
721,1377315164,22.66
721,1377315169,22.66
721,1377315173,22.67
721,1377315179,22.67
721,1377315184,22.67
721,1377315189,22.66
721,1377315194,22.66
721,1377315199,22.66
721,1377315204,22.66
721,1377315209,22.66
721,1377315214,22.66
721,1377315219,22.66
721,1377315224,22.66
721,1377315229,22.66
721,1377315234,22.66
721,1377315239,22.66
721,1377315244,22.66
721,1377315249,22.66
721,1377315254,22.65
721,1377315259,22.66
721,1377315264,22.66
721,1377315269,22.66
721,1377315274,22.66
721,1377315279,22.65
721,1377315284,22.66
721,1377315289,22.66
721,1377315294,22.65
721,1377315299,22.65
721,1377315304,22.64
721,1377315309,22.65
721,1377315314,22.66
721,1377315319,22.65
721,1377315324,22.64
721,1377315329,22.65
721,1377315334,22.65
721,1377315339,22.64
721,1377315344,22.66
721,1377315348,22.65
721,1377315354,22.65
721,1377315359,22.65
721,1377315364,22.64
721,1377315369,22.64
721,1377315374,22.64
721,1377315379,22.65
721,1377315384,22.64
721,1377315389,22.65
721,1377315394,22.64
721,1377315399,22.64
721,1377315404,22.64
721,1377315409,22.64
721,1377315414,22.65
721,1377315418,22.64
721,1377315423,22.63
721,1377315429,22.64
721,1377315433,22.64
721,1377315438,22.64
721,1377315444,22.63
721,1377315449,22.64
721,1377315454,22.64
721,1377315458,22.63
721,1377315463,22.64
721,1377315469,22.64
721,1377315474,22.64
721,1377315479,22.63
721,1377315484,22.64
721,1377315489,22.63
721,1377315494,22.63
721,1377315499,22.62
721,1377315504,22.63
721,1377315508,22.64
721,1377315514,22.63
721,1377315519,22.64
721,1377315523,22.63
721,1377315528,22.63
721,1377315534,22.63
721,1377315539,22.62
721,1377315544,22.62
721,1377315548,22.62
721,1377315554,22.63
721,1377315559,22.62
721,1377315564,22.62
721,1377315568,22.61
721,1377315573,22.62
721,1377315579,22.62
721,1377315583,22.62
721,1377315588,22.62
721,1377315594,22.62
721,1377315599,22.62
721,1377315604,22.62
721,1377315608,22.62
721,1377315613,22.61
721,1377315618,22.61
721,1377315624,22.62
721,1377315629,22.62
721,1377315633,22.61
721,1377315638,22.6
721,1377315643,22.6
721,1377315649,22.61
721,1377315654,22.62
721,1377315659,22.6
721,1377315664,22.61
721,1377315668,22.6
721,1377315674,22.61
721,1377315679,22.6
721,1377315684,22.6
721,1377315689,22.6
721,1377315693,22.6
721,1377315698,22.6
721,1377315703,22.6
721,1377315709,22.59
721,1377315714,22.6
721,1377315718,22.59
721,1377315723,22.58
721,1377315729,22.58
721,1377315733,22.59
721,1377315739,22.59
721,1377315743,22.58
721,1377315748,22.58
721,1377315753,22.57
721,1377315759,22.58
721,1377315764,22.58
721,1377315768,22.58
721,1377315773,22.58
721,1377315779,22.58
721,1377315784,22.58
721,1377315789,22.57
721,1377315794,22.57
721,1377315798,22.58
721,1377315804,22.56
721,1377315808,22.57
721,1377315813,22.56
721,1377315819,22.56
721,1377315823,22.57
721,1377315828,22.56
721,1377315834,22.56
721,1377315838,22.56
721,1377315844,22.56
721,1377315848,22.56
721,1377315853,22.56
721,1377315858,22.56
721,1377315863,22.55
721,1377315869,22.55
721,1377315873,22.55
721,1377315878,22.56
721,1377315884,22.56
721,1377315888,22.56
721,1377315894,22.54
721,1377315899,22.54
721,1377315903,22.54
721,1377315908,22.54
721,1377315914,22.54
721,1377315919,22.54
721,1377315923,22.54
721,1377315928,22.55
721,1377315933,22.54
721,1377315939,22.54
721,1377315943,22.54
721,1377315949,22.54
721,1377315953,22.54
721,1377315959,22.54
721,1377315963,22.54
721,1377315969,22.54
721,1377315974,22.54
721,1377315979,22.53
721,1377315983,22.53
721,1377315988,22.53
721,1377315993,22.53
721,1377315998,22.53
721,1377316003,22.54
721,1377316008,22.52
721,1377316014,22.53
721,1377316018,22.52
721,1377316023,22.53
721,1377316028,22.52
721,1377316033,22.54
721,1377316038,22.52
721,1377316043,22.52
721,1377316048,22.52
721,1377316053,22.52
721,1377316058,22.52
721,1377316063,22.52
721,1377316068,22.53
721,1377316073,22.51
721,1377316078,22.5
721,1377316083,22.52
721,1377316088,22.52
721,1377316093,22.52
721,1377316099,22.5
721,1377316103,22.52
721,1377316108,22.51
721,1377316114,22.5
721,1377316118,22.51
721,1377316123,22.52
721,1377316128,22.5
721,1377316133,22.51
721,1377316138,22.51
721,1377316143,22.5
721,1377316148,22.51
721,1377316153,22.5
721,1377316158,22.5
721,1377316163,22.5
721,1377316168,22.5
721,1377316173,22.5
721,1377316178,22.5
721,1377316183,22.49
721,1377316188,22.5
721,1377316194,22.49
721,1377316198,22.49
721,1377316203,22.48
721,1377316208,22.48
721,1377316213,22.48
721,1377316218,22.49
721,1377316223,22.48
721,1377316228,22.49
721,1377316233,22.48
721,1377316238,22.49
721,1377316243,22.49
721,1377316248,22.49
721,1377316253,22.48
721,1377316258,22.48
721,1377316263,22.48
721,1377316268,22.48
721,1377316273,22.48
721,1377316278,22.47
721,1377316283,22.48
721,1377316288,22.46
721,1377316293,22.46
721,1377316298,22.47
721,1377316303,22.46
721,1377316308,22.47
721,1377316313,22.47
721,1377316318,22.47
721,1377316323,22.47
721,1377316328,22.46
721,1377316333,22.46
721,1377316338,22.48
721,1377316343,22.48
721,1377316348,22.46
721,1377316353,22.46
721,1377316358,22.45
721,1377316363,22.46
721,1377316368,22.47
721,1377316373,22.46
721,1377316378,22.45
721,1377316383,22.45
721,1377316388,22.45
721,1377316393,22.46
721,1377316398,22.46
721,1377316403,22.46
721,1377316408,22.45
721,1377316413,22.44
721,1377316418,22.45
721,1377316423,22.46
721,1377316428,22.44
721,1377316433,22.44
721,1377316438,22.44
721,1377316443,22.44
721,1377316448,22.44
721,1377316453,22.45
721,1377316458,22.44
721,1377316463,22.44
721,1377316468,22.44
721,1377316473,22.45
721,1377316478,22.44
721,1377316483,22.45
721,1377316488,22.44
721,1377316493,22.44
721,1377316498,22.44
721,1377316503,22.43
721,1377316508,22.43
721,1377316513,22.43
721,1377316518,22.43
721,1377316523,22.44
721,1377316528,22.44
721,1377316533,22.43
721,1377316538,22.43
721,1377316543,22.43
721,1377316548,22.44
721,1377316553,22.43
721,1377316558,22.41
721,1377316563,22.42
721,1377316568,22.43
721,1377316573,22.42
721,1377316578,22.43
721,1377316583,22.42
721,1377316588,22.42
721,1377316593,22.42
721,1377316598,22.42
721,1377316603,22.43
721,1377316608,22.42
721,1377316613,22.42
721,1377316618,22.42
721,1377316623,22.42
721,1377316628,22.41
721,1377316633,22.42
721,1377316638,22.4
721,1377316643,22.4
721,1377316648,22.41
721,1377316653,22.41
721,1377316658,22.4
721,1377316663,22.4
721,1377316668,22.41
721,1377316673,22.4
721,1377316678,22.4
721,1377316683,22.41
721,1377316688,22.4
721,1377316693,22.4
721,1377316698,22.4
721,1377316703,22.4
721,1377316708,22.4
721,1377316713,22.4
721,1377316718,22.39
721,1377316723,22.4
721,1377316728,22.4
721,1377316733,22.39
721,1377316738,22.38
721,1377316743,22.38
721,1377316748,22.38
721,1377316753,22.38
721,1377316758,22.38
721,1377316763,22.36
721,1377316768,22.37
721,1377316773,22.38
721,1377316778,22.38
721,1377316783,22.37
721,1377316788,22.38
721,1377316793,22.37
721,1377316798,22.36
721,1377316803,22.37
721,1377316808,22.37
721,1377316813,22.37
721,1377316818,22.37
721,1377316823,22.37
721,1377316828,22.36
721,1377316833,22.36
721,1377316838,22.36
721,1377316843,22.36
721,1377316848,22.35
721,1377316853,22.34
721,1377316858,22.36
721,1377316863,22.36
721,1377316868,22.36
721,1377316873,22.36
721,1377316878,22.35
721,1377316883,22.36
721,1377316888,22.35
721,1377316893,22.35
721,1377316898,22.35
721,1377316903,22.34
721,1377316908,22.36
721,1377316913,22.35
721,1377316918,22.34
721,1377316923,22.34
721,1377316928,22.34
721,1377316933,22.34
721,1377316938,22.34
721,1377316943,22.34
721,1377316948,22.33
721,1377316953,22.33
721,1377316958,22.32
721,1377316963,22.34
721,1377316968,22.32
721,1377316973,22.32
721,1377316978,22.34
721,1377316983,22.33
721,1377316988,22.32
721,1377316994,22.33
721,1377316998,22.32
721,1377317003,22.33
721,1377317008,22.33
721,1377317013,22.32
721,1377317018,22.32
721,1377317023,22.32
721,1377317028,22.33
721,1377317033,22.32
721,1377317038,22.32
721,1377317043,22.31
721,1377317048,22.33
721,1377317053,22.32
721,1377317058,22.32
721,1377317063,22.31
721,1377317068,22.31
721,1377317073,22.31
721,1377317078,22.31
721,1377317083,22.31
721,1377317088,22.3
721,1377317093,22.3
721,1377317098,22.3
721,1377317103,22.31
721,1377317108,22.29
721,1377317113,22.3
721,1377317118,22.3
721,1377317123,22.29
721,1377317128,22.29
721,1377317133,22.31
721,1377317138,22.3
721,1377317143,22.28
721,1377317148,22.29
721,1377317153,22.3
721,1377317158,22.29
721,1377317163,22.29
721,1377317168,22.29
721,1377317173,22.28
721,1377317178,22.28
721,1377317183,22.28
721,1377317188,22.28
721,1377317193,22.27
721,1377317198,22.27
721,1377317203,22.27
721,1377317208,22.28
721,1377317213,22.26
721,1377317218,22.26
721,1377317223,22.27
721,1377317228,22.27
721,1377317233,22.26
721,1377317238,22.27
721,1377317243,22.27
721,1377317248,22.26
721,1377317253,22.27
721,1377317258,22.26
721,1377317263,22.26
721,1377317268,22.26
721,1377317273,22.25
721,1377317278,22.25
721,1377317283,22.26
721,1377317288,22.26
721,1377317293,22.26
721,1377317298,22.26
721,1377317303,22.26
721,1377317308,22.24
721,1377317313,22.24
721,1377317318,22.24
721,1377317323,22.25
721,1377317328,22.26
721,1377317333,22.24
721,1377317338,22.25
721,1377317343,22.25
721,1377317348,22.24
721,1377317353,22.23
721,1377317358,22.24
721,1377317363,22.25
721,1377317368,22.22
721,1377317373,22.23
721,1377317378,22.24
721,1377317383,22.23
721,1377317388,22.23
721,1377317393,22.23
721,1377317398,22.23
721,1377317403,22.24
721,1377317408,22.25
721,1377317413,22.23
721,1377317418,22.23
721,1377317423,22.22
721,1377317428,22.22
721,1377317433,22.23
721,1377317438,22.22
721,1377317443,22.22
721,1377317448,22.21
721,1377317453,22.22
721,1377317458,22.23
721,1377317463,22.22
721,1377317468,22.21
721,1377317473,22.21
721,1377317478,22.21
721,1377317483,22.21
721,1377317488,22.21
721,1377317493,22.21
721,1377317498,22.2
721,1377317503,22.2
721,1377317508,22.2
721,1377317513,22.22
721,1377317518,22.2
721,1377317523,22.21
721,1377317528,22.2
721,1377317533,22.22
721,1377317538,22.22
721,1377317543,22.2
721,1377317548,22.21
721,1377317553,22.2
721,1377317558,22.2
721,1377317563,22.2
721,1377317568,22.19
721,1377317573,22.2
721,1377317578,22.19
721,1377317583,22.19
721,1377317588,22.19
721,1377317593,22.2
721,1377317598,22.2
721,1377317603,22.2
721,1377317608,22.2
721,1377317613,22.2
721,1377317618,22.18
721,1377317623,22.18
721,1377317628,22.18
721,1377317633,22.18
721,1377317638,22.18
721,1377317643,22.18
721,1377317648,22.19
721,1377317653,22.17
721,1377317658,22.18
721,1377317663,22.17
721,1377317668,22.18
721,1377317673,22.17
721,1377317678,22.18
721,1377317683,22.17
721,1377317688,22.17
721,1377317693,22.17
721,1377317698,22.18
721,1377317703,22.18
721,1377317708,22.16
721,1377317713,22.17
721,1377317718,22.17
721,1377317723,22.16
721,1377317728,22.16
721,1377317733,22.16
721,1377317738,22.16
721,1377317743,22.15
721,1377317748,22.16
721,1377317753,22.16
721,1377317758,22.16
721,1377317763,22.16
721,1377317768,22.16
721,1377317773,22.16
721,1377317778,22.15
721,1377317783,22.15
721,1377317788,22.15
721,1377317793,22.15
721,1377317798,22.15
721,1377317803,22.16
721,1377317808,22.14
721,1377317813,22.16
721,1377317818,22.14
721,1377317823,22.14
721,1377317828,22.14
721,1377317833,22.13
721,1377317838,22.14
721,1377317843,22.14
721,1377317848,22.14
721,1377317853,22.15
721,1377317858,22.14
721,1377317863,22.15
721,1377317868,22.14
721,1377317873,22.14
721,1377317878,22.13
721,1377317883,22.13
721,1377317888,22.14
721,1377317893,22.12
721,1377317898,22.13
721,1377317903,22.14
721,1377317908,22.13
721,1377317913,22.12
721,1377317918,22.12
721,1377317923,22.12
721,1377317928,22.12
721,1377317933,22.13
721,1377317938,22.12
721,1377317943,22.12
721,1377317948,22.11
721,1377317953,22.11
721,1377317958,22.11
721,1377317963,22.12
721,1377317968,22.12
721,1377317973,22.11
721,1377317978,22.11
721,1377317983,22.12
721,1377317988,22.12
721,1377317993,22.1
721,1377317998,22.11
721,1377318003,22.11
721,1377318008,22.11
721,1377318013,22.11
721,1377318018,22.1
721,1377318023,22.11
721,1377318028,22.1
721,1377318033,22.11
721,1377318038,22.1
721,1377318043,22.1
721,1377318048,22.1
721,1377318053,22.1
721,1377318058,22.11
721,1377318063,22.09
721,1377318068,22.1
721,1377318073,22.1
721,1377318078,22.08
721,1377318083,22.09
721,1377318088,22.09
721,1377318093,22.09
721,1377318098,22.1
721,1377318103,22.09
721,1377318108,22.1
721,1377318113,22.09
721,1377318118,22.08
721,1377318123,22.08
721,1377318128,22.08
721,1377318133,22.07
721,1377318138,22.08
721,1377318143,22.08
721,1377318148,22.08
721,1377318153,22.07
721,1377318158,22.08
721,1377318163,22.08
721,1377318168,22.08
721,1377318173,22.08
721,1377318178,22.08
721,1377318183,22.08
721,1377318188,22.06
721,1377318193,22.07
721,1377318198,22.06
721,1377318203,22.06
721,1377318208,22.06
721,1377318213,22.07
721,1377318218,22.06
721,1377318223,22.07
721,1377318228,22.07
721,1377318233,22.07
721,1377318238,22.04
721,1377318243,22.06
721,1377318248,22.06
721,1377318253,22.06
721,1377318258,22.06
721,1377318263,22.06
721,1377318268,22.06
721,1377318273,22.06
721,1377318278,22.06
721,1377318283,22.05
721,1377318288,22.05
721,1377318293,22.05
721,1377318298,22.05
721,1377318303,22.04
721,1377318308,22.04
721,1377318313,22.04
721,1377318318,22.05
721,1377318323,22.04
721,1377318328,22.04
721,1377318333,22.04
721,1377318338,22.04
721,1377318343,22.04
721,1377318348,22.03
721,1377318353,22.04
721,1377318358,22.04
721,1377318363,22.04
721,1377318368,22.03
721,1377318373,22.03
721,1377318378,22.03
721,1377318383,22.04
721,1377318388,22.02
721,1377318393,22.02
721,1377318398,22.02
721,1377318403,22.02
721,1377318408,22.02
721,1377318413,22.03
721,1377318418,22.02
721,1377318423,22.02
721,1377318428,22.02
721,1377318433,22.01
721,1377318438,22.01
721,1377318443,22.01
721,1377318448,22.02
721,1377318453,22.01
721,1377318458,22.0
721,1377318463,22.01
721,1377318468,22.0
721,1377318473,22.0
721,1377318478,22.0
721,1377318483,22.01
721,1377318488,22.01
721,1377318493,22.0
721,1377318498,22.0
721,1377318503,22.0
721,1377318508,22.0
721,1377318513,21.99
721,1377318518,22.0
721,1377318523,22.0
721,1377318528,22.0
721,1377318533,21.99
721,1377318538,21.99
721,1377318543,21.99
721,1377318548,21.99
721,1377318553,21.99
721,1377318558,21.99
721,1377318563,21.98
721,1377318568,21.99
721,1377318573,21.98
721,1377318578,21.99
721,1377318583,21.99
721,1377318588,21.98
721,1377318593,21.98
721,1377318598,21.97
721,1377318603,21.99
721,1377318608,21.98
721,1377318613,21.98
721,1377318618,21.98
721,1377318623,21.97
721,1377318628,21.98
721,1377318633,21.97
721,1377318638,21.97
721,1377318643,21.96
721,1377318648,21.95
721,1377318653,21.95
721,1377318658,21.96
721,1377318663,21.95
721,1377318668,21.96
721,1377318673,21.96
721,1377318678,21.96
721,1377318683,21.95
721,1377318688,21.96
721,1377318693,21.96
721,1377318698,21.95
721,1377318703,21.95
721,1377318708,21.94
721,1377318713,21.95
721,1377318718,21.95
721,1377318723,21.94
721,1377318728,21.94
721,1377318733,21.94
721,1377318738,21.93
721,1377318743,21.94
721,1377318748,21.94
721,1377318753,21.94
721,1377318758,21.94
721,1377318763,21.93
721,1377318768,21.93
721,1377318773,21.94
721,1377318778,21.94
721,1377318783,21.93
721,1377318788,21.92
721,1377318793,21.94
721,1377318798,21.94
721,1377318803,21.92
721,1377318808,21.94
721,1377318813,21.93
721,1377318818,21.92
721,1377318823,21.93
721,1377318828,21.92
721,1377318833,21.92
721,1377318838,21.92
721,1377318843,21.91
721,1377318848,21.91
721,1377318853,21.92
721,1377318858,21.92
721,1377318863,21.91
721,1377318868,21.91
721,1377318873,21.92
721,1377318878,21.91
721,1377318883,21.92
721,1377318888,21.91
721,1377318893,21.91
721,1377318898,21.9
721,1377318903,21.9
721,1377318908,21.91
721,1377318913,21.9
721,1377318918,21.89
721,1377318923,21.9
721,1377318928,21.9
721,1377318933,21.9
721,1377318938,21.9
721,1377318943,21.89
721,1377318948,21.9
721,1377318953,21.89
721,1377318958,21.89
721,1377318963,21.9
721,1377318968,21.88
721,1377318973,21.89
721,1377318978,21.89
721,1377318983,21.89
721,1377318988,21.89
721,1377318993,21.88
721,1377318998,21.89
721,1377319003,21.88
721,1377319008,21.88
721,1377319013,21.88
721,1377319018,21.87
721,1377319023,21.88
721,1377319028,21.88
721,1377319033,21.88
721,1377319038,21.87
721,1377319043,21.86
721,1377319048,21.86
721,1377319053,21.87
721,1377319058,21.88
721,1377319063,21.87
721,1377319068,21.87
721,1377319073,21.86
721,1377319078,21.87
721,1377319083,21.86
721,1377319088,21.86
721,1377319093,21.86
721,1377319098,21.87
721,1377319103,21.85
721,1377319108,21.86
721,1377319113,21.86
721,1377319118,21.85
721,1377319123,21.86
721,1377319128,21.85
721,1377319133,21.85
721,1377319138,21.85
721,1377319143,21.85
721,1377319148,21.86
721,1377319153,21.85
721,1377319158,21.85
721,1377319163,21.84
721,1377319168,21.84
721,1377319173,21.84
721,1377319178,21.85
721,1377319183,21.84
721,1377319188,21.84
721,1377319193,21.84
721,1377319198,21.85
721,1377319203,21.85
721,1377319208,21.83
721,1377319213,21.84
721,1377319218,21.84
721,1377319223,21.84
721,1377319228,21.83
721,1377319233,21.83
721,1377319238,21.83
721,1377319243,21.82
721,1377319248,21.84
721,1377319253,21.82
721,1377319258,21.82
721,1377319263,21.82
721,1377319268,21.83
721,1377319273,21.82
721,1377319278,21.82
721,1377319283,21.83
721,1377319288,21.82
721,1377319293,21.84
721,1377319298,21.82
721,1377319303,21.82
721,1377319308,21.82
721,1377319313,21.82
721,1377319318,21.81
721,1377319323,21.82
721,1377319328,21.82
721,1377319333,21.82
721,1377319338,21.82
721,1377319343,21.82
721,1377319348,21.81
721,1377319353,21.82
721,1377319358,21.81
721,1377319363,21.81
721,1377319368,21.81
721,1377319373,21.81
721,1377319378,21.82
721,1377319383,21.81
721,1377319388,21.81
721,1377319393,21.8
721,1377319398,21.81
721,1377319403,21.81
721,1377319408,21.81
721,1377319413,21.81
721,1377319418,21.81
721,1377319423,21.8
721,1377319428,21.8
721,1377319433,21.8
721,1377319438,21.8
721,1377319443,21.8
721,1377319448,21.79
721,1377319453,21.81
721,1377319458,21.8
721,1377319463,21.81
721,1377319468,21.81
721,1377319473,21.79
721,1377319478,21.8
721,1377319483,21.8
721,1377319488,21.79
721,1377319493,21.8
721,1377319498,21.8
721,1377319503,21.8
721,1377319508,21.79
721,1377319513,21.79
721,1377319518,21.78
721,1377319523,21.78
721,1377319528,21.79
721,1377319533,21.78
721,1377319538,21.78
721,1377319543,21.79
721,1377319548,21.78
721,1377319553,21.79
721,1377319558,21.79
721,1377319563,21.79
721,1377319568,21.78
721,1377319573,21.78
721,1377319578,21.77
721,1377319583,21.77
721,1377319588,21.79
721,1377319593,21.78
721,1377319598,21.78
721,1377319603,21.78
721,1377319608,21.78
721,1377319613,21.77
721,1377319618,21.77
721,1377319623,21.77
721,1377319628,21.78
721,1377319633,21.77
721,1377319638,21.76
721,1377319643,21.76
721,1377319648,21.76
721,1377319653,21.77
721,1377319658,21.76
721,1377319663,21.76
721,1377319668,21.75
721,1377319673,21.76
721,1377319678,21.76
721,1377319683,21.75
721,1377319688,21.75
721,1377319693,21.76
721,1377319698,21.76
721,1377319703,21.76
721,1377319708,21.76
721,1377319713,21.75
721,1377319718,21.74
721,1377319723,21.76
721,1377319728,21.75
721,1377319733,21.75
721,1377319738,21.74
721,1377319743,21.75
721,1377319748,21.75
721,1377319753,21.76
721,1377319758,21.74
721,1377319763,21.74
721,1377319768,21.74
721,1377319773,21.73
721,1377319778,21.73
721,1377319783,21.74
721,1377319788,21.74
721,1377319793,21.74
721,1377319798,21.74
721,1377319803,21.73
721,1377319808,21.73
721,1377319813,21.74
721,1377319818,21.74
721,1377319823,21.73
721,1377319828,21.73
721,1377319833,21.73
721,1377319838,21.74
721,1377319843,21.72
721,1377319848,21.73
721,1377319853,21.74
721,1377319858,21.73
721,1377319863,21.72
721,1377319868,21.72
721,1377319873,21.72
721,1377319878,21.72
721,1377319883,21.73
721,1377319888,21.74
721,1377319893,21.73
721,1377319898,21.72
721,1377319903,21.73
721,1377319908,21.73
721,1377319913,21.74
721,1377319918,21.72
721,1377319923,21.72
721,1377319928,21.72
721,1377319933,21.71
721,1377319938,21.72
721,1377319943,21.72
721,1377319948,21.72
721,1377319953,21.71
721,1377319958,21.73
721,1377319963,21.71
721,1377319968,21.7
721,1377319973,21.71
721,1377319978,21.72
721,1377319983,21.69
721,1377319988,21.7
721,1377319993,21.71
721,1377319998,21.71
721,1377320003,21.7
721,1377320008,21.7
721,1377320013,21.7
721,1377320018,21.7
721,1377320023,21.7
721,1377320028,21.7
721,1377320033,21.71
721,1377320038,21.7
721,1377320043,21.71
721,1377320048,21.7
721,1377320053,21.7
721,1377320058,21.7
721,1377320063,21.69
721,1377320068,21.69
721,1377320073,21.69
721,1377320078,21.71
721,1377320083,21.7
721,1377320088,21.7
721,1377320093,21.69
721,1377320098,21.69
721,1377320103,21.69
721,1377320108,21.68
721,1377320113,21.69
721,1377320118,21.69
721,1377320123,21.68
721,1377320128,21.69
721,1377320133,21.69
721,1377320138,21.7
721,1377320143,21.69
721,1377320148,21.68
721,1377320153,21.69
721,1377320158,21.68
721,1377320163,21.67
721,1377320168,21.68
721,1377320173,21.68
721,1377320178,21.69
721,1377320183,21.68
721,1377320188,21.67
721,1377320193,21.67
721,1377320198,21.68
721,1377320203,21.68
721,1377320208,21.68
721,1377320213,21.68
721,1377320218,21.68
721,1377320223,21.67
721,1377320228,21.66
721,1377320233,21.66
721,1377320238,21.66
721,1377320243,21.66
721,1377320248,21.67
721,1377320253,21.66
721,1377320258,21.66
721,1377320263,21.66
721,1377320268,21.66
721,1377320273,21.65
721,1377320278,21.66
721,1377320283,21.66
721,1377320288,21.66
721,1377320293,21.66
721,1377320298,21.66
721,1377320303,21.66
721,1377320308,21.65
721,1377320313,21.66
721,1377320318,21.65
721,1377320323,21.66
721,1377320328,21.65
721,1377320333,21.65
721,1377320338,21.65
721,1377320343,21.65
721,1377320348,21.65
721,1377320353,21.64
721,1377320358,21.64
721,1377320363,21.65
721,1377320368,21.65
721,1377320373,21.65
721,1377320378,21.65
721,1377320383,21.65
721,1377320388,21.65
721,1377320393,21.66
721,1377320398,21.66
721,1377320403,21.64
721,1377320408,21.64
721,1377320413,21.65
721,1377320418,21.65
721,1377320423,21.65
721,1377320428,21.64
721,1377320433,21.64
721,1377320438,21.65
721,1377320443,21.65
721,1377320448,21.64
721,1377320453,21.64
721,1377320458,21.64
721,1377320463,21.64
721,1377320468,21.63
721,1377320473,21.64
721,1377320478,21.64
721,1377320483,21.64
721,1377320488,21.62
721,1377320493,21.65
721,1377320498,21.62
721,1377320503,21.64
721,1377320508,21.64
721,1377320513,21.64
721,1377320518,21.63
721,1377320523,21.63
721,1377320528,21.64
721,1377320533,21.63
721,1377320538,21.63
721,1377320543,21.63
721,1377320548,21.63
721,1377320553,21.62
721,1377320558,21.62
721,1377320563,21.62
721,1377320568,21.62
721,1377320573,21.62
721,1377320578,21.62
721,1377320583,21.62
721,1377320588,21.62
721,1377320593,21.62
721,1377320598,21.62
721,1377320603,21.62
721,1377320608,21.61
721,1377320613,21.62
721,1377320618,21.62
721,1377320623,21.61
721,1377320628,21.62
721,1377320633,21.61
721,1377320638,21.61
721,1377320643,21.61
721,1377320648,21.6
721,1377320653,21.6
721,1377320658,21.6
721,1377320663,21.6
721,1377320668,21.6
721,1377320673,21.6
721,1377320678,21.6
721,1377320683,21.61
721,1377320688,21.6
721,1377320693,21.59
721,1377320698,21.59
721,1377320703,21.58
721,1377320708,21.58
721,1377320713,21.59
721,1377320718,21.6
721,1377320723,21.58
721,1377320728,21.59
721,1377320733,21.58
721,1377320738,21.6
721,1377320743,21.59
721,1377320748,21.58
721,1377320753,21.58
721,1377320758,21.58
721,1377320763,21.58
721,1377320768,21.58
721,1377320773,21.58
721,1377320778,21.58
721,1377320783,21.58
721,1377320788,21.57
721,1377320793,21.57
721,1377320798,21.58
721,1377320803,21.58
721,1377320808,21.57
721,1377320813,21.59
721,1377320818,21.58
721,1377320823,21.56
721,1377320828,21.57
721,1377320833,21.58
721,1377320838,21.57
721,1377320843,21.58
721,1377320848,21.57
721,1377320853,21.58
721,1377320858,21.57
721,1377320863,21.57
721,1377320868,21.57
721,1377320873,21.57
721,1377320878,21.58
721,1377320883,21.57
721,1377320888,21.57
721,1377320893,21.56
721,1377320898,21.56
721,1377320903,21.57
721,1377320908,21.55
721,1377320913,21.56
721,1377320918,21.56
721,1377320923,21.56
721,1377320928,21.56
721,1377320933,21.56
721,1377320938,21.55
721,1377320943,21.54
721,1377320948,21.55
721,1377320953,21.56
721,1377320958,21.55
721,1377320963,21.54
721,1377320968,21.55
721,1377320973,21.55
721,1377320978,21.55
721,1377320983,21.55
721,1377320988,21.55
721,1377320993,21.56
721,1377320998,21.55
721,1377321003,21.56
721,1377321008,21.55
721,1377321013,21.53
721,1377321018,21.54
721,1377321023,21.54
721,1377321028,21.55
721,1377321033,21.55
721,1377321038,21.54
721,1377321043,21.53
721,1377321048,21.54
721,1377321053,21.52
721,1377321058,21.54
721,1377321063,21.53
721,1377321068,21.53
721,1377321073,21.53
721,1377321078,21.54
721,1377321083,21.52
721,1377321088,21.53
721,1377321093,21.53
721,1377321098,21.53
721,1377321103,21.53
721,1377321108,21.53
721,1377321113,21.53
721,1377321118,21.52
721,1377321123,21.52
721,1377321128,21.53
721,1377321133,21.52
721,1377321138,21.54
721,1377321143,21.52
721,1377321148,21.52
721,1377321153,21.53
721,1377321158,21.52
721,1377321163,21.52
721,1377321168,21.52
721,1377321173,21.53
721,1377321178,21.52
721,1377321183,21.52
721,1377321188,21.52
721,1377321193,21.52
721,1377321198,21.52
721,1377321203,21.52
721,1377321208,21.52
721,1377321213,21.52
721,1377321218,21.52
721,1377321223,21.51
721,1377321228,21.52
721,1377321233,21.51
721,1377321238,21.51
721,1377321243,21.52
721,1377321248,21.51
721,1377321253,21.52
721,1377321258,21.51
721,1377321263,21.5
721,1377321268,21.5
721,1377321273,21.51
721,1377321278,21.51
721,1377321283,21.5
721,1377321288,21.5
721,1377321293,21.5
721,1377321298,21.5
721,1377321303,21.51
721,1377321308,21.5
721,1377321313,21.49
721,1377321318,21.5
721,1377321323,21.48
721,1377321328,21.5
721,1377321333,21.48
721,1377321338,21.5
721,1377321343,21.48
721,1377321348,21.49
721,1377321353,21.48
721,1377321358,21.49
721,1377321363,21.49
721,1377321368,21.49
721,1377321373,21.48
721,1377321378,21.49
721,1377321383,21.49
721,1377321388,21.49
721,1377321393,21.49
721,1377321398,21.5
721,1377321403,21.48
721,1377321408,21.48
721,1377321413,21.5
721,1377321418,21.49
721,1377321423,21.49
721,1377321428,21.5
721,1377321433,21.5
721,1377321438,21.48
721,1377321443,21.48
721,1377321448,21.48
721,1377321453,21.48
721,1377321458,21.49
721,1377321463,21.49
721,1377321468,21.47
721,1377321473,21.48
721,1377321478,21.48
721,1377321483,21.48
721,1377321488,21.48
721,1377321493,21.48
721,1377321498,21.46
721,1377321503,21.47
721,1377321508,21.47
721,1377321513,21.47
721,1377321518,21.47
721,1377321523,21.47
721,1377321528,21.46
721,1377321533,21.47
721,1377321538,21.48
721,1377321543,21.47
721,1377321548,21.46
721,1377321553,21.46
721,1377321558,21.46
721,1377321563,21.47
721,1377321568,21.46
721,1377321573,21.46
721,1377321578,21.46
721,1377321583,21.45
721,1377321588,21.45
721,1377321593,21.46
721,1377321598,21.45
721,1377321603,21.45
721,1377321608,21.45
721,1377321613,21.44
721,1377321618,21.45
721,1377321623,21.44
721,1377321628,21.45
721,1377321633,21.44
721,1377321638,21.45
721,1377321643,21.44
721,1377321648,21.46
721,1377321653,21.46
721,1377321658,21.45
721,1377321663,21.45
721,1377321668,21.45
721,1377321673,21.44
721,1377321678,21.45
721,1377321683,21.44
721,1377321688,21.45
721,1377321693,21.44
721,1377321698,21.44
721,1377321703,21.45
721,1377321708,21.44
721,1377321713,21.44
721,1377321718,21.44
721,1377321723,21.44
721,1377321728,21.44
721,1377321733,21.44
721,1377321738,21.44
721,1377321743,21.44
721,1377321748,21.44
721,1377321753,21.44
721,1377321758,21.44
721,1377321763,21.43
721,1377321768,21.43
721,1377321773,21.42
721,1377321778,21.44
721,1377321783,21.44
721,1377321788,21.44
721,1377321793,21.44
721,1377321798,21.43
721,1377321803,21.42
721,1377321808,21.44
721,1377321813,21.42
721,1377321818,21.43
721,1377321823,21.42
721,1377321828,21.42
721,1377321833,21.43
721,1377321838,21.42
721,1377321843,21.43
721,1377321848,21.42
721,1377321853,21.44
721,1377321858,21.44
721,1377321863,21.42
721,1377321868,21.43
721,1377321873,21.42
721,1377321878,21.42
721,1377321883,21.42
721,1377321888,21.41
721,1377321893,21.42
721,1377321898,21.42
721,1377321903,21.4
721,1377321908,21.41
721,1377321913,21.41
721,1377321918,21.42
721,1377321923,21.4
721,1377321928,21.41
721,1377321933,21.41
721,1377321938,21.41
721,1377321943,21.41
721,1377321948,21.4
721,1377321953,21.41
721,1377321958,21.41
721,1377321963,21.41
721,1377321968,21.41
721,1377321973,21.4
721,1377321978,21.4
721,1377321983,21.4
721,1377321988,21.4
721,1377321993,21.4
721,1377321998,21.4
721,1377322003,21.4
721,1377322008,21.4
721,1377322013,21.4
721,1377322018,21.42
721,1377322023,21.41
721,1377322028,21.4
721,1377322033,21.4
721,1377322038,21.4
721,1377322043,21.4
721,1377322048,21.4
721,1377322053,21.4
721,1377322058,21.39
721,1377322063,21.4
721,1377322068,21.4
721,1377322073,21.4
721,1377322078,21.39
721,1377322083,21.4
721,1377322088,21.4
721,1377322093,21.4
721,1377322098,21.39
721,1377322103,21.4
721,1377322108,21.39
721,1377322113,21.4
721,1377322118,21.41
721,1377322123,21.38
721,1377322128,21.39
721,1377322133,21.39
721,1377322138,21.39
721,1377322143,21.39
721,1377322148,21.38
721,1377322153,21.4
721,1377322158,21.38
721,1377322163,21.39
721,1377322168,21.38
721,1377322173,21.38
721,1377322178,21.39
721,1377322183,21.38
721,1377322188,21.39
721,1377322193,21.38
721,1377322198,21.39
721,1377322203,21.38
721,1377322208,21.38
721,1377322213,21.38
721,1377322218,21.38
721,1377322223,21.38
721,1377322228,21.37
721,1377322233,21.39
721,1377322238,21.38
721,1377322243,21.38
721,1377322248,21.37
721,1377322253,21.35
721,1377322258,21.37
721,1377322263,21.37
721,1377322268,21.37
721,1377322273,21.36
721,1377322278,21.37
721,1377322283,21.36
721,1377322288,21.36
721,1377322293,21.36
721,1377322298,21.36
721,1377322303,21.36
721,1377322308,21.36
721,1377322313,21.36
721,1377322318,21.36
721,1377322323,21.36
721,1377322328,21.36
721,1377322333,21.36
721,1377322338,21.36
721,1377322343,21.37
721,1377322348,21.36
721,1377322353,21.36
721,1377322358,21.36
721,1377322363,21.34
721,1377322368,21.35
721,1377322373,21.35
721,1377322378,21.35
721,1377322383,21.34
721,1377322388,21.35
721,1377322393,21.35
721,1377322398,21.35
721,1377322403,21.35
721,1377322408,21.34
721,1377322413,21.34
721,1377322418,21.34
721,1377322423,21.35
721,1377322428,21.34
721,1377322433,21.34
721,1377322438,21.35
721,1377322443,21.34
721,1377322448,21.34
721,1377322453,21.34
721,1377322458,21.33
721,1377322463,21.33
721,1377322468,21.34
721,1377322473,21.34
721,1377322478,21.33
721,1377322483,21.34
721,1377322488,21.33
721,1377322493,21.33
721,1377322498,21.33
721,1377322503,21.33
721,1377322508,21.34
721,1377322513,21.33
721,1377322518,21.33
721,1377322523,21.33
721,1377322528,21.33
721,1377322533,21.33
721,1377322538,21.32
721,1377322543,21.33
721,1377322548,21.33
721,1377322553,21.33
721,1377322558,21.33
721,1377322563,21.32
721,1377322568,21.33
721,1377322573,21.32
721,1377322578,21.33
721,1377322583,21.33
721,1377322588,21.33
721,1377322593,21.33
721,1377322598,21.32
721,1377322603,21.32
721,1377322608,21.33
721,1377322613,21.32
721,1377322618,21.32
721,1377322623,21.32
721,1377322628,21.32
721,1377322633,21.32
721,1377322638,21.32
721,1377322643,21.32
721,1377322648,21.32
721,1377322653,21.32
721,1377322658,21.32
721,1377322663,21.32
721,1377322668,21.32
721,1377322673,21.32
721,1377322678,21.31
721,1377322683,21.3
721,1377322688,21.31
721,1377322693,21.31
721,1377322698,21.31
721,1377322703,21.31
721,1377322708,21.31
721,1377322713,21.32
721,1377322718,21.31
721,1377322723,21.31
721,1377322728,21.31
721,1377322733,21.31
721,1377322738,21.31
721,1377322743,21.32
721,1377322748,21.3
721,1377322753,21.3
721,1377322758,21.3
721,1377322763,21.31
721,1377322768,21.3
721,1377322773,21.3
721,1377322778,21.3
721,1377322783,21.3
721,1377322788,21.3
721,1377322793,21.28
721,1377322798,21.3
721,1377322803,21.3
721,1377322808,21.3
721,1377322813,21.3
721,1377322818,21.29
721,1377322823,21.3
721,1377322828,21.3
721,1377322833,21.3
721,1377322838,21.29
721,1377322843,21.3
721,1377322848,21.3
721,1377322853,21.3
721,1377322858,21.3
721,1377322863,21.29
721,1377322868,21.3
721,1377322873,21.28
721,1377322878,21.29
721,1377322883,21.29
721,1377322888,21.29
721,1377322893,21.29
721,1377322898,21.3
721,1377322903,21.28
721,1377322908,21.28
721,1377322913,21.3
721,1377322918,21.29
721,1377322923,21.29
721,1377322928,21.28
721,1377322933,21.28
721,1377322938,21.28
721,1377322943,21.28
721,1377322948,21.28
721,1377322953,21.28
721,1377322958,21.28
721,1377322963,21.28
721,1377322968,21.28
721,1377322973,21.28
721,1377322978,21.28
721,1377322983,21.29
721,1377322988,21.28
721,1377322993,21.27
721,1377322998,21.28
721,1377323003,21.29
721,1377323008,21.28
721,1377323013,21.28
721,1377323018,21.28
721,1377323023,21.27
721,1377323028,21.28
721,1377323033,21.27
721,1377323038,21.27
721,1377323043,21.28
721,1377323048,21.28
721,1377323053,21.28
721,1377323058,21.28
721,1377323063,21.28
721,1377323068,21.27
721,1377323073,21.26
721,1377323078,21.27
721,1377323083,21.26
721,1377323088,21.28
721,1377323093,21.26
721,1377323098,21.27
721,1377323103,21.26
721,1377323108,21.27
721,1377323113,21.26
721,1377323118,21.26
721,1377323123,21.26
721,1377323128,21.26
721,1377323133,21.26
721,1377323138,21.26
721,1377323143,21.25
721,1377323148,21.25
721,1377323153,21.26
721,1377323158,21.25
721,1377323163,21.25
721,1377323168,21.25
721,1377323173,21.25
721,1377323178,21.25
721,1377323183,21.26
721,1377323188,21.26
721,1377323193,21.26
721,1377323198,21.25
721,1377323203,21.26
721,1377323208,21.26
721,1377323213,21.24
721,1377323218,21.26
721,1377323223,21.24
721,1377323228,21.25
721,1377323233,21.25
721,1377323238,21.25
721,1377323243,21.25
721,1377323248,21.25
721,1377323253,21.25
721,1377323258,21.25
721,1377323263,21.24
721,1377323268,21.25
721,1377323273,21.24
721,1377323278,21.26
721,1377323283,21.24
721,1377323288,21.24
721,1377323293,21.24
721,1377323298,21.25
721,1377323303,21.24
721,1377323308,21.24
721,1377323313,21.24
721,1377323318,21.25
721,1377323323,21.24
721,1377323328,21.25
721,1377323333,21.24
721,1377323338,21.23
721,1377323343,21.23
721,1377323348,21.23
721,1377323353,21.23
721,1377323358,21.23
721,1377323363,21.22
721,1377323368,21.22
721,1377323373,21.22
721,1377323378,21.22
721,1377323383,21.23
721,1377323388,21.23
721,1377323393,21.22
721,1377323398,21.23
721,1377323403,21.23
721,1377323408,21.23
721,1377323413,21.22
721,1377323418,21.22
721,1377323423,21.22
721,1377323428,21.22
721,1377323433,21.22
721,1377323438,21.22
721,1377323443,21.22
721,1377323448,21.23
721,1377323453,21.22
721,1377323458,21.23
721,1377323463,21.22
721,1377323468,21.21
721,1377323473,21.22
721,1377323478,21.22
721,1377323483,21.21
721,1377323488,21.22
721,1377323493,21.22
721,1377323498,21.22
721,1377323503,21.22
721,1377323508,21.22
721,1377323513,21.22
721,1377323518,21.22
721,1377323523,21.22
721,1377323528,21.2
721,1377323533,21.21
721,1377323538,21.21
721,1377323543,21.22
721,1377323548,21.23
721,1377323553,21.21
721,1377323558,21.21
721,1377323563,21.21
721,1377323568,21.2
721,1377323573,21.21
721,1377323578,21.21
721,1377323583,21.21
721,1377323588,21.22
721,1377323593,21.2
721,1377323598,21.22
721,1377323603,21.2
721,1377323608,21.22
721,1377323613,21.21
721,1377323618,21.22
721,1377323623,21.21
721,1377323628,21.21
721,1377323633,21.2
721,1377323638,21.21
721,1377323643,21.21
721,1377323648,21.21
721,1377323653,21.21
721,1377323658,21.2
721,1377323663,21.2
721,1377323668,21.2
721,1377323673,21.21
721,1377323678,21.21
721,1377323683,21.2
721,1377323688,21.21
721,1377323693,21.2
721,1377323698,21.21
721,1377323703,21.21
721,1377323708,21.2
721,1377323713,21.19
721,1377323718,21.2
721,1377323723,21.2
721,1377323728,21.19
721,1377323733,21.19
721,1377323738,21.19
721,1377323743,21.2
721,1377323748,21.2
721,1377323753,21.2
721,1377323758,21.2
721,1377323763,21.2
721,1377323768,21.2
721,1377323773,21.19
721,1377323778,21.18
721,1377323783,21.19
721,1377323788,21.18
721,1377323793,21.2
721,1377323798,21.2
721,1377323803,21.19
721,1377323808,21.19
721,1377323813,21.19
721,1377323818,21.19
721,1377323823,21.2
721,1377323828,21.18
721,1377323833,21.19
721,1377323838,21.19
721,1377323843,21.18
721,1377323848,21.2
721,1377323853,21.19
721,1377323858,21.18
721,1377323863,21.19
721,1377323868,21.18
721,1377323873,21.19
721,1377323878,21.19
721,1377323883,21.18
721,1377323888,21.18
721,1377323893,21.18
721,1377323898,21.18
721,1377323903,21.2
721,1377323908,21.19
721,1377323913,21.19
721,1377323918,21.18
721,1377323923,21.19
721,1377323928,21.18
721,1377323933,21.16
721,1377323938,21.18
721,1377323943,21.18
721,1377323948,21.19
721,1377323953,21.18
721,1377323958,21.18
721,1377323963,21.18
721,1377323968,21.17
721,1377323973,21.18
721,1377323978,21.18
721,1377323983,21.19
721,1377323988,21.19
721,1377323993,21.18
721,1377323998,21.19
721,1377324003,21.19
721,1377324008,21.17
721,1377324013,21.18
721,1377324018,21.18
721,1377324023,21.18
721,1377324028,21.18
721,1377324033,21.18
721,1377324038,21.16
721,1377324043,21.18
721,1377324048,21.18
721,1377324053,21.16
721,1377324058,21.18
721,1377324063,21.18
721,1377324068,21.16
721,1377324073,21.16
721,1377324078,21.18
721,1377324083,21.17
721,1377324088,21.17
721,1377324093,21.18
721,1377324098,21.18
721,1377324103,21.17
721,1377324108,21.17
721,1377324113,21.16
721,1377324118,21.17
721,1377324123,21.17
721,1377324128,21.16
721,1377324133,21.17
721,1377324138,21.16
721,1377324143,21.17
721,1377324148,21.15
721,1377324153,21.16
721,1377324158,21.16
721,1377324163,21.15
721,1377324168,21.15
721,1377324173,21.16
721,1377324178,21.15
721,1377324183,21.15
721,1377324188,21.16
721,1377324193,21.16
721,1377324198,21.15
721,1377324203,21.15
721,1377324208,21.16
721,1377324213,21.15
721,1377324218,21.15
721,1377324223,21.15
721,1377324228,21.14
721,1377324233,21.14
721,1377324238,21.14
721,1377324243,21.14
721,1377324248,21.14
721,1377324253,21.15
721,1377324258,21.15
721,1377324263,21.15
721,1377324268,21.14
721,1377324273,21.15
721,1377324278,21.14
721,1377324283,21.14
721,1377324288,21.15
721,1377324293,21.16
721,1377324298,21.16
721,1377324303,21.15
721,1377324308,21.15
721,1377324313,21.14
721,1377324318,21.14
721,1377324323,21.14
721,1377324328,21.14
721,1377324333,21.14
721,1377324338,21.14
721,1377324343,21.14
721,1377324348,21.13
721,1377324353,21.13
721,1377324358,21.14
721,1377324363,21.13
721,1377324368,21.14
721,1377324373,21.14
721,1377324378,21.14
721,1377324383,21.14
721,1377324388,21.13
721,1377324393,21.12
721,1377324398,21.12
721,1377324403,21.14
721,1377324408,21.12
721,1377324413,21.12
721,1377324418,21.13
721,1377324423,21.13
721,1377324428,21.14
721,1377324433,21.14
721,1377324438,21.12
721,1377324443,21.13
721,1377324448,21.11
721,1377324453,21.12
721,1377324458,21.13
721,1377324463,21.12
721,1377324468,21.13
721,1377324473,21.12
721,1377324478,21.12
721,1377324483,21.12
721,1377324488,21.12
721,1377324493,21.13
721,1377324498,21.12
721,1377324503,21.12
721,1377324508,21.12
721,1377324513,21.12
721,1377324518,21.13
721,1377324523,21.13
721,1377324528,21.11
721,1377324533,21.13
721,1377324538,21.11
721,1377324543,21.12
721,1377324548,21.12
721,1377324553,21.12
721,1377324558,21.12
721,1377324563,21.13
721,1377324568,21.12
721,1377324573,21.13
721,1377324578,21.13
721,1377324583,21.12
721,1377324588,21.11
721,1377324593,21.11
721,1377324598,21.11
721,1377324603,21.12
721,1377324608,21.12
721,1377324613,21.11
721,1377324618,21.12
721,1377324623,21.12
721,1377324628,21.12
721,1377324633,21.12
721,1377324638,21.11
721,1377324643,21.12
721,1377324648,21.1
721,1377324653,21.11
721,1377324658,21.11
721,1377324663,21.11
721,1377324668,21.1
721,1377324673,21.11
721,1377324678,21.11
721,1377324683,21.11
721,1377324688,21.1
721,1377324693,21.1
721,1377324698,21.1
721,1377324703,21.1
721,1377324708,21.1
721,1377324713,21.11
721,1377324718,21.1
721,1377324723,21.1
721,1377324728,21.1
721,1377324733,21.1
721,1377324738,21.1
721,1377324743,21.11
721,1377324748,21.09
721,1377324753,21.09
721,1377324758,21.1
721,1377324763,21.1
721,1377324768,21.1
721,1377324773,21.1
721,1377324778,21.1
721,1377324783,21.1
721,1377324788,21.09
721,1377324793,21.09
721,1377324798,21.1
721,1377324803,21.1
721,1377324808,21.09
721,1377324813,21.08
721,1377324818,21.1
721,1377324823,21.09
721,1377324828,21.1
721,1377324833,21.08
721,1377324838,21.1
721,1377324843,21.08
721,1377324848,21.09
721,1377324853,21.09
721,1377324858,21.08
721,1377324863,21.08
721,1377324868,21.08
721,1377324873,21.08
721,1377324878,21.08
721,1377324883,21.09
721,1377324888,21.08
721,1377324893,21.09
721,1377324898,21.09
721,1377324903,21.08
721,1377324908,21.08
721,1377324913,21.08
721,1377324918,21.08
721,1377324923,21.08
721,1377324928,21.08
721,1377324933,21.06
721,1377324938,21.08
721,1377324943,21.07
721,1377324948,21.07
721,1377324953,21.08
721,1377324958,21.08
721,1377324963,21.08
721,1377324968,21.07
721,1377324973,21.06
721,1377324978,21.07
721,1377324983,21.08
721,1377324988,21.07
721,1377324993,21.07
721,1377324998,21.07
721,1377325003,21.07
721,1377325008,21.07
721,1377325013,21.08
721,1377325018,21.08
721,1377325023,21.08
721,1377325028,21.06
721,1377325033,21.07
721,1377325038,21.06
721,1377325043,21.05
721,1377325048,21.06
721,1377325053,21.06
721,1377325058,21.06
721,1377325063,21.06
721,1377325068,21.06
721,1377325073,21.06
721,1377325078,21.05
721,1377325083,21.05
721,1377325088,21.05
721,1377325093,21.06
721,1377325098,21.06
721,1377325103,21.05
721,1377325108,21.04
721,1377325113,21.05
721,1377325118,21.06
721,1377325123,21.04
721,1377325128,21.05
721,1377325133,21.05
721,1377325138,21.04
721,1377325143,21.04
721,1377325148,21.05
721,1377325153,21.05
721,1377325158,21.05
721,1377325163,21.04
721,1377325168,21.05
721,1377325173,21.05
721,1377325178,21.03
721,1377325183,21.04
721,1377325188,21.04
721,1377325193,21.05
721,1377325198,21.04
721,1377325203,21.03
721,1377325208,21.04
721,1377325213,21.05
721,1377325218,21.04
721,1377325223,21.04
721,1377325228,21.04
721,1377325233,21.04
721,1377325238,21.02
721,1377325243,21.03
721,1377325248,21.04
721,1377325253,21.04
721,1377325258,21.04
721,1377325263,21.04
721,1377325268,21.03
721,1377325273,21.05
721,1377325278,21.04
721,1377325283,21.04
721,1377325288,21.03
721,1377325293,21.04
721,1377325298,21.04
721,1377325303,21.03
721,1377325308,21.04
721,1377325313,21.03
721,1377325318,21.02
721,1377325323,21.04
721,1377325328,21.04
721,1377325333,21.04
721,1377325338,21.03
721,1377325343,21.04
721,1377325348,21.03
721,1377325353,21.04
721,1377325358,21.03
721,1377325363,21.03
721,1377325368,21.04
721,1377325373,21.03
721,1377325378,21.04
721,1377325383,21.03
721,1377325388,21.02
721,1377325393,21.02
721,1377325398,21.04
721,1377325403,21.02
721,1377325408,21.03
721,1377325413,21.02
721,1377325418,21.03
721,1377325423,21.02
721,1377325428,21.03
721,1377325433,21.02
721,1377325438,21.02
721,1377325443,21.01
721,1377325448,21.02
721,1377325453,21.02
721,1377325458,21.02
721,1377325463,21.02
721,1377325468,21.02
721,1377325473,21.02
721,1377325478,21.02
721,1377325483,21.02
721,1377325488,21.01
721,1377325493,21.01
721,1377325498,21.02
721,1377325503,21.01
721,1377325508,21.01
721,1377325513,21.01
721,1377325518,21.02
721,1377325523,21.01
721,1377325528,21.0
721,1377325533,21.01
721,1377325538,21.02
721,1377325543,21.02
721,1377325548,21.02
721,1377325553,21.01
721,1377325558,21.0
721,1377325563,21.01
721,1377325568,21.02
721,1377325573,21.02
721,1377325578,21.01
721,1377325583,21.02
721,1377325588,21.0
721,1377325593,21.01
721,1377325598,21.0
721,1377325603,21.01
721,1377325608,21.02
721,1377325613,21.02
721,1377325618,21.01
721,1377325623,21.01
721,1377325628,21.01
721,1377325633,21.02
721,1377325638,21.0
721,1377325643,21.01
721,1377325648,21.0
721,1377325653,21.0
721,1377325658,21.0
721,1377325663,21.02
721,1377325668,21.0
721,1377325673,21.0
721,1377325678,21.01
721,1377325683,21.01
721,1377325688,21.02
721,1377325693,21.01
721,1377325698,21.01
721,1377325703,21.0
721,1377325708,21.0
721,1377325713,21.0
721,1377325718,21.01
721,1377325723,21.01
721,1377325728,21.0
721,1377325733,21.0
721,1377325738,21.0
721,1377325743,21.0
721,1377325748,21.0
721,1377325753,20.99
721,1377325758,21.0
721,1377325763,21.0
721,1377325768,21.0
721,1377325773,21.01
721,1377325778,21.0
721,1377325783,21.0
721,1377325788,21.0
721,1377325793,21.01
721,1377325798,21.0
721,1377325803,21.01
721,1377325808,21.0
721,1377325813,21.02
721,1377325818,21.0
721,1377325823,21.0
721,1377325828,21.02
721,1377325833,21.0
721,1377325838,21.0
721,1377325843,21.0
721,1377325848,21.01
721,1377325853,21.01
721,1377325858,21.01
721,1377325863,21.02
721,1377325868,21.01
721,1377325873,21.0
721,1377325878,21.0
721,1377325883,21.01
721,1377325888,21.01
721,1377325893,21.0
721,1377325898,21.0
721,1377325903,21.01
721,1377325908,21.0
721,1377325913,21.0
721,1377325918,20.99
721,1377325923,21.0
721,1377325928,21.02
721,1377325933,21.0
721,1377325938,21.01
721,1377325943,21.0
721,1377325948,21.0
721,1377325953,21.01
721,1377325958,21.0
721,1377325963,21.0
721,1377325968,21.01
721,1377325973,21.0
721,1377325978,21.01
721,1377325983,21.0
721,1377325988,21.01
721,1377325993,21.0
721,1377325998,21.0
721,1377326003,21.0
721,1377326008,21.0
721,1377326013,21.01
721,1377326018,21.0
721,1377326023,21.0
721,1377326028,21.0
721,1377326033,21.0
721,1377326038,21.0
721,1377326043,20.98
721,1377326048,21.0
721,1377326053,21.0
721,1377326058,20.99
721,1377326063,20.99
721,1377326068,20.99
721,1377326073,20.99
721,1377326078,20.99
721,1377326083,21.0
721,1377326088,21.0
721,1377326093,20.99
721,1377326098,21.0
721,1377326103,20.99
721,1377326108,20.99
721,1377326113,20.99
721,1377326118,20.99
721,1377326123,20.98
721,1377326128,20.98
721,1377326133,20.99
721,1377326138,20.98
721,1377326143,20.98
721,1377326148,20.99
721,1377326153,20.97
721,1377326158,20.98
721,1377326163,20.98
721,1377326168,20.98
721,1377326173,20.99
721,1377326178,20.98
721,1377326183,20.98
721,1377326188,20.98
721,1377326193,20.98
721,1377326198,20.98
721,1377326203,20.98
721,1377326208,20.98
721,1377326213,20.98
721,1377326218,20.98
721,1377326223,20.98
721,1377326228,20.98
721,1377326233,20.98
721,1377326238,20.98
721,1377326243,20.98
721,1377326248,20.98
721,1377326253,20.98
721,1377326258,20.97
721,1377326263,20.98
721,1377326268,20.98
721,1377326273,20.98
721,1377326278,20.97
721,1377326283,20.97
721,1377326288,20.97
721,1377326293,20.97
721,1377326298,20.98
721,1377326303,20.97
721,1377326308,20.98
721,1377326313,20.97
721,1377326318,20.96
721,1377326323,20.97
721,1377326328,20.96
721,1377326333,20.98
721,1377326338,20.98
721,1377326343,20.98
721,1377326348,20.97
721,1377326353,20.98
721,1377326358,20.96
721,1377326363,20.97
721,1377326368,20.97
721,1377326373,20.96
721,1377326378,20.96
721,1377326383,20.96
721,1377326388,20.96
721,1377326393,20.97
721,1377326398,20.96
721,1377326403,20.96
721,1377326408,20.96
721,1377326413,20.96
721,1377326418,20.96
721,1377326423,20.96
721,1377326428,20.94
721,1377326433,20.96
721,1377326438,20.96
721,1377326443,20.96
721,1377326448,20.96
721,1377326453,20.96
721,1377326458,20.96
721,1377326463,20.96
721,1377326468,20.96
721,1377326473,20.95
721,1377326478,20.96
721,1377326483,20.95
721,1377326488,20.96
721,1377326493,20.95
721,1377326498,20.95
721,1377326503,20.95
721,1377326508,20.95
721,1377326513,20.96
721,1377326518,20.96
721,1377326523,20.96
721,1377326528,20.94
721,1377326533,20.95
721,1377326538,20.95
721,1377326543,20.94
721,1377326548,20.96
721,1377326553,20.95
721,1377326558,20.94
721,1377326563,20.96
721,1377326568,20.95
721,1377326573,20.96
721,1377326578,20.96
721,1377326583,20.95
721,1377326588,20.95
721,1377326593,20.95
721,1377326598,20.94
721,1377326603,20.96
721,1377326608,20.94
721,1377326613,20.96
721,1377326618,20.95
721,1377326623,20.95
721,1377326628,20.96
721,1377326633,20.95
721,1377326638,20.95
721,1377326643,20.95
721,1377326648,20.95
721,1377326653,20.94
721,1377326658,20.95
721,1377326663,20.94
721,1377326668,20.94
721,1377326673,20.95
721,1377326678,20.94
721,1377326683,20.94
721,1377326688,20.95
721,1377326693,20.94
721,1377326698,20.95
721,1377326703,20.95
721,1377326708,20.94
721,1377326713,20.94
721,1377326718,20.94
721,1377326723,20.94
721,1377326728,20.95
721,1377326733,20.95
721,1377326738,20.94
721,1377326743,20.94
721,1377326748,20.94
721,1377326753,20.94
721,1377326758,20.95
721,1377326763,20.94
721,1377326768,20.93
721,1377326773,20.94
721,1377326778,20.93
721,1377326783,20.94
721,1377326788,20.94
721,1377326793,20.94
721,1377326798,20.94
721,1377326803,20.95
721,1377326808,20.94
721,1377326813,20.94
721,1377326818,20.94
721,1377326823,20.93
721,1377326828,20.94
721,1377326833,20.94
721,1377326838,20.94
721,1377326843,20.93
721,1377326848,20.94
721,1377326853,20.93
721,1377326858,20.93
721,1377326863,20.93
721,1377326868,20.93
721,1377326873,20.93
721,1377326878,20.93
721,1377326883,20.94
721,1377326888,20.94
721,1377326893,20.93
721,1377326898,20.93
721,1377326903,20.92
721,1377326908,20.93
721,1377326913,20.93
721,1377326918,20.92
721,1377326923,20.93
721,1377326928,20.94
721,1377326933,20.93
721,1377326938,20.93
721,1377326943,20.94
721,1377326948,20.94
721,1377326953,20.94
721,1377326958,20.94
721,1377326963,20.92
721,1377326968,20.94
721,1377326973,20.92
721,1377326978,20.92
721,1377326983,20.93
721,1377326988,20.93
721,1377326993,20.92
721,1377326998,20.92
721,1377327003,20.92
721,1377327008,20.92
721,1377327013,20.92
721,1377327018,20.92
721,1377327023,20.92
721,1377327028,20.92
721,1377327033,20.91
721,1377327038,20.92
721,1377327043,20.92
721,1377327048,20.92
721,1377327053,20.92
721,1377327058,20.92
721,1377327063,20.92
721,1377327068,20.92
721,1377327073,20.91
721,1377327078,20.92
721,1377327083,20.92
721,1377327088,20.92
721,1377327093,20.92
721,1377327098,20.92
721,1377327103,20.92
721,1377327108,20.92
721,1377327113,20.91
721,1377327118,20.91
721,1377327123,20.91
721,1377327128,20.92
721,1377327133,20.91
721,1377327138,20.9
721,1377327143,20.92
721,1377327148,20.9
721,1377327153,20.9
721,1377327158,20.91
721,1377327163,20.91
721,1377327168,20.9
721,1377327173,20.9
721,1377327178,20.9
721,1377327183,20.9
721,1377327188,20.9
721,1377327193,20.9
721,1377327198,20.9
721,1377327203,20.9
721,1377327208,20.9
721,1377327213,20.89
721,1377327218,20.91
721,1377327223,20.91
721,1377327228,20.9
721,1377327233,20.91
721,1377327238,20.9
721,1377327243,20.9
721,1377327248,20.91
721,1377327253,20.9
721,1377327258,20.9
721,1377327263,20.9
721,1377327268,20.9
721,1377327273,20.91
721,1377327278,20.91
721,1377327283,20.9
721,1377327288,20.9
721,1377327293,20.89
721,1377327298,20.89
721,1377327303,20.89
721,1377327308,20.9
721,1377327313,20.88
721,1377327318,20.88
721,1377327323,20.88
721,1377327328,20.89
721,1377327333,20.89
721,1377327338,20.9
721,1377327343,20.88
721,1377327348,20.9
721,1377327353,20.89
721,1377327358,20.89
721,1377327363,20.89
721,1377327368,20.89
721,1377327373,20.89
721,1377327378,20.88
721,1377327383,20.88
721,1377327388,20.89
721,1377327393,20.88
721,1377327398,20.88
721,1377327403,20.88
721,1377327408,20.89
721,1377327413,20.86
721,1377327418,20.88
721,1377327423,20.88
721,1377327428,20.88
721,1377327433,20.88
721,1377327438,20.88
721,1377327443,20.88
721,1377327448,20.88
721,1377327453,20.88
721,1377327458,20.88
721,1377327463,20.87
721,1377327468,20.87
721,1377327473,20.87
721,1377327478,20.88
721,1377327483,20.87
721,1377327488,20.86
721,1377327493,20.88
721,1377327498,20.87
721,1377327503,20.86
721,1377327508,20.87
721,1377327513,20.86
721,1377327518,20.87
721,1377327523,20.86
721,1377327528,20.86
721,1377327533,20.86
721,1377327538,20.86
721,1377327543,20.87
721,1377327548,20.86
721,1377327553,20.86
721,1377327558,20.86
721,1377327563,20.86
721,1377327568,20.87
721,1377327573,20.86
721,1377327578,20.86
721,1377327583,20.86
721,1377327588,20.87
721,1377327593,20.86
721,1377327598,20.86
721,1377327603,20.87
721,1377327608,20.86
721,1377327613,20.86
721,1377327618,20.86
721,1377327623,20.84
721,1377327628,20.86
721,1377327633,20.86
721,1377327638,20.86
721,1377327643,20.86
721,1377327648,20.86
721,1377327653,20.86
721,1377327658,20.85
721,1377327663,20.86
721,1377327668,20.86
721,1377327673,20.86
721,1377327678,20.86
721,1377327683,20.86
721,1377327688,20.85
721,1377327693,20.86
721,1377327698,20.86
721,1377327703,20.86
721,1377327708,20.86
721,1377327713,20.86
721,1377327718,20.85
721,1377327723,20.86
721,1377327728,20.85
721,1377327733,20.86
721,1377327738,20.87
721,1377327743,20.86
721,1377327748,20.86
721,1377327753,20.86
721,1377327758,20.86
721,1377327763,20.86
721,1377327768,20.86
721,1377327773,20.86
721,1377327778,20.86
721,1377327783,20.86
721,1377327788,20.86
721,1377327793,20.86
721,1377327798,20.84
721,1377327803,20.84
721,1377327808,20.85
721,1377327813,20.86
721,1377327818,20.85
721,1377327823,20.86
721,1377327828,20.85
721,1377327833,20.86
721,1377327838,20.84
721,1377327843,20.86
721,1377327848,20.85
721,1377327853,20.86
721,1377327858,20.86
721,1377327863,20.86
721,1377327868,20.86
721,1377327873,20.86
721,1377327878,20.86
721,1377327883,20.85
721,1377327888,20.85
721,1377327893,20.84
721,1377327898,20.86
721,1377327903,20.85
721,1377327908,20.86
721,1377327913,20.85
721,1377327918,20.85
721,1377327923,20.85
721,1377327928,20.86
721,1377327933,20.86
721,1377327938,20.86
721,1377327943,20.85
721,1377327948,20.85
721,1377327953,20.85
721,1377327958,20.85
721,1377327963,20.85
721,1377327968,20.85
721,1377327973,20.86
721,1377327978,20.85
721,1377327983,20.84
721,1377327988,20.85
721,1377327993,20.86
721,1377327998,20.86
721,1377328003,20.85
721,1377328008,20.86
721,1377328013,20.84
721,1377328018,20.84
721,1377328023,20.85
721,1377328028,20.86
721,1377328033,20.86
721,1377328038,20.85
721,1377328043,20.85
721,1377328048,20.86
721,1377328053,20.86
721,1377328058,20.86
721,1377328063,20.86
721,1377328068,20.87
721,1377328073,20.85
721,1377328078,20.86
721,1377328083,20.85
721,1377328088,20.84
721,1377328093,20.86
721,1377328098,20.85
721,1377328103,20.85
721,1377328108,20.85
721,1377328113,20.85
721,1377328118,20.84
721,1377328123,20.85
721,1377328128,20.85
721,1377328133,20.85
721,1377328138,20.86
721,1377328143,20.84
721,1377328148,20.85
721,1377328153,20.85
721,1377328158,20.86
721,1377328163,20.86
721,1377328168,20.86
721,1377328173,20.85
721,1377328178,20.84
721,1377328183,20.84
721,1377328188,20.86
721,1377328193,20.84
721,1377328198,20.85
721,1377328203,20.84
721,1377328208,20.84
721,1377328213,20.85
721,1377328218,20.83
721,1377328223,20.84
721,1377328228,20.85
721,1377328233,20.84
721,1377328238,20.84
721,1377328243,20.85
721,1377328248,20.84
721,1377328253,20.85
721,1377328258,20.85
721,1377328263,20.85
721,1377328268,20.84
721,1377328273,20.84
721,1377328278,20.84
721,1377328283,20.84
721,1377328288,20.83
721,1377328293,20.84
721,1377328298,20.85
721,1377328303,20.85
721,1377328308,20.83
721,1377328313,20.84
721,1377328318,20.84
721,1377328323,20.84
721,1377328328,20.84
721,1377328333,20.82
721,1377328338,20.84
721,1377328343,20.84
721,1377328348,20.84
721,1377328353,20.83
721,1377328358,20.84
721,1377328363,20.84
721,1377328368,20.84
721,1377328373,20.84
721,1377328378,20.83
721,1377328383,20.85
721,1377328388,20.84
721,1377328393,20.82
721,1377328398,20.84
721,1377328403,20.84
721,1377328408,20.84
721,1377328413,20.84
721,1377328418,20.84
721,1377328423,20.84
721,1377328428,20.83
721,1377328433,20.83
721,1377328438,20.83
721,1377328443,20.83
721,1377328448,20.84
721,1377328453,20.84
721,1377328458,20.84
721,1377328463,20.83
721,1377328468,20.84
721,1377328473,20.84
721,1377328478,20.85
721,1377328483,20.84
721,1377328488,20.83
721,1377328493,20.82
721,1377328498,20.82
721,1377328503,20.82
721,1377328508,20.83
721,1377328513,20.83
721,1377328518,20.83
721,1377328523,20.83
721,1377328528,20.82
721,1377328533,20.82
721,1377328538,20.82
721,1377328543,20.82
721,1377328548,20.83
721,1377328553,20.83
721,1377328558,20.82
721,1377328563,20.82
721,1377328568,20.82
721,1377328573,20.82
721,1377328578,20.82
721,1377328583,20.82
721,1377328588,20.82
721,1377328593,20.83
721,1377328598,20.83
721,1377328603,20.82
721,1377328608,20.83
721,1377328613,20.82
721,1377328618,20.82
721,1377328623,20.83
721,1377328628,20.82
721,1377328633,20.82
721,1377328638,20.82
721,1377328643,20.81
721,1377328648,20.82
721,1377328653,20.82
721,1377328658,20.82
721,1377328663,20.82
721,1377328668,20.83
721,1377328673,20.84
721,1377328678,20.82
721,1377328683,20.81
721,1377328688,20.82
721,1377328693,20.84
721,1377328698,20.83
721,1377328703,20.81
721,1377328708,20.82
721,1377328713,20.82
721,1377328718,20.83
721,1377328723,20.81
721,1377328728,20.82
721,1377328733,20.81
721,1377328738,20.82
721,1377328743,20.82
721,1377328748,20.82
721,1377328753,20.81
721,1377328758,20.82
721,1377328763,20.81
721,1377328768,20.82
721,1377328773,20.83
721,1377328778,20.82
721,1377328783,20.81
721,1377328788,20.82
721,1377328793,20.81
721,1377328798,20.82
721,1377328803,20.8
721,1377328808,20.81
721,1377328813,20.82
721,1377328818,20.81
721,1377328823,20.83
721,1377328828,20.81
721,1377328833,20.81
721,1377328838,20.81
721,1377328843,20.82
721,1377328848,20.82
721,1377328853,20.82
721,1377328858,20.8
721,1377328863,20.81
721,1377328868,20.81
721,1377328873,20.81
721,1377328878,20.83
721,1377328883,20.82
721,1377328888,20.82
721,1377328893,20.81
721,1377328898,20.82
721,1377328903,20.8
721,1377328908,20.82
721,1377328913,20.81
721,1377328918,20.82
721,1377328923,20.81
721,1377328928,20.81
721,1377328933,20.82
721,1377328938,20.82
721,1377328943,20.81
721,1377328948,20.81
721,1377328953,20.8
721,1377328958,20.8
721,1377328963,20.81
721,1377328968,20.8
721,1377328973,20.8
721,1377328978,20.8
721,1377328983,20.81
721,1377328988,20.8
721,1377328993,20.8
721,1377328998,20.8
721,1377329003,20.8
721,1377329008,20.81
721,1377329013,20.81
721,1377329018,20.8
721,1377329023,20.8
721,1377329028,20.8
721,1377329033,20.81
721,1377329038,20.8
721,1377329043,20.81
721,1377329048,20.8
721,1377329053,20.8
721,1377329058,20.8
721,1377329063,20.8
721,1377329068,20.81
721,1377329073,20.8
721,1377329078,20.8
721,1377329083,20.8
721,1377329088,20.78
721,1377329093,20.8
721,1377329098,20.8
721,1377329103,20.81
721,1377329108,20.8
721,1377329113,20.8
721,1377329118,20.8
721,1377329123,20.79
721,1377329128,20.8
721,1377329133,20.8
721,1377329138,20.79
721,1377329143,20.8
721,1377329148,20.8
721,1377329153,20.8
721,1377329158,20.8
721,1377329163,20.8
721,1377329168,20.8
721,1377329173,20.81
721,1377329178,20.79
721,1377329183,20.8
721,1377329188,20.79
721,1377329193,20.8
721,1377329198,20.81
721,1377329203,20.8
721,1377329208,20.79
721,1377329213,20.8
721,1377329218,20.78
721,1377329223,20.79
721,1377329228,20.79
721,1377329233,20.8
721,1377329238,20.8
721,1377329243,20.8
721,1377329248,20.79
721,1377329253,20.8
721,1377329258,20.81
721,1377329263,20.8
721,1377329268,20.8
721,1377329273,20.8
721,1377329278,20.8
721,1377329283,20.79
721,1377329288,20.79
721,1377329293,20.8
721,1377329298,20.8
721,1377329303,20.79
721,1377329308,20.8
721,1377329313,20.78
721,1377329318,20.8
721,1377329323,20.8
721,1377329328,20.8
721,1377329333,20.79
721,1377329338,20.78
721,1377329343,20.8
721,1377329348,20.79
721,1377329353,20.78
721,1377329358,20.8
721,1377329363,20.8
721,1377329368,20.79
721,1377329373,20.79
721,1377329378,20.79
721,1377329383,20.79
721,1377329388,20.8
721,1377329393,20.8
721,1377329398,20.8
721,1377329403,20.8
721,1377329408,20.8
721,1377329413,20.8
721,1377329418,20.8
721,1377329423,20.79
721,1377329428,20.79
721,1377329433,20.8
721,1377329438,20.79
721,1377329443,20.79
721,1377329448,20.8
721,1377329453,20.78
721,1377329458,20.79
721,1377329463,20.78
721,1377329468,20.78
721,1377329473,20.79
721,1377329478,20.78
721,1377329483,20.8
721,1377329488,20.78
721,1377329493,20.79
721,1377329498,20.79
721,1377329503,20.78
721,1377329508,20.79
721,1377329513,20.78
721,1377329518,20.78
721,1377329523,20.78
721,1377329528,20.78
721,1377329533,20.78
721,1377329538,20.78
721,1377329543,20.78
721,1377329548,20.76
721,1377329553,20.77
721,1377329558,20.78
721,1377329563,20.78
721,1377329568,20.76
721,1377329573,20.78
721,1377329578,20.78
721,1377329583,20.78
721,1377329588,20.78
721,1377329593,20.78
721,1377329598,20.77
721,1377329603,20.78
721,1377329608,20.77
721,1377329613,20.78
721,1377329618,20.77
721,1377329623,20.78
721,1377329628,20.77
721,1377329633,20.77
721,1377329638,20.78
721,1377329643,20.77
721,1377329648,20.78
721,1377329653,20.76
721,1377329658,20.78
721,1377329663,20.77
721,1377329668,20.78
721,1377329673,20.77
721,1377329678,20.76
721,1377329683,20.78
721,1377329688,20.78
721,1377329693,20.77
721,1377329698,20.78
721,1377329703,20.78
721,1377329708,20.77
721,1377329713,20.77
721,1377329718,20.76
721,1377329723,20.78
721,1377329728,20.77
721,1377329733,20.76
721,1377329738,20.78
721,1377329743,20.78
721,1377329748,20.78
721,1377329753,20.78
721,1377329758,20.78
721,1377329763,20.78
721,1377329768,20.78
721,1377329773,20.78
721,1377329778,20.76
721,1377329783,20.77
721,1377329788,20.76
721,1377329793,20.77
721,1377329798,20.78
721,1377329803,20.77
721,1377329808,20.77
721,1377329813,20.77
721,1377329818,20.78
721,1377329823,20.78
721,1377329828,20.77
721,1377329833,20.78
721,1377329838,20.77
721,1377329843,20.76
721,1377329848,20.77
721,1377329853,20.78
721,1377329858,20.78
721,1377329863,20.78
721,1377329868,20.76
721,1377329873,20.78
721,1377329878,20.78
721,1377329883,20.76
721,1377329888,20.78
721,1377329893,20.78
721,1377329898,20.76
721,1377329903,20.78
721,1377329908,20.78
721,1377329913,20.77
721,1377329918,20.78
721,1377329923,20.78
721,1377329928,20.77
721,1377329933,20.77
721,1377329938,20.77
721,1377329943,20.76
721,1377329948,20.77
721,1377329953,20.76
721,1377329958,20.76
721,1377329963,20.78
721,1377329968,20.77
721,1377329973,20.77
721,1377329978,20.76
721,1377329983,20.76
721,1377329988,20.77
721,1377329993,20.77
721,1377329998,20.78
721,1377330003,20.76
721,1377330008,20.76
721,1377330013,20.77
721,1377330018,20.76
721,1377330023,20.77
721,1377330028,20.78
721,1377330033,20.77
721,1377330038,20.76
721,1377330043,20.76
721,1377330048,20.77
721,1377330053,20.76
721,1377330058,20.76
721,1377330063,20.77
721,1377330068,20.76
721,1377330073,20.77
721,1377330078,20.76
721,1377330083,20.76
721,1377330088,20.76
721,1377330093,20.77
721,1377330098,20.75
721,1377330103,20.76
721,1377330108,20.75
721,1377330113,20.76
721,1377330118,20.75
721,1377330123,20.77
721,1377330128,20.76
721,1377330133,20.76
721,1377330138,20.77
721,1377330143,20.76
721,1377330148,20.76
721,1377330153,20.76
721,1377330158,20.75
721,1377330163,20.76
721,1377330168,20.77
721,1377330173,20.75
721,1377330178,20.76
721,1377330183,20.75
721,1377330188,20.76
721,1377330193,20.76
721,1377330198,20.75
721,1377330203,20.75
721,1377330208,20.76
721,1377330213,20.76
721,1377330218,20.76
721,1377330223,20.75
721,1377330228,20.76
721,1377330233,20.74
721,1377330238,20.74
721,1377330243,20.76
721,1377330248,20.76
721,1377330253,20.76
721,1377330258,20.75
721,1377330263,20.74
721,1377330268,20.76
721,1377330273,20.74
721,1377330278,20.75
721,1377330283,20.75
721,1377330288,20.75
721,1377330293,20.75
721,1377330298,20.74
721,1377330303,20.74
721,1377330308,20.74
721,1377330313,20.75
721,1377330318,20.75
721,1377330323,20.75
721,1377330328,20.75
721,1377330333,20.74
721,1377330338,20.74
721,1377330343,20.75
721,1377330348,20.74
721,1377330353,20.75
721,1377330358,20.74
721,1377330363,20.74
721,1377330368,20.75
721,1377330373,20.75
721,1377330378,20.74
721,1377330383,20.74
721,1377330388,20.74
721,1377330393,20.74
721,1377330398,20.74
721,1377330403,20.73
721,1377330408,20.74
721,1377330413,20.74
721,1377330418,20.74
721,1377330423,20.74
721,1377330428,20.74
721,1377330433,20.74
721,1377330438,20.74
721,1377330443,20.74
721,1377330448,20.74
721,1377330453,20.74
721,1377330458,20.74
721,1377330463,20.73
721,1377330468,20.74
721,1377330473,20.72
721,1377330478,20.73
721,1377330483,20.74
721,1377330488,20.74
721,1377330493,20.74
721,1377330498,20.73
721,1377330503,20.73
721,1377330508,20.74
721,1377330513,20.74
721,1377330518,20.74
721,1377330523,20.74
721,1377330528,20.74
721,1377330533,20.74
721,1377330538,20.74
721,1377330543,20.74
721,1377330548,20.74
721,1377330553,20.74
721,1377330558,20.74
721,1377330563,20.74
721,1377330568,20.74
721,1377330573,20.74
721,1377330578,20.74
721,1377330583,20.74
721,1377330588,20.74
721,1377330593,20.74
721,1377330598,20.74
721,1377330603,20.74
721,1377330608,20.73
721,1377330613,20.73
721,1377330618,20.73
721,1377330623,20.74
721,1377330628,20.75
721,1377330633,20.74
721,1377330638,20.74
721,1377330643,20.74
721,1377330648,20.74
721,1377330653,20.74
721,1377330658,20.74
721,1377330663,20.74
721,1377330668,20.74
721,1377330673,20.73
721,1377330678,20.74
721,1377330683,20.74
721,1377330688,20.74
721,1377330693,20.74
721,1377330698,20.74
721,1377330703,20.73
721,1377330708,20.74
721,1377330713,20.74
721,1377330718,20.74
721,1377330723,20.74
721,1377330728,20.74
721,1377330733,20.74
721,1377330738,20.73
721,1377330743,20.72
721,1377330748,20.74
721,1377330753,20.73
721,1377330758,20.73
721,1377330763,20.74
721,1377330768,20.74
721,1377330773,20.72
721,1377330778,20.74
721,1377330783,20.72
721,1377330788,20.72
721,1377330793,20.73
721,1377330798,20.74
721,1377330803,20.72
721,1377330808,20.73
721,1377330813,20.72
721,1377330818,20.72
721,1377330823,20.72
721,1377330828,20.72
721,1377330833,20.72
721,1377330838,20.72
721,1377330843,20.74
721,1377330848,20.73
721,1377330853,20.73
721,1377330858,20.71
721,1377330863,20.72
721,1377330868,20.73
721,1377330873,20.72
721,1377330878,20.72
721,1377330883,20.71
721,1377330888,20.73
721,1377330893,20.73
721,1377330898,20.72
721,1377330903,20.72
721,1377330908,20.72
721,1377330913,20.72
721,1377330918,20.72
721,1377330923,20.72
721,1377330928,20.72
721,1377330933,20.72
721,1377330938,20.72
721,1377330943,20.72
721,1377330948,20.72
721,1377330953,20.72
721,1377330958,20.71
721,1377330963,20.72
721,1377330968,20.72
721,1377330973,20.72
721,1377330978,20.72
721,1377330983,20.72
721,1377330988,20.72
721,1377330993,20.72
721,1377330998,20.72
721,1377331003,20.72
721,1377331008,20.72
721,1377331013,20.71
721,1377331018,20.72
721,1377331023,20.72
721,1377331028,20.72
721,1377331033,20.71
721,1377331038,20.72
721,1377331043,20.71
721,1377331048,20.71
721,1377331053,20.71
721,1377331058,20.71
721,1377331063,20.72
721,1377331068,20.71
721,1377331073,20.7
721,1377331078,20.71
721,1377331083,20.7
721,1377331088,20.7
721,1377331093,20.7
721,1377331098,20.71
721,1377331103,20.71
721,1377331108,20.71
721,1377331113,20.71
721,1377331118,20.7
721,1377331123,20.7
721,1377331128,20.7
721,1377331133,20.7
721,1377331138,20.7
721,1377331143,20.7
721,1377331148,20.7
721,1377331153,20.7
721,1377331158,20.7
721,1377331163,20.69
721,1377331168,20.7
721,1377331173,20.69
721,1377331178,20.7
721,1377331183,20.7
721,1377331188,20.69
721,1377331193,20.7
721,1377331198,20.7
721,1377331203,20.7
721,1377331208,20.7
721,1377331213,20.69
721,1377331218,20.69
721,1377331223,20.7
721,1377331228,20.69
721,1377331233,20.68
721,1377331238,20.69
721,1377331243,20.7
721,1377331248,20.68
721,1377331253,20.69
721,1377331258,20.7
721,1377331263,20.69
721,1377331268,20.69
721,1377331273,20.69
721,1377331278,20.69
721,1377331283,20.69
721,1377331288,20.68
721,1377331293,20.69
721,1377331298,20.69
721,1377331303,20.69
721,1377331308,20.69
721,1377331313,20.69
721,1377331318,20.7
721,1377331323,20.69
721,1377331328,20.68
721,1377331333,20.68
721,1377331338,20.67
721,1377331343,20.69
721,1377331348,20.7
721,1377331353,20.69
721,1377331358,20.68
721,1377331363,20.69
721,1377331368,20.7
721,1377331373,20.69
721,1377331378,20.7
721,1377331383,20.69
721,1377331388,20.69
721,1377331393,20.7
721,1377331398,20.69
721,1377331403,20.67
721,1377331408,20.68
721,1377331413,20.69
721,1377331418,20.68
721,1377331423,20.69
721,1377331428,20.69
721,1377331433,20.69
721,1377331438,20.68
721,1377331443,20.68
721,1377331448,20.68
721,1377331453,20.69
721,1377331458,20.7
721,1377331463,20.68
721,1377331468,20.68
721,1377331473,20.68
721,1377331478,20.69
721,1377331483,20.69
721,1377331488,20.69
721,1377331493,20.69
721,1377331498,20.69
721,1377331503,20.69
721,1377331508,20.69
721,1377331513,20.7
721,1377331518,20.68
721,1377331523,20.69
721,1377331528,20.67
721,1377331533,20.69
721,1377331538,20.68
721,1377331543,20.7
721,1377331548,20.69
721,1377331553,20.69
721,1377331558,20.69
721,1377331563,20.7
721,1377331568,20.68
721,1377331573,20.68
721,1377331578,20.68
721,1377331583,20.68
721,1377331588,20.68
721,1377331593,20.69
721,1377331598,20.68
721,1377331603,20.68
721,1377331608,20.68
721,1377331613,20.68
721,1377331618,20.68
721,1377331623,20.69
721,1377331628,20.69
721,1377331633,20.68
721,1377331638,20.68
721,1377331643,20.68
721,1377331648,20.68
721,1377331653,20.68
721,1377331658,20.67
721,1377331663,20.68
721,1377331668,20.68
721,1377331673,20.68
721,1377331678,20.68
721,1377331683,20.68
721,1377331688,20.68
721,1377331693,20.68
721,1377331698,20.68
721,1377331703,20.68
721,1377331708,20.68
721,1377331713,20.68
721,1377331718,20.68
721,1377331723,20.68
721,1377331728,20.68
721,1377331733,20.68
721,1377331738,20.68
721,1377331743,20.68
721,1377331748,20.68
721,1377331753,20.69
721,1377331758,20.67
721,1377331763,20.68
721,1377331768,20.68
721,1377331773,20.67
721,1377331778,20.67
721,1377331783,20.67
721,1377331788,20.68
721,1377331793,20.67
721,1377331798,20.68
721,1377331803,20.68
721,1377331808,20.68
721,1377331813,20.68
721,1377331818,20.67
721,1377331823,20.68
721,1377331828,20.68
721,1377331833,20.67
721,1377331838,20.68
721,1377331843,20.67
721,1377331848,20.67
721,1377331853,20.67
721,1377331858,20.66
721,1377331863,20.68
721,1377331868,20.68
721,1377331873,20.68
721,1377331878,20.67
721,1377331883,20.68
721,1377331888,20.68
721,1377331893,20.68
721,1377331898,20.68
721,1377331903,20.68
721,1377331908,20.68
721,1377331913,20.69
721,1377331918,20.68
721,1377331923,20.68
721,1377331928,20.67
721,1377331933,20.68
721,1377331938,20.68
721,1377331943,20.68
721,1377331948,20.68
721,1377331953,20.67
721,1377331958,20.68
721,1377331963,20.68
721,1377331968,20.68
721,1377331973,20.67
721,1377331978,20.68
721,1377331983,20.68
721,1377331988,20.69
721,1377331993,20.68
721,1377331998,20.67
721,1377332003,20.67
721,1377332008,20.68
721,1377332013,20.67
721,1377332018,20.66
721,1377332023,20.67
721,1377332028,20.67
721,1377332033,20.67
721,1377332038,20.67
721,1377332043,20.66
721,1377332048,20.67
721,1377332053,20.68
721,1377332058,20.67
721,1377332063,20.68
721,1377332068,20.67
721,1377332073,20.66
721,1377332078,20.68
721,1377332083,20.69
721,1377332088,20.67
721,1377332093,20.67
721,1377332098,20.67
721,1377332103,20.67
721,1377332108,20.68
721,1377332113,20.67
721,1377332118,20.66
721,1377332123,20.67
721,1377332128,20.67
721,1377332133,20.67
721,1377332138,20.67
721,1377332143,20.68
721,1377332148,20.65
721,1377332153,20.67
721,1377332158,20.67
721,1377332163,20.67
721,1377332168,20.68
721,1377332173,20.67
721,1377332178,20.67
721,1377332183,20.66
721,1377332188,20.68
721,1377332193,20.67
721,1377332198,20.67
721,1377332203,20.67
721,1377332208,20.66
721,1377332213,20.66
721,1377332218,20.68
721,1377332223,20.67
721,1377332228,20.67
721,1377332233,20.67
721,1377332238,20.66
721,1377332243,20.66
721,1377332248,20.67
721,1377332253,20.67
721,1377332258,20.67
721,1377332263,20.66
721,1377332268,20.67
721,1377332273,20.66
721,1377332278,20.67
721,1377332283,20.67
721,1377332288,20.68
721,1377332293,20.67
721,1377332298,20.66
721,1377332303,20.66
721,1377332308,20.66
721,1377332313,20.66
721,1377332318,20.67
721,1377332323,20.66
721,1377332328,20.66
721,1377332333,20.66
721,1377332338,20.66
721,1377332343,20.66
721,1377332348,20.66
721,1377332353,20.66
721,1377332358,20.66
721,1377332363,20.66
721,1377332368,20.66
721,1377332373,20.66
721,1377332378,20.66
721,1377332383,20.66
721,1377332388,20.66
721,1377332393,20.65
721,1377332398,20.65
721,1377332403,20.67
721,1377332408,20.66
721,1377332413,20.66
721,1377332418,20.65
721,1377332423,20.65
721,1377332428,20.64
721,1377332433,20.66
721,1377332438,20.65
721,1377332443,20.65
721,1377332448,20.65
721,1377332453,20.65
721,1377332458,20.66
721,1377332463,20.66
721,1377332468,20.65
721,1377332473,20.66
721,1377332478,20.66
721,1377332483,20.66
721,1377332488,20.66
721,1377332493,20.66
721,1377332498,20.66
721,1377332503,20.65
721,1377332508,20.65
721,1377332513,20.65
721,1377332518,20.66
721,1377332523,20.65
721,1377332528,20.65
721,1377332533,20.65
721,1377332538,20.66
721,1377332543,20.65
721,1377332548,20.64
721,1377332553,20.64
721,1377332558,20.65
721,1377332563,20.66
721,1377332568,20.66
721,1377332573,20.66
721,1377332578,20.66
721,1377332583,20.65
721,1377332588,20.65
721,1377332593,20.64
721,1377332598,20.66
721,1377332603,20.65
721,1377332608,20.65
721,1377332613,20.64
721,1377332618,20.65
721,1377332623,20.64
721,1377332628,20.65
721,1377332633,20.66
721,1377332638,20.66
721,1377332643,20.64
721,1377332648,20.64
721,1377332653,20.65
721,1377332658,20.65
721,1377332663,20.64
721,1377332668,20.65
721,1377332673,20.66
721,1377332678,20.66
721,1377332683,20.64
721,1377332688,20.65
721,1377332693,20.65
721,1377332698,20.65
721,1377332703,20.64
721,1377332708,20.64
721,1377332713,20.64
721,1377332718,20.64
721,1377332723,20.65
721,1377332728,20.64
721,1377332733,20.65
721,1377332738,20.66
721,1377332743,20.65
721,1377332748,20.65
721,1377332753,20.65
721,1377332758,20.64
721,1377332763,20.65
721,1377332768,20.65
721,1377332773,20.65
721,1377332778,20.65
721,1377332783,20.64
721,1377332788,20.65
721,1377332793,20.66
721,1377332798,20.66
721,1377332803,20.64
721,1377332808,20.65
721,1377332813,20.64
721,1377332818,20.66
721,1377332823,20.64
721,1377332828,20.66
721,1377332833,20.65
721,1377332838,20.66
721,1377332843,20.65
721,1377332848,20.64
721,1377332853,20.64
721,1377332858,20.66
721,1377332863,20.65
721,1377332868,20.64
721,1377332873,20.64
721,1377332878,20.64
721,1377332883,20.64
721,1377332888,20.65
721,1377332893,20.65
721,1377332898,20.65
721,1377332903,20.65
721,1377332908,20.64
721,1377332913,20.64
721,1377332918,20.64
721,1377332923,20.64
721,1377332928,20.65
721,1377332933,20.65
721,1377332938,20.64
721,1377332943,20.65
721,1377332948,20.64
721,1377332953,20.64
721,1377332958,20.65
721,1377332963,20.65
721,1377332968,20.65
721,1377332973,20.64
721,1377332978,20.65
721,1377332983,20.64
721,1377332988,20.64
721,1377332993,20.64
721,1377332998,20.63
721,1377333003,20.64
721,1377333008,20.64
721,1377333013,20.64
721,1377333018,20.64
721,1377333023,20.64
721,1377333028,20.64
721,1377333033,20.64
721,1377333038,20.63
721,1377333043,20.63
721,1377333048,20.64
721,1377333053,20.64
721,1377333058,20.64
721,1377333063,20.64
721,1377333068,20.64
721,1377333073,20.64
721,1377333078,20.63
721,1377333083,20.62
721,1377333088,20.63
721,1377333093,20.63
721,1377333098,20.63
721,1377333103,20.64
721,1377333108,20.63
721,1377333113,20.62
721,1377333118,20.64
721,1377333123,20.62
721,1377333128,20.63
721,1377333133,20.64
721,1377333138,20.64
721,1377333143,20.62
721,1377333148,20.63
721,1377333153,20.63
721,1377333158,20.64
721,1377333163,20.64
721,1377333168,20.63
721,1377333173,20.64
721,1377333178,20.62
721,1377333183,20.63
721,1377333188,20.62
721,1377333193,20.63
721,1377333198,20.64
721,1377333203,20.63
721,1377333208,20.63
721,1377333213,20.64
721,1377333218,20.63
721,1377333223,20.63
721,1377333228,20.63
721,1377333233,20.62
721,1377333238,20.63
721,1377333243,20.62
721,1377333248,20.62
721,1377333253,20.63
721,1377333258,20.62
721,1377333263,20.62
721,1377333268,20.62
721,1377333273,20.63
721,1377333278,20.63
721,1377333283,20.63
721,1377333288,20.63
721,1377333293,20.64
721,1377333298,20.61
721,1377333303,20.63
721,1377333308,20.62
721,1377333313,20.62
721,1377333318,20.62
721,1377333323,20.63
721,1377333328,20.62
721,1377333333,20.62
721,1377333338,20.63
721,1377333343,20.62
721,1377333348,20.63
721,1377333353,20.62
721,1377333358,20.62
721,1377333363,20.61
721,1377333368,20.62
721,1377333373,20.62
721,1377333378,20.62
721,1377333383,20.62
721,1377333388,20.63
721,1377333393,20.62
721,1377333398,20.62
721,1377333403,20.63
721,1377333408,20.62
721,1377333413,20.62
721,1377333418,20.6
721,1377333423,20.61
721,1377333428,20.62
721,1377333433,20.62
721,1377333438,20.63
721,1377333443,20.64
721,1377333448,20.62
721,1377333453,20.62
721,1377333458,20.61
721,1377333463,20.63
721,1377333468,20.62
721,1377333473,20.62
721,1377333478,20.62
721,1377333483,20.62
721,1377333488,20.62
721,1377333493,20.62
721,1377333498,20.63
721,1377333503,20.61
721,1377333508,20.63
721,1377333513,20.61
721,1377333518,20.61
721,1377333523,20.62
721,1377333528,20.61
721,1377333533,20.61
721,1377333538,20.61
721,1377333543,20.61
721,1377333548,20.61
721,1377333553,20.61
721,1377333558,20.61
721,1377333563,20.62
721,1377333568,20.61
721,1377333573,20.62
721,1377333578,20.62
721,1377333583,20.62
721,1377333588,20.62
721,1377333593,20.62
721,1377333598,20.6
721,1377333603,20.6
721,1377333608,20.62
721,1377333613,20.62
721,1377333618,20.6
721,1377333623,20.61
721,1377333628,20.6
721,1377333633,20.61
721,1377333638,20.61
721,1377333643,20.62
721,1377333648,20.61
721,1377333653,20.61
721,1377333658,20.62
721,1377333663,20.61
721,1377333668,20.62
721,1377333673,20.61
721,1377333678,20.62
721,1377333683,20.6
721,1377333688,20.61
721,1377333693,20.61
721,1377333698,20.6
721,1377333703,20.61
721,1377333708,20.61
721,1377333713,20.61
721,1377333718,20.62
721,1377333723,20.61
721,1377333728,20.61
721,1377333733,20.6
721,1377333738,20.61
721,1377333743,20.62
721,1377333748,20.62
721,1377333753,20.6
721,1377333758,20.61
721,1377333763,20.6
721,1377333768,20.62
721,1377333773,20.6
721,1377333778,20.62
721,1377333783,20.62
721,1377333788,20.62
721,1377333793,20.62
721,1377333798,20.62
721,1377333803,20.61
721,1377333808,20.6
721,1377333813,20.6
721,1377333818,20.61
721,1377333823,20.61
721,1377333828,20.6
721,1377333833,20.6
721,1377333838,20.6
721,1377333843,20.6
721,1377333848,20.6
721,1377333853,20.6
721,1377333858,20.61
721,1377333863,20.6
721,1377333868,20.6
721,1377333873,20.6
721,1377333878,20.6
721,1377333883,20.59
721,1377333888,20.6
721,1377333893,20.61
721,1377333898,20.61
721,1377333903,20.6
721,1377333908,20.61
721,1377333913,20.6
721,1377333918,20.6
721,1377333923,20.6
721,1377333928,20.6
721,1377333933,20.6
721,1377333938,20.6
721,1377333943,20.6
721,1377333948,20.6
721,1377333953,20.6
721,1377333958,20.61
721,1377333963,20.61
721,1377333968,20.6
721,1377333973,20.6
721,1377333978,20.6
721,1377333983,20.6
721,1377333988,20.6
721,1377333993,20.6
721,1377333998,20.6
721,1377334003,20.6
721,1377334008,20.6
721,1377334013,20.6
721,1377334018,20.6
721,1377334023,20.6
721,1377334028,20.6
721,1377334033,20.6
721,1377334038,20.6
721,1377334043,20.6
721,1377334048,20.6
721,1377334053,20.61
721,1377334058,20.6
721,1377334063,20.6
721,1377334068,20.6
721,1377334073,20.6
721,1377334078,20.59
721,1377334083,20.6
721,1377334088,20.6
721,1377334093,20.6
721,1377334098,20.6
721,1377334103,20.6
721,1377334108,20.6
721,1377334113,20.59
721,1377334118,20.6
721,1377334123,20.6
721,1377334128,20.6
721,1377334133,20.59
721,1377334138,20.59
721,1377334143,20.6
721,1377334148,20.59
721,1377334153,20.59
721,1377334158,20.6
721,1377334163,20.6
721,1377334168,20.58
721,1377334173,20.6
721,1377334178,20.59
721,1377334183,20.6
721,1377334188,20.6
721,1377334193,20.6
721,1377334198,20.6
721,1377334203,20.6
721,1377334208,20.59
721,1377334213,20.62
721,1377334218,20.6
721,1377334223,20.6
721,1377334228,20.59
721,1377334233,20.6
721,1377334238,20.59
721,1377334243,20.59
721,1377334248,20.6
721,1377334253,20.6
721,1377334258,20.6
721,1377334263,20.59
721,1377334268,20.6
721,1377334273,20.59
721,1377334278,20.6
721,1377334283,20.6
721,1377334288,20.6
721,1377334293,20.6
721,1377334298,20.6
721,1377334303,20.6
721,1377334308,20.6
721,1377334313,20.59
721,1377334318,20.59
721,1377334323,20.59
721,1377334328,20.59
721,1377334333,20.6
721,1377334338,20.58
721,1377334343,20.59
721,1377334348,20.59
721,1377334353,20.59
721,1377334358,20.58
721,1377334363,20.59
721,1377334368,20.59
721,1377334373,20.61
721,1377334378,20.6
721,1377334383,20.6
721,1377334388,20.6
721,1377334393,20.59
721,1377334398,20.6
721,1377334403,20.59
721,1377334408,20.59
721,1377334413,20.58
721,1377334418,20.6
721,1377334423,20.59
721,1377334428,20.6
721,1377334433,20.58
721,1377334438,20.6
721,1377334443,20.6
721,1377334448,20.59
721,1377334453,20.58
721,1377334458,20.6
721,1377334463,20.59
721,1377334468,20.58
721,1377334473,20.59
721,1377334478,20.6
721,1377334483,20.59
721,1377334488,20.59
721,1377334493,20.59
721,1377334498,20.58
721,1377334503,20.6
721,1377334508,20.59
721,1377334513,20.59
721,1377334518,20.59
721,1377334523,20.6
721,1377334528,20.6
721,1377334533,20.58
721,1377334538,20.59
721,1377334543,20.58
721,1377334548,20.59
721,1377334553,20.59
721,1377334558,20.58
721,1377334563,20.59
721,1377334568,20.59
721,1377334573,20.59
721,1377334578,20.59
721,1377334583,20.6
721,1377334588,20.59
721,1377334593,20.59
721,1377334598,20.59
721,1377334603,20.58
721,1377334608,20.58
721,1377334613,20.58
721,1377334618,20.59
721,1377334623,20.58
721,1377334628,20.58
721,1377334633,20.6
721,1377334638,20.58
721,1377334643,20.58
721,1377334648,20.58
721,1377334653,20.58
721,1377334658,20.58
721,1377334663,20.58
721,1377334668,20.58
721,1377334673,20.57
721,1377334678,20.58
721,1377334683,20.58
721,1377334688,20.58
721,1377334693,20.57
721,1377334698,20.57
721,1377334703,20.58
721,1377334708,20.58
721,1377334713,20.57
721,1377334718,20.58
721,1377334723,20.58
721,1377334728,20.58
721,1377334733,20.58
721,1377334738,20.57
721,1377334743,20.57
721,1377334748,20.57
721,1377334753,20.58
721,1377334758,20.58
721,1377334763,20.58
721,1377334768,20.57
721,1377334773,20.58
721,1377334778,20.58
721,1377334783,20.57
721,1377334788,20.58
721,1377334793,20.56
721,1377334798,20.57
721,1377334803,20.57
721,1377334808,20.57
721,1377334813,20.57
721,1377334818,20.58
721,1377334823,20.56
721,1377334828,20.57
721,1377334833,20.56
721,1377334838,20.56
721,1377334843,20.56
721,1377334848,20.56
721,1377334853,20.57
721,1377334858,20.58
721,1377334863,20.57
721,1377334868,20.58
721,1377334873,20.57
721,1377334878,20.58
721,1377334883,20.58
721,1377334888,20.57
721,1377334893,20.56
721,1377334898,20.57
721,1377334903,20.58
721,1377334908,20.58
721,1377334913,20.57
721,1377334918,20.57
721,1377334923,20.58
721,1377334928,20.58
721,1377334933,20.56
721,1377334938,20.58
721,1377334943,20.57
721,1377334948,20.56
721,1377334953,20.57
721,1377334958,20.57
721,1377334963,20.58
721,1377334968,20.57
721,1377334973,20.56
721,1377334978,20.56
721,1377334983,20.58
721,1377334988,20.56
721,1377334993,20.56
721,1377334998,20.56
721,1377335003,20.57
721,1377335008,20.57
721,1377335013,20.58
721,1377335018,20.56
721,1377335023,20.57
721,1377335028,20.57
721,1377335033,20.57
721,1377335038,20.57
721,1377335043,20.57
721,1377335048,20.56
721,1377335053,20.56
721,1377335058,20.57
721,1377335063,20.56
721,1377335068,20.58
721,1377335073,20.56
721,1377335078,20.58
721,1377335083,20.57
721,1377335088,20.56
721,1377335093,20.56
721,1377335098,20.56
721,1377335103,20.56
721,1377335108,20.57
721,1377335113,20.56
721,1377335118,20.56
721,1377335123,20.56
721,1377335128,20.57
721,1377335133,20.56
721,1377335138,20.56
721,1377335143,20.56
721,1377335148,20.56
721,1377335153,20.56
721,1377335158,20.56
721,1377335163,20.56
721,1377335168,20.58
721,1377335173,20.55
721,1377335178,20.56
721,1377335183,20.56
721,1377335188,20.56
721,1377335193,20.56
721,1377335198,20.56
721,1377335203,20.56
721,1377335208,20.57
721,1377335213,20.54
721,1377335218,20.56
721,1377335223,20.55
721,1377335228,20.57
721,1377335233,20.56
721,1377335238,20.55
721,1377335243,20.56
721,1377335248,20.55
721,1377335253,20.56
721,1377335258,20.55
721,1377335263,20.56
721,1377335268,20.56
721,1377335273,20.55
721,1377335278,20.55
721,1377335283,20.55
721,1377335288,20.55
721,1377335293,20.55
721,1377335298,20.56
721,1377335303,20.56
721,1377335308,20.55
721,1377335313,20.54
721,1377335318,20.54
721,1377335323,20.55
721,1377335328,20.55
721,1377335333,20.55
721,1377335338,20.55
721,1377335343,20.54
721,1377335348,20.53
721,1377335353,20.54
721,1377335358,20.54
721,1377335363,20.54
721,1377335368,20.54
721,1377335373,20.54
721,1377335378,20.55
721,1377335383,20.54
721,1377335388,20.54
721,1377335393,20.55
721,1377335398,20.54
721,1377335403,20.54
721,1377335408,20.55
721,1377335413,20.55
721,1377335418,20.54
721,1377335423,20.54
721,1377335428,20.53
721,1377335433,20.54
721,1377335438,20.54
721,1377335443,20.53
721,1377335448,20.54
721,1377335453,20.53
721,1377335458,20.54
721,1377335463,20.55
721,1377335468,20.54
721,1377335473,20.54
721,1377335478,20.54
721,1377335483,20.54
721,1377335488,20.54
721,1377335493,20.53
721,1377335498,20.54
721,1377335503,20.54
721,1377335508,20.53
721,1377335513,20.54
721,1377335518,20.54
721,1377335523,20.54
721,1377335528,20.54
721,1377335533,20.54
721,1377335538,20.54
721,1377335543,20.54
721,1377335548,20.54
721,1377335553,20.53
721,1377335558,20.54
721,1377335563,20.54
721,1377335568,20.54
721,1377335573,20.54
721,1377335578,20.52
721,1377335583,20.53
721,1377335588,20.53
721,1377335593,20.54
721,1377335598,20.54
721,1377335603,20.53
721,1377335608,20.54
721,1377335613,20.54
721,1377335618,20.53
721,1377335623,20.53
721,1377335628,20.53
721,1377335633,20.53
721,1377335638,20.53
721,1377335643,20.53
721,1377335648,20.53
721,1377335653,20.53
721,1377335658,20.54
721,1377335663,20.53
721,1377335668,20.54
721,1377335673,20.52
721,1377335678,20.52
721,1377335683,20.53
721,1377335688,20.54
721,1377335693,20.54
721,1377335698,20.53
721,1377335703,20.52
721,1377335708,20.53
721,1377335713,20.52
721,1377335718,20.53
721,1377335723,20.53
721,1377335728,20.53
721,1377335733,20.52
721,1377335738,20.52
721,1377335743,20.52
721,1377335748,20.51
721,1377335753,20.52
721,1377335758,20.52
721,1377335763,20.52
721,1377335768,20.52
721,1377335773,20.53
721,1377335778,20.52
721,1377335783,20.53
721,1377335788,20.52
721,1377335793,20.52
721,1377335798,20.52
721,1377335803,20.52
721,1377335808,20.52
721,1377335813,20.52
721,1377335818,20.52
721,1377335823,20.51
721,1377335828,20.52
721,1377335833,20.52
721,1377335838,20.52
721,1377335843,20.52
721,1377335848,20.52
721,1377335853,20.52
721,1377335858,20.52
721,1377335863,20.52
721,1377335868,20.52
721,1377335873,20.51
721,1377335878,20.52
721,1377335883,20.51
721,1377335888,20.52
721,1377335893,20.51
721,1377335898,20.51
721,1377335903,20.52
721,1377335908,20.52
721,1377335913,20.52
721,1377335918,20.52
721,1377335923,20.52
721,1377335928,20.52
721,1377335933,20.52
721,1377335938,20.51
721,1377335943,20.5
721,1377335948,20.52
721,1377335953,20.52
721,1377335958,20.51
721,1377335963,20.52
721,1377335968,20.5
721,1377335973,20.52
721,1377335978,20.51
721,1377335983,20.5
721,1377335988,20.51
721,1377335993,20.5
721,1377335998,20.51
721,1377336003,20.52
721,1377336008,20.51
721,1377336013,20.52
721,1377336018,20.5
721,1377336023,20.5
721,1377336028,20.51
721,1377336033,20.5
721,1377336038,20.5
721,1377336043,20.52
721,1377336048,20.51
721,1377336053,20.52
721,1377336058,20.51
721,1377336063,20.51
721,1377336068,20.51
721,1377336073,20.51
721,1377336078,20.5
721,1377336083,20.52
721,1377336088,20.51
721,1377336093,20.51
721,1377336098,20.51
721,1377336103,20.5
721,1377336108,20.5
721,1377336113,20.5
721,1377336118,20.5
721,1377336123,20.5
721,1377336128,20.51
721,1377336133,20.5
721,1377336138,20.5
721,1377336143,20.5
721,1377336148,20.51
721,1377336153,20.5
721,1377336158,20.51
721,1377336163,20.52
721,1377336168,20.51
721,1377336173,20.51
721,1377336178,20.5
721,1377336183,20.5
721,1377336188,20.5
721,1377336193,20.5
721,1377336198,20.51
721,1377336203,20.51
721,1377336208,20.51
721,1377336213,20.52
721,1377336218,20.51
721,1377336223,20.51
721,1377336228,20.52
721,1377336233,20.5
721,1377336238,20.51
721,1377336243,20.51
721,1377336248,20.51
721,1377336253,20.5
721,1377336258,20.51
721,1377336263,20.51
721,1377336268,20.5
721,1377336273,20.5
721,1377336278,20.51
721,1377336283,20.5
721,1377336288,20.51
721,1377336293,20.53
721,1377336298,20.5
721,1377336303,20.5
721,1377336308,20.5
721,1377336313,20.5
721,1377336318,20.5
721,1377336323,20.52
721,1377336328,20.51
721,1377336333,20.51
721,1377336338,20.51
721,1377336343,20.51
721,1377336348,20.5
721,1377336353,20.5
721,1377336358,20.51
721,1377336363,20.5
721,1377336368,20.51
721,1377336373,20.51
721,1377336378,20.51
721,1377336383,20.5
721,1377336388,20.5
721,1377336393,20.5
721,1377336398,20.5
721,1377336403,20.5
721,1377336408,20.5
721,1377336413,20.5
721,1377336418,20.49
721,1377336423,20.51
721,1377336428,20.51
721,1377336433,20.51
721,1377336438,20.51
721,1377336443,20.5
721,1377336448,20.5
721,1377336453,20.5
721,1377336458,20.5
721,1377336463,20.5
721,1377336468,20.5
721,1377336473,20.5
721,1377336478,20.51
721,1377336483,20.49
721,1377336488,20.5
721,1377336493,20.49
721,1377336498,20.5
721,1377336503,20.49
721,1377336508,20.49
721,1377336513,20.49
721,1377336518,20.5
721,1377336523,20.5
721,1377336528,20.5
721,1377336533,20.49
721,1377336538,20.5
721,1377336543,20.5
721,1377336548,20.5
721,1377336553,20.5
721,1377336558,20.49
721,1377336563,20.5
721,1377336568,20.5
721,1377336573,20.5
721,1377336578,20.49
721,1377336583,20.5
721,1377336588,20.5
721,1377336593,20.49
721,1377336598,20.49
721,1377336603,20.5
721,1377336608,20.48
721,1377336613,20.5
721,1377336618,20.5
721,1377336623,20.49
721,1377336628,20.5
721,1377336633,20.49
721,1377336638,20.5
721,1377336643,20.49
721,1377336648,20.5
721,1377336653,20.49
721,1377336658,20.5
721,1377336663,20.51
721,1377336668,20.5
721,1377336673,20.5
721,1377336678,20.49
721,1377336683,20.5
721,1377336688,20.49
721,1377336693,20.49
721,1377336698,20.5
721,1377336703,20.49
721,1377336708,20.5
721,1377336713,20.49
721,1377336718,20.48
721,1377336723,20.49
721,1377336728,20.48
721,1377336733,20.5
721,1377336738,20.49
721,1377336743,20.49
721,1377336748,20.48
721,1377336753,20.49
721,1377336758,20.48
721,1377336763,20.48
721,1377336768,20.48
721,1377336773,20.5
721,1377336778,20.48
721,1377336783,20.5
721,1377336788,20.48
721,1377336793,20.48
721,1377336798,20.48
721,1377336803,20.48
721,1377336808,20.49
721,1377336813,20.48
721,1377336818,20.49
721,1377336823,20.48
721,1377336828,20.48
721,1377336833,20.48
721,1377336838,20.48
721,1377336843,20.47
721,1377336848,20.49
721,1377336853,20.49
721,1377336858,20.48
721,1377336863,20.49
721,1377336868,20.49
721,1377336873,20.48
721,1377336878,20.48
721,1377336883,20.48
721,1377336888,20.48
721,1377336893,20.48
721,1377336898,20.49
721,1377336903,20.49
721,1377336908,20.48
721,1377336913,20.47
721,1377336918,20.48
721,1377336923,20.48
721,1377336928,20.48
721,1377336933,20.47
721,1377336938,20.48
721,1377336943,20.48
721,1377336948,20.48
721,1377336953,20.48
721,1377336958,20.48
721,1377336963,20.48
721,1377336968,20.48
721,1377336973,20.48
721,1377336978,20.48
721,1377336983,20.48
721,1377336988,20.48
721,1377336993,20.48
721,1377336998,20.47
721,1377337003,20.47
721,1377337008,20.48
721,1377337013,20.48
721,1377337018,20.47
721,1377337023,20.48
721,1377337028,20.48
721,1377337033,20.48
721,1377337038,20.48
721,1377337043,20.48
721,1377337048,20.48
721,1377337053,20.48
721,1377337058,20.48
721,1377337063,20.48
721,1377337068,20.48
721,1377337073,20.48
721,1377337078,20.49
721,1377337083,20.48
721,1377337088,20.48
721,1377337093,20.49
721,1377337098,20.48
721,1377337103,20.48
721,1377337108,20.48
721,1377337113,20.48
721,1377337118,20.49
721,1377337123,20.48
721,1377337128,20.48
721,1377337133,20.48
721,1377337138,20.48
721,1377337143,20.47
721,1377337148,20.47
721,1377337153,20.47
721,1377337158,20.48
721,1377337163,20.47
721,1377337168,20.47
721,1377337173,20.48
721,1377337178,20.47
721,1377337183,20.48
721,1377337188,20.48
721,1377337193,20.48
721,1377337198,20.48
721,1377337203,20.48
721,1377337208,20.48
721,1377337213,20.47
721,1377337218,20.48
721,1377337223,20.47
721,1377337228,20.46
721,1377337233,20.47
721,1377337238,20.47
721,1377337243,20.46
721,1377337248,20.48
721,1377337253,20.47
721,1377337258,20.48
721,1377337263,20.47
721,1377337268,20.46
721,1377337273,20.47
721,1377337278,20.48
721,1377337283,20.47
721,1377337288,20.47
721,1377337293,20.47
721,1377337298,20.46
721,1377337303,20.48
721,1377337308,20.46
721,1377337313,20.46
721,1377337318,20.47
721,1377337323,20.47
721,1377337328,20.48
721,1377337333,20.47
721,1377337338,20.47
721,1377337343,20.47
721,1377337348,20.47
721,1377337353,20.46
721,1377337358,20.47
721,1377337363,20.47
721,1377337368,20.48
721,1377337373,20.48
721,1377337378,20.47
721,1377337383,20.47
721,1377337388,20.47
721,1377337393,20.46
721,1377337398,20.47
721,1377337403,20.47
721,1377337408,20.48
721,1377337413,20.47
721,1377337418,20.47
721,1377337423,20.46
721,1377337428,20.47
721,1377337433,20.47
721,1377337438,20.47
721,1377337443,20.47
721,1377337448,20.46
721,1377337453,20.47
721,1377337458,20.46
721,1377337463,20.47
721,1377337468,20.46
721,1377337473,20.47
721,1377337478,20.47
721,1377337483,20.48
721,1377337488,20.47
721,1377337493,20.47
721,1377337498,20.46
721,1377337503,20.46
721,1377337508,20.47
721,1377337513,20.45
721,1377337518,20.46
721,1377337523,20.46
721,1377337528,20.46
721,1377337533,20.48
721,1377337538,20.47
721,1377337543,20.47
721,1377337548,20.47
721,1377337553,20.47
721,1377337558,20.48
721,1377337563,20.48
721,1377337568,20.48
721,1377337573,20.48
721,1377337578,20.47
721,1377337583,20.48
721,1377337588,20.46
721,1377337593,20.47
721,1377337598,20.46
721,1377337603,20.48
721,1377337608,20.47
721,1377337613,20.47
721,1377337618,20.47
721,1377337623,20.47
721,1377337628,20.46
721,1377337633,20.48
721,1377337638,20.46
721,1377337643,20.47
721,1377337648,20.46
721,1377337653,20.46
721,1377337658,20.47
721,1377337663,20.47
721,1377337668,20.48
721,1377337673,20.48
721,1377337678,20.47
721,1377337683,20.47
721,1377337688,20.47
721,1377337693,20.47
721,1377337698,20.47
721,1377337703,20.45
721,1377337708,20.46
721,1377337713,20.47
721,1377337718,20.47
721,1377337723,20.47
721,1377337728,20.46
721,1377337733,20.46
721,1377337738,20.46
721,1377337743,20.46
721,1377337748,20.46
721,1377337753,20.46
721,1377337758,20.46
721,1377337763,20.46
721,1377337768,20.46
721,1377337773,20.46
721,1377337778,20.46
721,1377337783,20.46
721,1377337788,20.47
721,1377337793,20.47
721,1377337798,20.45
721,1377337803,20.46
721,1377337808,20.46
721,1377337813,20.47
721,1377337818,20.46
721,1377337823,20.46
721,1377337828,20.46
721,1377337833,20.46
721,1377337838,20.46
721,1377337843,20.48
721,1377337848,20.47
721,1377337853,20.48
721,1377337858,20.46
721,1377337863,20.47
721,1377337868,20.46
721,1377337873,20.46
721,1377337878,20.47
721,1377337883,20.46
721,1377337888,20.46
721,1377337893,20.47
721,1377337898,20.46
721,1377337903,20.47
721,1377337908,20.46
721,1377337913,20.46
721,1377337918,20.47
721,1377337923,20.46
721,1377337928,20.47
721,1377337933,20.47
721,1377337938,20.47
721,1377337943,20.46
721,1377337948,20.46
721,1377337953,20.46
721,1377337958,20.46
721,1377337963,20.46
721,1377337968,20.46
721,1377337973,20.46
721,1377337978,20.46
721,1377337983,20.46
721,1377337988,20.46
721,1377337993,20.48
721,1377337998,20.46
721,1377338003,20.46
721,1377338008,20.46
721,1377338013,20.46
721,1377338018,20.47
721,1377338023,20.47
721,1377338028,20.46
721,1377338033,20.45
721,1377338038,20.46
721,1377338043,20.46
721,1377338048,20.46
721,1377338053,20.46
721,1377338058,20.46
721,1377338063,20.46
721,1377338068,20.46
721,1377338073,20.46
721,1377338078,20.46
721,1377338083,20.46
721,1377338088,20.46
721,1377338093,20.46
721,1377338098,20.46
721,1377338103,20.46
721,1377338108,20.46
721,1377338113,20.46
721,1377338118,20.46
721,1377338123,20.46
721,1377338128,20.47
721,1377338133,20.45
721,1377338138,20.47
721,1377338143,20.46
721,1377338148,20.46
721,1377338153,20.46
721,1377338158,20.45
721,1377338163,20.46
721,1377338168,20.46
721,1377338173,20.46
721,1377338178,20.47
721,1377338183,20.46
721,1377338188,20.46
721,1377338193,20.46
721,1377338198,20.46
721,1377338203,20.46
721,1377338208,20.45
721,1377338213,20.45
721,1377338218,20.46
721,1377338223,20.45
721,1377338228,20.46
721,1377338233,20.46
721,1377338238,20.46
721,1377338243,20.46
721,1377338248,20.46
721,1377338253,20.46
721,1377338258,20.46
721,1377338263,20.46
721,1377338268,20.45
721,1377338273,20.45
721,1377338278,20.46
721,1377338283,20.45
721,1377338288,20.45
721,1377338293,20.45
721,1377338298,20.46
721,1377338303,20.44
721,1377338308,20.45
721,1377338313,20.46
721,1377338318,20.44
721,1377338323,20.45
721,1377338328,20.44
721,1377338333,20.44
721,1377338338,20.44
721,1377338343,20.46
721,1377338348,20.45
721,1377338353,20.45
721,1377338358,20.45
721,1377338363,20.44
721,1377338368,20.44
721,1377338373,20.45
721,1377338378,20.45
721,1377338383,20.44
721,1377338388,20.45
721,1377338393,20.46
721,1377338398,20.45
721,1377338403,20.45
721,1377338408,20.45
721,1377338413,20.44
721,1377338418,20.44
721,1377338423,20.44
721,1377338428,20.44
721,1377338433,20.43
721,1377338438,20.45
721,1377338443,20.45
721,1377338448,20.45
721,1377338453,20.45
721,1377338458,20.44
721,1377338463,20.44
721,1377338468,20.44
721,1377338473,20.44
721,1377338478,20.44
721,1377338483,20.46
721,1377338488,20.44
721,1377338493,20.44
721,1377338498,20.45
721,1377338503,20.44
721,1377338508,20.43
721,1377338513,20.44
721,1377338518,20.44
721,1377338523,20.45
721,1377338528,20.44
721,1377338533,20.45
721,1377338538,20.44
721,1377338543,20.45
721,1377338548,20.45
721,1377338553,20.44
721,1377338558,20.44
721,1377338563,20.44
721,1377338568,20.44
721,1377338573,20.44
721,1377338578,20.44
721,1377338583,20.44
721,1377338588,20.44
721,1377338593,20.44
721,1377338598,20.43
721,1377338603,20.44
721,1377338608,20.44
721,1377338613,20.44
721,1377338618,20.45
721,1377338623,20.45
721,1377338628,20.44
721,1377338633,20.43
721,1377338638,20.44
721,1377338643,20.43
721,1377338648,20.44
721,1377338653,20.44
721,1377338658,20.45
721,1377338663,20.44
721,1377338668,20.44
721,1377338673,20.44
721,1377338678,20.44
721,1377338683,20.44
721,1377338688,20.44
721,1377338693,20.43
721,1377338698,20.44
721,1377338703,20.43
721,1377338708,20.43
721,1377338713,20.44
721,1377338718,20.44
721,1377338723,20.44
721,1377338728,20.43
721,1377338733,20.44
721,1377338738,20.44
721,1377338743,20.44
721,1377338748,20.44
721,1377338753,20.43
721,1377338758,20.44
721,1377338763,20.43
721,1377338768,20.44
721,1377338773,20.44
721,1377338778,20.44
721,1377338783,20.44
721,1377338788,20.43
721,1377338793,20.44
721,1377338798,20.43
721,1377338803,20.43
721,1377338808,20.43
721,1377338813,20.44
721,1377338818,20.42
721,1377338823,20.44
721,1377338828,20.43
721,1377338833,20.44
721,1377338838,20.43
721,1377338843,20.42
721,1377338848,20.43
721,1377338853,20.42
721,1377338858,20.43
721,1377338863,20.43
721,1377338868,20.43
721,1377338873,20.44
721,1377338878,20.42
721,1377338883,20.42
721,1377338888,20.42
721,1377338893,20.42
721,1377338898,20.42
721,1377338903,20.42
721,1377338908,20.44
721,1377338913,20.43
721,1377338918,20.44
721,1377338923,20.42
721,1377338928,20.43
721,1377338933,20.42
721,1377338938,20.43
721,1377338943,20.43
721,1377338948,20.43
721,1377338953,20.43
721,1377338958,20.43
721,1377338963,20.42
721,1377338968,20.42
721,1377338973,20.43
721,1377338978,20.42
721,1377338983,20.42
721,1377338988,20.42
721,1377338993,20.42
721,1377338998,20.42
721,1377339003,20.42
721,1377339008,20.42
721,1377339013,20.42
721,1377339018,20.42
721,1377339023,20.42
721,1377339028,20.42
721,1377339033,20.42
721,1377339038,20.43
721,1377339043,20.42
721,1377339048,20.42
721,1377339053,20.43
721,1377339058,20.43
721,1377339063,20.42
721,1377339068,20.42
721,1377339073,20.42
721,1377339078,20.43
721,1377339083,20.42
721,1377339088,20.42
721,1377339093,20.42
721,1377339098,20.42
721,1377339103,20.42
721,1377339108,20.42
721,1377339113,20.41
721,1377339118,20.42
721,1377339123,20.4
721,1377339128,20.41
721,1377339133,20.41
721,1377339138,20.4
721,1377339143,20.42
721,1377339148,20.41
721,1377339153,20.42
721,1377339158,20.42
721,1377339163,20.42
721,1377339168,20.42
721,1377339173,20.41
721,1377339178,20.42
721,1377339183,20.42
721,1377339188,20.41
721,1377339193,20.42
721,1377339198,20.42
721,1377339203,20.42
721,1377339208,20.42
721,1377339213,20.41
721,1377339218,20.4
721,1377339223,20.42
721,1377339228,20.41
721,1377339233,20.42
721,1377339238,20.4
721,1377339243,20.41
721,1377339248,20.41
721,1377339253,20.4
721,1377339258,20.42
721,1377339263,20.41
721,1377339268,20.4
721,1377339273,20.41
721,1377339278,20.41
721,1377339283,20.41
721,1377339288,20.42
721,1377339293,20.4
721,1377339298,20.42
721,1377339303,20.4
721,1377339308,20.41
721,1377339313,20.41
721,1377339318,20.4
721,1377339323,20.41
721,1377339328,20.42
721,1377339333,20.41
721,1377339338,20.41
721,1377339343,20.42
721,1377339348,20.42
721,1377339353,20.42
721,1377339358,20.42
721,1377339363,20.41
721,1377339368,20.4
721,1377339373,20.42
721,1377339378,20.42
721,1377339383,20.4
721,1377339388,20.41
721,1377339393,20.42
721,1377339398,20.41
721,1377339403,20.41
721,1377339408,20.42
721,1377339413,20.41
721,1377339418,20.42
721,1377339423,20.42
721,1377339428,20.42
721,1377339433,20.42
721,1377339438,20.41
721,1377339443,20.41
721,1377339448,20.41
721,1377339453,20.41
721,1377339458,20.42
721,1377339463,20.41
721,1377339468,20.42
721,1377339473,20.42
721,1377339478,20.41
721,1377339483,20.42
721,1377339488,20.41
721,1377339493,20.42
721,1377339498,20.41
721,1377339503,20.4
721,1377339508,20.41
721,1377339513,20.41
721,1377339518,20.41
721,1377339523,20.41
721,1377339528,20.4
721,1377339533,20.4
721,1377339538,20.42
721,1377339543,20.41
721,1377339548,20.41
721,1377339553,20.41
721,1377339558,20.41
721,1377339563,20.41
721,1377339568,20.4
721,1377339573,20.41
721,1377339578,20.41
721,1377339583,20.41
721,1377339588,20.41
721,1377339593,20.41
721,1377339598,20.41
721,1377339603,20.4
721,1377339608,20.4
721,1377339613,20.4
721,1377339618,20.4
721,1377339623,20.41
721,1377339628,20.4
721,1377339633,20.41
721,1377339638,20.4
721,1377339643,20.41
721,1377339648,20.4
721,1377339653,20.4
721,1377339658,20.39
721,1377339663,20.4
721,1377339668,20.4
721,1377339673,20.4
721,1377339678,20.4
721,1377339683,20.4
721,1377339688,20.41
721,1377339693,20.41
721,1377339698,20.4
721,1377339703,20.4
721,1377339708,20.4
721,1377339713,20.4
721,1377339718,20.4
721,1377339723,20.4
721,1377339728,20.4
721,1377339733,20.41
721,1377339738,20.4
721,1377339743,20.4
721,1377339748,20.41
721,1377339753,20.4
721,1377339758,20.41
721,1377339763,20.4
721,1377339768,20.4
721,1377339773,20.41
721,1377339778,20.41
721,1377339783,20.4
721,1377339788,20.4
721,1377339793,20.39
721,1377339798,20.4
721,1377339803,20.41
721,1377339808,20.41
721,1377339813,20.4
721,1377339818,20.4
721,1377339823,20.4
721,1377339828,20.39
721,1377339833,20.39
721,1377339838,20.39
721,1377339843,20.39
721,1377339848,20.4
721,1377339853,20.4
721,1377339858,20.39
721,1377339863,20.4
721,1377339868,20.4
721,1377339873,20.39
721,1377339878,20.4
721,1377339883,20.4
721,1377339888,20.4
721,1377339893,20.39
721,1377339898,20.39
721,1377339903,20.39
721,1377339908,20.4
721,1377339913,20.4
721,1377339918,20.4
721,1377339923,20.4
721,1377339928,20.4
721,1377339933,20.4
721,1377339938,20.4
721,1377339943,20.38
721,1377339948,20.39
721,1377339953,20.38
721,1377339958,20.39
721,1377339963,20.39
721,1377339968,20.39
721,1377339973,20.4
721,1377339978,20.4
721,1377339983,20.39
721,1377339988,20.39
721,1377339993,20.4
721,1377339998,20.4
721,1377340003,20.39
721,1377340008,20.39
721,1377340013,20.39
721,1377340018,20.4
721,1377340023,20.39
721,1377340028,20.39
721,1377340033,20.39
721,1377340038,20.39
721,1377340043,20.4
721,1377340048,20.39
721,1377340053,20.39
721,1377340058,20.39
721,1377340063,20.4
721,1377340068,20.39
721,1377340073,20.4
721,1377340078,20.4
721,1377340083,20.4
721,1377340088,20.39
721,1377340093,20.4
721,1377340098,20.4
721,1377340103,20.39
721,1377340108,20.39
721,1377340113,20.39
721,1377340118,20.38
721,1377340123,20.38
721,1377340128,20.39
721,1377340133,20.38
721,1377340138,20.39
721,1377340143,20.4
721,1377340148,20.39
721,1377340153,20.39
721,1377340158,20.4
721,1377340163,20.39
721,1377340168,20.38
721,1377340173,20.39
721,1377340178,20.4
721,1377340183,20.4
721,1377340188,20.39
721,1377340193,20.4
721,1377340198,20.39
721,1377340203,20.39
721,1377340208,20.39
721,1377340213,20.4
721,1377340218,20.4
721,1377340223,20.39
721,1377340228,20.4
721,1377340233,20.38
721,1377340238,20.39
721,1377340243,20.39
721,1377340248,20.39
721,1377340253,20.39
721,1377340258,20.4
721,1377340263,20.39
721,1377340268,20.4
721,1377340273,20.4
721,1377340278,20.39
721,1377340283,20.39
721,1377340288,20.39
721,1377340293,20.39
721,1377340298,20.38
721,1377340303,20.38
721,1377340308,20.38
721,1377340313,20.39
721,1377340318,20.39
721,1377340323,20.38
721,1377340328,20.38
721,1377340333,20.39
721,1377340338,20.39
721,1377340343,20.38
721,1377340348,20.38
721,1377340353,20.39
721,1377340358,20.38
721,1377340363,20.39
721,1377340368,20.39
721,1377340373,20.39
721,1377340378,20.4
721,1377340383,20.38
721,1377340388,20.4
721,1377340393,20.4
721,1377340398,20.38
721,1377340403,20.39
721,1377340408,20.38
721,1377340413,20.39
721,1377340418,20.39
721,1377340423,20.39
721,1377340428,20.38
721,1377340433,20.38
721,1377340438,20.4
721,1377340443,20.4
721,1377340448,20.39
721,1377340453,20.38
721,1377340458,20.4
721,1377340463,20.39
721,1377340468,20.39
721,1377340473,20.39
721,1377340478,20.38
721,1377340483,20.39
721,1377340488,20.39
721,1377340493,20.39
721,1377340498,20.38
721,1377340503,20.38
721,1377340508,20.38
721,1377340513,20.39
721,1377340518,20.38
721,1377340523,20.39
721,1377340528,20.4
721,1377340533,20.4
721,1377340538,20.38
721,1377340543,20.38
721,1377340548,20.39
721,1377340553,20.39
721,1377340558,20.39
721,1377340563,20.38
721,1377340568,20.38
721,1377340573,20.38
721,1377340578,20.38
721,1377340583,20.38
721,1377340588,20.37
721,1377340593,20.38
721,1377340598,20.39
721,1377340603,20.38
721,1377340608,20.39
721,1377340613,20.38
721,1377340618,20.37
721,1377340623,20.38
721,1377340628,20.38
721,1377340633,20.39
721,1377340638,20.39
721,1377340643,20.38
721,1377340648,20.39
721,1377340653,20.37
721,1377340658,20.37
721,1377340663,20.38
721,1377340668,20.38
721,1377340673,20.36
721,1377340678,20.37
721,1377340683,20.36
721,1377340688,20.38
721,1377340693,20.38
721,1377340698,20.38
721,1377340703,20.37
721,1377340708,20.38
721,1377340713,20.37
721,1377340718,20.38
721,1377340723,20.38
721,1377340728,20.38
721,1377340733,20.38
721,1377340738,20.38
721,1377340743,20.38
721,1377340748,20.38
721,1377340753,20.38
721,1377340758,20.37
721,1377340763,20.38
721,1377340768,20.37
721,1377340773,20.38
721,1377340778,20.38
721,1377340783,20.38
721,1377340788,20.38
721,1377340793,20.38
721,1377340798,20.38
721,1377340803,20.39
721,1377340808,20.38
721,1377340813,20.36
721,1377340818,20.38
721,1377340823,20.37
721,1377340828,20.37
721,1377340833,20.37
721,1377340838,20.38
721,1377340843,20.37
721,1377340848,20.37
721,1377340853,20.38
721,1377340858,20.38
721,1377340863,20.38
721,1377340868,20.37
721,1377340873,20.38
721,1377340878,20.38
721,1377340883,20.38
721,1377340888,20.37
721,1377340893,20.38
721,1377340898,20.38
721,1377340903,20.38
721,1377340908,20.37
721,1377340913,20.36
721,1377340918,20.38
721,1377340923,20.37
721,1377340928,20.36
721,1377340933,20.36
721,1377340938,20.38
721,1377340943,20.36
721,1377340948,20.37
721,1377340953,20.37
721,1377340958,20.37
721,1377340963,20.37
721,1377340968,20.37
721,1377340973,20.38
721,1377340978,20.36
721,1377340983,20.37
721,1377340988,20.37
721,1377340993,20.36
721,1377340998,20.37
721,1377341003,20.37
721,1377341008,20.37
721,1377341013,20.36
721,1377341018,20.37
721,1377341023,20.38
721,1377341028,20.38
721,1377341033,20.36
721,1377341038,20.37
721,1377341043,20.37
721,1377341048,20.36
721,1377341053,20.36
721,1377341058,20.36
721,1377341063,20.37
721,1377341068,20.36
721,1377341073,20.38
721,1377341078,20.36
721,1377341083,20.36
721,1377341088,20.36
721,1377341093,20.36
721,1377341098,20.36
721,1377341103,20.36
721,1377341108,20.38
721,1377341113,20.36
721,1377341118,20.37
721,1377341123,20.37
721,1377341128,20.37
721,1377341133,20.37
721,1377341138,20.36
721,1377341143,20.37
721,1377341148,20.37
721,1377341153,20.37
721,1377341158,20.37
721,1377341163,20.37
721,1377341168,20.36
721,1377341173,20.38
721,1377341178,20.36
721,1377341183,20.36
721,1377341188,20.37
721,1377341193,20.36
721,1377341198,20.36
721,1377341203,20.36
721,1377341208,20.37
721,1377341213,20.36
721,1377341218,20.36
721,1377341223,20.37
721,1377341228,20.37
721,1377341233,20.37
721,1377341238,20.36
721,1377341243,20.37
721,1377341248,20.36
721,1377341253,20.37
721,1377341258,20.36
721,1377341263,20.36
721,1377341268,20.37
721,1377341273,20.37
721,1377341278,20.36
721,1377341283,20.35
721,1377341288,20.37
721,1377341293,20.37
721,1377341298,20.36
721,1377341303,20.37
721,1377341308,20.38
721,1377341313,20.36
721,1377341318,20.36
721,1377341323,20.37
721,1377341328,20.36
721,1377341333,20.35
721,1377341338,20.36
721,1377341343,20.36
721,1377341348,20.36
721,1377341353,20.36
721,1377341358,20.35
721,1377341363,20.37
721,1377341368,20.37
721,1377341373,20.36
721,1377341378,20.38
721,1377341383,20.37
721,1377341388,20.36
721,1377341393,20.37
721,1377341398,20.38
721,1377341403,20.37
721,1377341408,20.36
721,1377341413,20.36
721,1377341418,20.37
721,1377341423,20.37
721,1377341428,20.36
721,1377341433,20.37
721,1377341438,20.36
721,1377341443,20.36
721,1377341448,20.35
721,1377341453,20.36
721,1377341458,20.36
721,1377341463,20.36
721,1377341468,20.34
721,1377341473,20.36
721,1377341478,20.35
721,1377341483,20.36
721,1377341488,20.37
721,1377341493,20.36
721,1377341498,20.36
721,1377341503,20.36
721,1377341508,20.35
721,1377341513,20.36
721,1377341518,20.34
721,1377341523,20.36
721,1377341528,20.35
721,1377341533,20.35
721,1377341538,20.35
721,1377341543,20.35
721,1377341548,20.35
721,1377341553,20.35
721,1377341558,20.35
721,1377341563,20.36
721,1377341568,20.35
721,1377341573,20.36
721,1377341578,20.35
721,1377341583,20.36
721,1377341588,20.35
721,1377341593,20.35
721,1377341598,20.36
721,1377341603,20.35
721,1377341608,20.36
721,1377341613,20.36
721,1377341618,20.36
721,1377341623,20.34
721,1377341628,20.35
721,1377341633,20.36
721,1377341638,20.34
721,1377341643,20.36
721,1377341648,20.34
721,1377341653,20.34
721,1377341658,20.35
721,1377341663,20.34
721,1377341668,20.35
721,1377341673,20.36
721,1377341678,20.34
721,1377341683,20.34
721,1377341688,20.34
721,1377341693,20.35
721,1377341698,20.35
721,1377341703,20.34
721,1377341708,20.34
721,1377341713,20.36
721,1377341718,20.36
721,1377341723,20.34
721,1377341728,20.35
721,1377341733,20.34
721,1377341738,20.34
721,1377341743,20.35
721,1377341748,20.35
721,1377341753,20.35
721,1377341758,20.35
721,1377341763,20.34
721,1377341768,20.34
721,1377341773,20.35
721,1377341778,20.34
721,1377341783,20.35
721,1377341788,20.34
721,1377341793,20.33
721,1377341798,20.35
721,1377341803,20.34
721,1377341808,20.33
721,1377341813,20.35
721,1377341818,20.34
721,1377341823,20.35
721,1377341828,20.34
721,1377341833,20.34
721,1377341838,20.34
721,1377341843,20.34
721,1377341848,20.34
721,1377341853,20.33
721,1377341858,20.34
721,1377341863,20.35
721,1377341868,20.36
721,1377341873,20.34
721,1377341878,20.34
721,1377341883,20.36
721,1377341888,20.35
721,1377341893,20.36
721,1377341898,20.35
721,1377341903,20.34
721,1377341908,20.34
721,1377341913,20.34
721,1377341918,20.34
721,1377341923,20.35
721,1377341928,20.35
721,1377341933,20.35
721,1377341938,20.34
721,1377341943,20.34
721,1377341948,20.34
721,1377341953,20.34
721,1377341958,20.34
721,1377341963,20.34
721,1377341968,20.34
721,1377341973,20.34
721,1377341978,20.35
721,1377341983,20.34
721,1377341988,20.35
721,1377341993,20.35
721,1377341998,20.34
721,1377342003,20.35
721,1377342008,20.35
721,1377342013,20.35
721,1377342018,20.35
721,1377342023,20.34
721,1377342028,20.34
721,1377342033,20.34
721,1377342038,20.34
721,1377342043,20.34
721,1377342048,20.35
721,1377342053,20.34
721,1377342058,20.34
721,1377342063,20.34
721,1377342068,20.34
721,1377342073,20.34
721,1377342078,20.36
721,1377342083,20.34
721,1377342088,20.34
721,1377342093,20.33
721,1377342098,20.34
721,1377342103,20.34
721,1377342108,20.34
721,1377342113,20.34
721,1377342118,20.34
721,1377342123,20.34
721,1377342128,20.35
721,1377342133,20.34
721,1377342138,20.34
721,1377342143,20.34
721,1377342148,20.34
721,1377342153,20.35
721,1377342158,20.34
721,1377342163,20.35
721,1377342168,20.34
721,1377342173,20.34
721,1377342178,20.34
721,1377342183,20.34
721,1377342188,20.34
721,1377342193,20.34
721,1377342198,20.35
721,1377342203,20.35
721,1377342208,20.35
721,1377342213,20.34
721,1377342218,20.34
721,1377342223,20.35
721,1377342228,20.34
721,1377342233,20.34
721,1377342238,20.35
721,1377342243,20.35
721,1377342248,20.34
721,1377342253,20.35
721,1377342258,20.34
721,1377342263,20.35
721,1377342268,20.34
721,1377342273,20.34
721,1377342278,20.34
721,1377342283,20.34
721,1377342288,20.34
721,1377342293,20.34
721,1377342298,20.34
721,1377342303,20.34
721,1377342308,20.34
721,1377342313,20.34
721,1377342318,20.35
721,1377342323,20.34
721,1377342328,20.35
721,1377342333,20.34
721,1377342338,20.34
721,1377342343,20.34
721,1377342348,20.34
721,1377342353,20.34
721,1377342358,20.35
721,1377342363,20.33
721,1377342368,20.33
721,1377342373,20.34
721,1377342378,20.34
721,1377342383,20.34
721,1377342388,20.34
721,1377342393,20.34
721,1377342398,20.34
721,1377342403,20.35
721,1377342408,20.35
721,1377342413,20.34
721,1377342418,20.34
721,1377342423,20.34
721,1377342428,20.34
721,1377342433,20.34
721,1377342438,20.34
721,1377342443,20.35
721,1377342448,20.34
721,1377342453,20.33
721,1377342458,20.34
721,1377342463,20.34
721,1377342468,20.35
721,1377342473,20.34
721,1377342478,20.35
721,1377342483,20.34
721,1377342488,20.35
721,1377342493,20.34
721,1377342498,20.35
721,1377342503,20.34
721,1377342508,20.34
721,1377342513,20.34
721,1377342518,20.34
721,1377342523,20.34
721,1377342528,20.34
721,1377342533,20.34
721,1377342538,20.34
721,1377342543,20.34
721,1377342548,20.35
721,1377342553,20.35
721,1377342558,20.34
721,1377342563,20.34
721,1377342568,20.35
721,1377342573,20.34
721,1377342578,20.34
721,1377342583,20.34
721,1377342588,20.34
721,1377342593,20.34
721,1377342598,20.33
721,1377342603,20.34
721,1377342608,20.34
721,1377342613,20.34
721,1377342618,20.34
721,1377342623,20.35
721,1377342628,20.35
721,1377342633,20.34
721,1377342638,20.34
721,1377342643,20.35
721,1377342648,20.34
721,1377342653,20.34
721,1377342658,20.34
721,1377342663,20.33
721,1377342668,20.34
721,1377342673,20.35
721,1377342678,20.34
721,1377342683,20.34
721,1377342688,20.34
721,1377342693,20.34
721,1377342698,20.34
721,1377342703,20.34
721,1377342708,20.35
721,1377342713,20.33
721,1377342718,20.33
721,1377342723,20.34
721,1377342728,20.34
721,1377342733,20.34
721,1377342738,20.34
721,1377342743,20.35
721,1377342748,20.34
721,1377342753,20.34
721,1377342758,20.34
721,1377342763,20.34
721,1377342768,20.35
721,1377342773,20.35
721,1377342778,20.34
721,1377342783,20.34
721,1377342788,20.34
721,1377342793,20.34
721,1377342798,20.34
721,1377342803,20.33
721,1377342809,20.35
721,1377342813,20.35
721,1377342818,20.35
721,1377342823,20.34
721,1377342828,20.34
721,1377342833,20.34
721,1377342838,20.33
721,1377342843,20.34
721,1377342848,20.33
721,1377342853,20.34
721,1377342858,20.34
721,1377342863,20.33
721,1377342868,20.34
721,1377342873,20.33
721,1377342878,20.34
721,1377342883,20.34
721,1377342888,20.34
721,1377342893,20.33
721,1377342898,20.34
721,1377342903,20.33
721,1377342908,20.34
721,1377342913,20.34
721,1377342918,20.34
721,1377342923,20.34
721,1377342928,20.34
721,1377342933,20.33
721,1377342938,20.34
721,1377342943,20.33
721,1377342948,20.34
721,1377342953,20.34
721,1377342958,20.34
721,1377342963,20.33
721,1377342968,20.33
721,1377342973,20.34
721,1377342978,20.34
721,1377342983,20.34
721,1377342988,20.34
721,1377342993,20.33
721,1377342998,20.34
721,1377343003,20.34
721,1377343008,20.34
721,1377343013,20.33
721,1377343018,20.34
721,1377343023,20.34
721,1377343028,20.33
721,1377343033,20.34
721,1377343038,20.34
721,1377343043,20.33
721,1377343048,20.34
721,1377343053,20.34
721,1377343058,20.35
721,1377343063,20.34
721,1377343068,20.33
721,1377343073,20.33
721,1377343078,20.34
721,1377343083,20.33
721,1377343088,20.34
721,1377343093,20.34
721,1377343098,20.32
721,1377343103,20.33
721,1377343108,20.33
721,1377343113,20.32
721,1377343118,20.32
721,1377343123,20.33
721,1377343128,20.33
721,1377343133,20.34
721,1377343138,20.33
721,1377343143,20.33
721,1377343148,20.33
721,1377343153,20.32
721,1377343158,20.34
721,1377343163,20.32
721,1377343168,20.33
721,1377343173,20.33
721,1377343178,20.32
721,1377343182,20.33
721,1377343188,20.32
721,1377343193,20.33
721,1377343198,20.33
721,1377343203,20.33
721,1377343208,20.32
721,1377343213,20.34
721,1377343218,20.33
721,1377343223,20.34
721,1377343228,20.33
721,1377343233,20.33
721,1377343238,20.32
721,1377343243,20.33
721,1377343248,20.33
721,1377343253,20.33
721,1377343258,20.33
721,1377343263,20.33
721,1377343268,20.33
721,1377343273,20.32
721,1377343278,20.33
721,1377343282,20.32
721,1377343288,20.34
721,1377343293,20.34
721,1377343298,20.33
721,1377343303,20.34
721,1377343308,20.34
721,1377343313,20.33
721,1377343318,20.33
721,1377343323,20.33
721,1377343328,20.32
721,1377343333,20.32
721,1377343338,20.33
721,1377343343,20.32
721,1377343348,20.33
721,1377343353,20.34
721,1377343358,20.34
721,1377343363,20.33
721,1377343368,20.34
721,1377343373,20.33
721,1377343378,20.33
721,1377343383,20.32
721,1377343388,20.34
721,1377343393,20.35
721,1377343398,20.33
721,1377343403,20.33
721,1377343408,20.33
721,1377343413,20.32
721,1377343418,20.33
721,1377343423,20.33
721,1377343428,20.34
721,1377343433,20.33
721,1377343438,20.33
721,1377343443,20.33
721,1377343448,20.33
721,1377343453,20.32
721,1377343458,20.34
721,1377343463,20.33
721,1377343468,20.33
721,1377343473,20.34
721,1377343478,20.33
721,1377343483,20.34
721,1377343488,20.33
721,1377343493,20.32
721,1377343498,20.33
721,1377343503,20.34
721,1377343508,20.34
721,1377343512,20.34
721,1377343517,20.33
721,1377343523,20.34
721,1377343528,20.33
721,1377343533,20.34
721,1377343538,20.34
721,1377343543,20.34
721,1377343548,20.33
721,1377343553,20.34
721,1377343558,20.34
721,1377343563,20.34
721,1377343568,20.33
721,1377343573,20.34
721,1377343578,20.33
721,1377343582,20.32
721,1377343587,20.34
721,1377343593,20.34
721,1377343598,20.33
721,1377343603,20.33
721,1377343608,20.33
721,1377343612,20.34
721,1377343617,20.34
721,1377343623,20.33
721,1377343628,20.34
721,1377343633,20.34
721,1377343638,20.34
721,1377343643,20.34
721,1377343648,20.33
721,1377343653,20.33
721,1377343658,20.33
721,1377343663,20.34
721,1377343668,20.33
721,1377343673,20.33
721,1377343678,20.34
721,1377343683,20.33
721,1377343688,20.33
721,1377343693,20.33
721,1377343698,20.32
721,1377343703,20.32
721,1377343708,20.33
721,1377343712,20.32
721,1377343717,20.34
721,1377343723,20.34
721,1377343727,20.33
721,1377343733,20.34
721,1377343737,20.34
721,1377343743,20.34
721,1377343748,20.32
721,1377343753,20.32
721,1377343757,20.33
721,1377343763,20.32
721,1377343768,20.34
721,1377343773,20.33
721,1377343778,20.32
721,1377343783,20.33
721,1377343787,20.33
721,1377343793,20.33
721,1377343798,20.32
721,1377343803,20.33
721,1377343808,20.34
721,1377343812,20.34
721,1377343817,20.32
721,1377343823,20.32
721,1377343828,20.34
721,1377343833,20.34
721,1377343838,20.34
721,1377343843,20.33
721,1377343848,20.32
721,1377343852,20.33
721,1377343858,20.34
721,1377343862,20.34
721,1377343868,20.32
721,1377343872,20.34
721,1377343878,20.32
721,1377343883,20.33
721,1377343888,20.33
721,1377343893,20.32
721,1377343898,20.32
721,1377343903,20.34
721,1377343908,20.32
721,1377343912,20.33
721,1377343917,20.33
721,1377343922,20.33
721,1377343928,20.32
721,1377343932,20.34
721,1377343938,20.34
721,1377343942,20.33
721,1377343947,20.33
721,1377343952,20.33
721,1377343957,20.33
721,1377343963,20.33
721,1377343967,20.32
721,1377343973,20.33
721,1377343978,20.34
721,1377343982,20.33
721,1377343988,20.34
721,1377343993,20.33
721,1377343997,20.32
721,1377344002,20.34
721,1377344007,20.34
721,1377344013,20.32
721,1377344018,20.33
721,1377344023,20.32
721,1377344027,20.32
721,1377344032,20.33
721,1377344037,20.32
721,1377344043,20.34
721,1377344047,20.33
721,1377344052,20.33
721,1377344057,20.33
721,1377344063,20.32
721,1377344068,20.32
721,1377344072,20.33
721,1377344077,20.32
721,1377344083,20.34
721,1377344087,20.32
721,1377344092,20.32
721,1377344098,20.32
721,1377344103,20.33
721,1377344107,20.33
721,1377344112,20.33
721,1377344117,20.32
721,1377344123,20.32
721,1377344127,20.33
721,1377344132,20.34
721,1377344137,20.34
721,1377344142,20.32
721,1377344148,20.32
721,1377344152,20.34
721,1377344157,20.32
721,1377344162,20.32
721,1377344167,20.33
721,1377344173,20.33
721,1377344177,20.32
721,1377344182,20.33
721,1377344187,20.33
721,1377344192,20.33
721,1377344197,20.32
721,1377344202,20.32
721,1377344207,20.32
721,1377344212,20.32
721,1377344217,20.32
721,1377344222,20.32
721,1377344227,20.32
721,1377344232,20.31
721,1377344237,20.31
721,1377344243,20.32
721,1377344248,20.32
721,1377344252,20.32
721,1377344257,20.32
721,1377344262,20.32
721,1377344267,20.33
721,1377344272,20.32
721,1377344277,20.32
721,1377344282,20.33
721,1377344287,20.32
721,1377344292,20.32
721,1377344297,20.31
721,1377344302,20.32
721,1377344307,20.31
721,1377344312,20.32
721,1377344317,20.32
721,1377344322,20.32
721,1377344327,20.33
721,1377344332,20.32
721,1377344337,20.32
721,1377344342,20.32
721,1377344347,20.32
721,1377344352,20.32
721,1377344357,20.32
721,1377344362,20.32
721,1377344367,20.32
721,1377344372,20.32
721,1377344377,20.31
721,1377344382,20.32
721,1377344388,20.31
721,1377344392,20.32
721,1377344397,20.3
721,1377344402,20.32
721,1377344407,20.31
721,1377344412,20.31
721,1377344417,20.31
721,1377344422,20.32
721,1377344427,20.33
721,1377344432,20.32
721,1377344437,20.32
721,1377344443,20.32
721,1377344447,20.32
721,1377344452,20.32
721,1377344457,20.32
721,1377344462,20.31
721,1377344467,20.32
721,1377344472,20.32
721,1377344477,20.31
721,1377344482,20.31
721,1377344487,20.3
721,1377344492,20.32
721,1377344497,20.31
721,1377344502,20.31
721,1377344507,20.32
721,1377344512,20.32
721,1377344517,20.32
721,1377344522,20.31
721,1377344527,20.32
721,1377344532,20.32
721,1377344537,20.31
721,1377344542,20.31
721,1377344547,20.31
721,1377344552,20.32
721,1377344557,20.31
721,1377344562,20.3
721,1377344567,20.31
721,1377344572,20.31
721,1377344577,20.32
721,1377344582,20.31
721,1377344587,20.31
721,1377344592,20.32
721,1377344597,20.3
721,1377344602,20.3
721,1377344607,20.31
721,1377344612,20.3
721,1377344617,20.3
721,1377344622,20.32
721,1377344627,20.31
721,1377344632,20.3
721,1377344637,20.31
721,1377344642,20.3
721,1377344647,20.31
721,1377344653,20.3
721,1377344657,20.3
721,1377344662,20.3
721,1377344667,20.3
721,1377344672,20.3
721,1377344677,20.3
721,1377344682,20.3
721,1377344687,20.3
721,1377344692,20.3
721,1377344697,20.32
721,1377344702,20.31
721,1377344707,20.3
721,1377344713,20.3
721,1377344717,20.31
721,1377344722,20.31
721,1377344727,20.32
721,1377344732,20.31
721,1377344737,20.31
721,1377344742,20.31
721,1377344747,20.32
721,1377344752,20.31
721,1377344757,20.3
721,1377344762,20.31
721,1377344767,20.31
721,1377344772,20.3
721,1377344777,20.31
721,1377344782,20.31
721,1377344787,20.31
721,1377344792,20.31
721,1377344797,20.31
721,1377344802,20.32
721,1377344807,20.31
721,1377344812,20.31
721,1377344817,20.31
721,1377344823,20.3
721,1377344827,20.31
721,1377344832,20.3
721,1377344837,20.31
721,1377344842,20.3
721,1377344847,20.3
721,1377344852,20.31
721,1377344857,20.3
721,1377344862,20.3
721,1377344867,20.31
721,1377344872,20.3
721,1377344877,20.3
721,1377344882,20.32
721,1377344887,20.3
721,1377344892,20.31
721,1377344897,20.3
721,1377344902,20.32
721,1377344907,20.3
721,1377344912,20.31
721,1377344917,20.32
721,1377344922,20.3
721,1377344927,20.32
721,1377344932,20.3
721,1377344937,20.31
721,1377344942,20.3
721,1377344947,20.31
721,1377344952,20.3
721,1377344957,20.3
721,1377344962,20.3
721,1377344967,20.3
721,1377344972,20.3
721,1377344977,20.3
721,1377344982,20.3
721,1377344987,20.31
721,1377344992,20.3
721,1377344997,20.3
721,1377345002,20.3
721,1377345007,20.3
721,1377345012,20.3
721,1377345017,20.3
721,1377345022,20.3
721,1377345027,20.3
721,1377345032,20.29
721,1377345037,20.3
721,1377345042,20.3
721,1377345047,20.31
721,1377345052,20.31
721,1377345057,20.3
721,1377345062,20.3
721,1377345067,20.3
721,1377345072,20.3
721,1377345077,20.31
721,1377345082,20.3
721,1377345087,20.3
721,1377345092,20.31
721,1377345097,20.3
721,1377345102,20.31
721,1377345107,20.31
721,1377345112,20.3
721,1377345117,20.3
721,1377345122,20.3
721,1377345127,20.31
721,1377345132,20.3
721,1377345137,20.31
721,1377345142,20.3
721,1377345147,20.31
721,1377345152,20.3
721,1377345157,20.31
721,1377345162,20.31
721,1377345167,20.3
721,1377345172,20.3
721,1377345177,20.3
721,1377345182,20.3
721,1377345187,20.3
721,1377345192,20.31
721,1377345197,20.3
721,1377345202,20.3
721,1377345207,20.31
721,1377345212,20.3
721,1377345217,20.3
721,1377345222,20.3
721,1377345227,20.3
721,1377345232,20.3
721,1377345237,20.3
721,1377345242,20.31
721,1377345247,20.3
721,1377345252,20.3
721,1377345257,20.3
721,1377345262,20.3
721,1377345267,20.3
721,1377345272,20.31
721,1377345277,20.3
721,1377345282,20.3
721,1377345287,20.29
721,1377345292,20.3
721,1377345297,20.3
721,1377345302,20.3
721,1377345307,20.3
721,1377345312,20.3
721,1377345318,20.3
721,1377345322,20.3
721,1377345327,20.3
721,1377345332,20.3
721,1377345337,20.3
721,1377345342,20.3
721,1377345347,20.31
721,1377345352,20.31
721,1377345357,20.32
721,1377345362,20.3
721,1377345367,20.3
721,1377345372,20.3
721,1377345377,20.3
721,1377345382,20.3
721,1377345387,20.3
721,1377345392,20.3
721,1377345397,20.3
721,1377345402,20.3
721,1377345407,20.31
721,1377345412,20.3
721,1377345417,20.3
721,1377345422,20.3
721,1377345427,20.3
721,1377345432,20.3
721,1377345437,20.3
721,1377345442,20.31
721,1377345447,20.3
721,1377345452,20.3
721,1377345457,20.3
721,1377345462,20.3
721,1377345467,20.3
721,1377345472,20.3
721,1377345477,20.3
721,1377345482,20.32
721,1377345487,20.3
721,1377345492,20.3
721,1377345497,20.3
721,1377345502,20.3
721,1377345507,20.3
721,1377345512,20.3
721,1377345517,20.32
721,1377345522,20.3
721,1377345527,20.3
721,1377345532,20.31
721,1377345537,20.3
721,1377345542,20.3
721,1377345547,20.3
721,1377345552,20.3
721,1377345557,20.31
721,1377345562,20.3
721,1377345567,20.3
721,1377345572,20.3
721,1377345577,20.3
721,1377345582,20.3
721,1377345587,20.3
721,1377345592,20.3
721,1377345597,20.31
721,1377345602,20.31
721,1377345607,20.3
721,1377345612,20.3
721,1377345617,20.3
721,1377345622,20.3
721,1377345627,20.31
721,1377345632,20.3
721,1377345637,20.3
721,1377345642,20.31
721,1377345647,20.3
721,1377345652,20.3
721,1377345657,20.3
721,1377345662,20.31
721,1377345667,20.31
721,1377345672,20.31
721,1377345677,20.31
721,1377345682,20.32
721,1377345687,20.3
721,1377345692,20.32
721,1377345697,20.3
721,1377345702,20.3
721,1377345707,20.3
721,1377345712,20.3
721,1377345717,20.31
721,1377345722,20.3
721,1377345727,20.3
721,1377345732,20.31
721,1377345737,20.29
721,1377345742,20.3
721,1377345747,20.3
721,1377345752,20.29
721,1377345757,20.29
721,1377345762,20.31
721,1377345767,20.3
721,1377345772,20.3
721,1377345777,20.31
721,1377345782,20.3
721,1377345787,20.3
721,1377345792,20.3
721,1377345797,20.31
721,1377345802,20.3
721,1377345807,20.31
721,1377345812,20.3
721,1377345817,20.3
721,1377345822,20.29
721,1377345827,20.3
721,1377345832,20.31
721,1377345837,20.3
721,1377345842,20.3
721,1377345847,20.3
721,1377345852,20.3
721,1377345857,20.3
721,1377345862,20.3
721,1377345867,20.3
721,1377345872,20.3
721,1377345877,20.31
721,1377345882,20.3
721,1377345887,20.3
721,1377345892,20.29
721,1377345897,20.3
721,1377345902,20.31
721,1377345907,20.29
721,1377345912,20.31
721,1377345917,20.31
721,1377345922,20.29
721,1377345927,20.29
721,1377345932,20.3
721,1377345937,20.3
721,1377345942,20.3
721,1377345947,20.3
721,1377345952,20.3
721,1377345957,20.3
721,1377345962,20.3
721,1377345967,20.3
721,1377345972,20.3
721,1377345977,20.29
721,1377345982,20.3
721,1377345987,20.3
721,1377345992,20.3
721,1377345997,20.3
721,1377346002,20.3
721,1377346007,20.29
721,1377346012,20.31
721,1377346017,20.31
721,1377346022,20.3
721,1377346027,20.3
721,1377346032,20.3
721,1377346037,20.3
721,1377346042,20.3
721,1377346047,20.31
721,1377346052,20.3
721,1377346057,20.31
721,1377346062,20.3
721,1377346067,20.3
721,1377346072,20.32
721,1377346077,20.3
721,1377346082,20.3
721,1377346087,20.3
721,1377346092,20.3
721,1377346097,20.32
721,1377346102,20.3
721,1377346107,20.29
721,1377346112,20.3
721,1377346117,20.3
721,1377346122,20.3
721,1377346127,20.3
721,1377346132,20.3
721,1377346137,20.29
721,1377346142,20.3
721,1377346147,20.3
721,1377346152,20.29
721,1377346157,20.29
721,1377346162,20.3
721,1377346167,20.29
721,1377346172,20.29
721,1377346177,20.3
721,1377346182,20.3
721,1377346187,20.3
721,1377346192,20.3
721,1377346197,20.3
721,1377346202,20.3
721,1377346207,20.29
721,1377346212,20.3
721,1377346217,20.29
721,1377346222,20.3
721,1377346227,20.3
721,1377346232,20.3
721,1377346237,20.27
721,1377346242,20.28
721,1377346247,20.28
721,1377346252,20.29
721,1377346257,20.28
721,1377346262,20.29
721,1377346267,20.29
721,1377346272,20.28
721,1377346277,20.28
721,1377346282,20.28
721,1377346287,20.3
721,1377346292,20.3
721,1377346297,20.3
721,1377346302,20.28
721,1377346307,20.3
721,1377346312,20.3
721,1377346317,20.29
721,1377346322,20.29
721,1377346327,20.29
721,1377346332,20.3
721,1377346337,20.29
721,1377346342,20.29
721,1377346347,20.29
721,1377346352,20.3
721,1377346357,20.3
721,1377346362,20.28
721,1377346367,20.29
721,1377346372,20.29
721,1377346377,20.28
721,1377346382,20.28
721,1377346387,20.28
721,1377346392,20.28
721,1377346397,20.28
721,1377346402,20.28
721,1377346407,20.27
721,1377346412,20.28
721,1377346417,20.29
721,1377346422,20.28
721,1377346427,20.28
721,1377346432,20.3
721,1377346437,20.29
721,1377346442,20.28
721,1377346447,20.28
721,1377346452,20.29
721,1377346457,20.29
721,1377346462,20.28
721,1377346467,20.3
721,1377346472,20.29
721,1377346477,20.29
721,1377346482,20.29
721,1377346487,20.29
721,1377346492,20.29
721,1377346497,20.29
721,1377346502,20.29
721,1377346507,20.28
721,1377346512,20.28
721,1377346517,20.29
721,1377346522,20.3
721,1377346527,20.28
721,1377346532,20.28
721,1377346537,20.29
721,1377346542,20.28
721,1377346547,20.29
721,1377346552,20.29
721,1377346557,20.28
721,1377346562,20.29
721,1377346567,20.28
721,1377346572,20.29
721,1377346577,20.3
721,1377346582,20.3
721,1377346587,20.29
721,1377346592,20.29
721,1377346597,20.29
721,1377346602,20.28
721,1377346607,20.28
721,1377346612,20.29
721,1377346617,20.27
721,1377346622,20.3
721,1377346627,20.28
721,1377346632,20.28
721,1377346637,20.28
721,1377346642,20.28
721,1377346647,20.28
721,1377346652,20.29
721,1377346657,20.29
721,1377346662,20.28
721,1377346667,20.29
721,1377346672,20.29
721,1377346677,20.27
721,1377346682,20.29
721,1377346687,20.28
721,1377346692,20.28
721,1377346697,20.28
721,1377346702,20.28
721,1377346707,20.28
721,1377346712,20.28
721,1377346717,20.29
721,1377346722,20.28
721,1377346727,20.28
721,1377346732,20.27
721,1377346737,20.29
721,1377346742,20.28
721,1377346747,20.28
721,1377346752,20.27
721,1377346757,20.28
721,1377346762,20.28
721,1377346767,20.29
721,1377346772,20.27
721,1377346777,20.28
721,1377346782,20.27
721,1377346787,20.28
721,1377346792,20.28
721,1377346797,20.28
721,1377346802,20.28
721,1377346807,20.28
721,1377346812,20.28
721,1377346817,20.28
721,1377346822,20.27
721,1377346827,20.27
721,1377346832,20.27
721,1377346837,20.3
721,1377346842,20.28
721,1377346847,20.28
721,1377346852,20.28
721,1377346857,20.28
721,1377346862,20.29
721,1377346867,20.27
721,1377346872,20.28
721,1377346877,20.27
721,1377346882,20.28
721,1377346887,20.28
721,1377346892,20.28
721,1377346897,20.28
721,1377346902,20.28
721,1377346907,20.28
721,1377346912,20.26
721,1377346917,20.28
721,1377346922,20.28
721,1377346927,20.28
721,1377346932,20.27
721,1377346937,20.27
721,1377346942,20.28
721,1377346947,20.28
721,1377346952,20.27
721,1377346957,20.27
721,1377346962,20.27
721,1377346967,20.27
721,1377346972,20.27
721,1377346977,20.27
721,1377346982,20.28
721,1377346987,20.27
721,1377346992,20.25
721,1377346997,20.26
721,1377347002,20.27
721,1377347007,20.28
721,1377347012,20.27
721,1377347017,20.26
721,1377347022,20.26
721,1377347027,20.27
721,1377347032,20.28
721,1377347037,20.26
721,1377347042,20.27
721,1377347047,20.27
721,1377347052,20.27
721,1377347057,20.27
721,1377347062,20.26
721,1377347067,20.27
721,1377347072,20.26
721,1377347077,20.26
721,1377347082,20.27
721,1377347087,20.27
721,1377347092,20.27
721,1377347097,20.28
721,1377347102,20.27
721,1377347107,20.27
721,1377347112,20.27
721,1377347117,20.27
721,1377347122,20.28
721,1377347127,20.28
721,1377347132,20.28
721,1377347137,20.27
721,1377347142,20.29
721,1377347147,20.28
721,1377347152,20.28
721,1377347157,20.29
721,1377347162,20.27
721,1377347167,20.26
721,1377347172,20.27
721,1377347177,20.27
721,1377347182,20.27
721,1377347187,20.26
721,1377347192,20.28
721,1377347197,20.27
721,1377347202,20.27
721,1377347207,20.26
721,1377347212,20.27
721,1377347217,20.27
721,1377347222,20.27
721,1377347227,20.27
721,1377347232,20.27
721,1377347237,20.28
721,1377347242,20.27
721,1377347247,20.26
721,1377347252,20.26
721,1377347257,20.27
721,1377347262,20.27
721,1377347267,20.27
721,1377347272,20.26
721,1377347277,20.28
721,1377347282,20.26
721,1377347287,20.28
721,1377347292,20.28
721,1377347297,20.27
721,1377347302,20.26
721,1377347307,20.26
721,1377347312,20.27
721,1377347317,20.27
721,1377347322,20.26
721,1377347327,20.26
721,1377347332,20.26
721,1377347337,20.28
721,1377347342,20.27
721,1377347347,20.27
721,1377347352,20.26
721,1377347358,20.27
721,1377347362,20.28
721,1377347367,20.26
721,1377347372,20.27
721,1377347377,20.27
721,1377347382,20.26
721,1377347387,20.26
721,1377347392,20.28
721,1377347397,20.28
721,1377347402,20.27
721,1377347407,20.27
721,1377347412,20.26
721,1377347417,20.27
721,1377347422,20.27
721,1377347427,20.26
721,1377347432,20.27
721,1377347437,20.28
721,1377347442,20.27
721,1377347447,20.26
721,1377347452,20.28
721,1377347457,20.27
721,1377347462,20.27
721,1377347467,20.27
721,1377347472,20.27
721,1377347477,20.27
721,1377347482,20.27
721,1377347487,20.27
721,1377347492,20.26
721,1377347497,20.26
721,1377347502,20.26
721,1377347507,20.27
721,1377347512,20.26
721,1377347517,20.27
721,1377347522,20.26
721,1377347527,20.26
721,1377347532,20.26
721,1377347537,20.27
721,1377347542,20.27
721,1377347547,20.28
721,1377347552,20.26
721,1377347557,20.26
721,1377347562,20.26
721,1377347567,20.26
721,1377347572,20.27
721,1377347577,20.26
721,1377347582,20.26
721,1377347587,20.27
721,1377347592,20.28
721,1377347597,20.28
721,1377347602,20.27
721,1377347607,20.26
721,1377347612,20.26
721,1377347617,20.27
721,1377347622,20.26
721,1377347627,20.27
721,1377347632,20.26
721,1377347637,20.26
721,1377347642,20.26
721,1377347647,20.27
721,1377347652,20.26
721,1377347657,20.26
721,1377347662,20.26
721,1377347667,20.26
721,1377347672,20.26
721,1377347677,20.27
721,1377347682,20.27
721,1377347687,20.26
721,1377347692,20.26
721,1377347697,20.27
721,1377347702,20.26
721,1377347707,20.26
721,1377347712,20.28
721,1377347717,20.26
721,1377347722,20.26
721,1377347727,20.26
721,1377347732,20.27
721,1377347737,20.26
721,1377347742,20.26
721,1377347747,20.26
721,1377347752,20.27
721,1377347757,20.26
721,1377347762,20.26
721,1377347767,20.27
721,1377347772,20.27
721,1377347777,20.26
721,1377347782,20.27
721,1377347787,20.26
721,1377347792,20.26
721,1377347797,20.27
721,1377347802,20.27
721,1377347807,20.28
721,1377347812,20.26
721,1377347817,20.28
721,1377347822,20.26
721,1377347827,20.26
721,1377347832,20.26
721,1377347837,20.28
721,1377347842,20.27
721,1377347847,20.25
721,1377347852,20.26
721,1377347857,20.26
721,1377347862,20.27
721,1377347867,20.27
721,1377347872,20.26
721,1377347877,20.28
721,1377347882,20.26
721,1377347887,20.27
721,1377347892,20.27
721,1377347897,20.27
721,1377347902,20.28
721,1377347907,20.27
721,1377347912,20.26
721,1377347917,20.27
721,1377347922,20.26
721,1377347927,20.27
721,1377347932,20.26
721,1377347937,20.26
721,1377347942,20.28
721,1377347947,20.27
721,1377347952,20.28
721,1377347957,20.27
721,1377347962,20.27
721,1377347967,20.26
721,1377347972,20.26
721,1377347977,20.26
721,1377347982,20.25
721,1377347987,20.26
721,1377347992,20.27
721,1377347997,20.26
721,1377348002,20.26
721,1377348007,20.26
721,1377348012,20.26
721,1377348017,20.26
721,1377348022,20.25
721,1377348027,20.26
721,1377348032,20.26
721,1377348037,20.26
721,1377348042,20.26
721,1377348047,20.26
721,1377348052,20.25
721,1377348057,20.26
721,1377348062,20.27
721,1377348067,20.26
721,1377348072,20.26
721,1377348077,20.26
721,1377348082,20.26
721,1377348087,20.26
721,1377348092,20.27
721,1377348097,20.26
721,1377348102,20.28
721,1377348107,20.26
721,1377348112,20.27
721,1377348117,20.26
721,1377348122,20.26
721,1377348127,20.27
721,1377348132,20.26
721,1377348137,20.26
721,1377348142,20.26
721,1377348147,20.26
721,1377348152,20.27
721,1377348157,20.27
721,1377348162,20.27
721,1377348167,20.27
721,1377348172,20.26
721,1377348177,20.26
721,1377348182,20.26
721,1377348187,20.27
721,1377348192,20.26
721,1377348197,20.25
721,1377348202,20.25
721,1377348207,20.25
721,1377348212,20.25
721,1377348217,20.26
721,1377348222,20.26
721,1377348227,20.26
721,1377348232,20.25
721,1377348237,20.25
721,1377348242,20.26
721,1377348247,20.27
721,1377348252,20.26
721,1377348257,20.25
721,1377348262,20.25
721,1377348267,20.26
721,1377348272,20.26
721,1377348277,20.25
721,1377348282,20.26
721,1377348287,20.26
721,1377348292,20.26
721,1377348297,20.26
721,1377348302,20.26
721,1377348307,20.25
721,1377348312,20.26
721,1377348317,20.26
721,1377348322,20.26
721,1377348327,20.24
721,1377348332,20.26
721,1377348337,20.25
721,1377348342,20.25
721,1377348347,20.25
721,1377348352,20.25
721,1377348357,20.26
721,1377348362,20.25
721,1377348367,20.26
721,1377348372,20.24
721,1377348377,20.25
721,1377348382,20.25
721,1377348387,20.26
721,1377348392,20.24
721,1377348397,20.26
721,1377348402,20.26
721,1377348407,20.24
721,1377348412,20.25
721,1377348417,20.25
721,1377348422,20.26
721,1377348427,20.24
721,1377348432,20.24
721,1377348437,20.25
721,1377348442,20.24
721,1377348447,20.24
721,1377348452,20.26
721,1377348457,20.25
721,1377348462,20.25
721,1377348467,20.24
721,1377348472,20.24
721,1377348477,20.25
721,1377348482,20.26
721,1377348487,20.25
721,1377348492,20.24
721,1377348497,20.25
721,1377348502,20.24
721,1377348507,20.24
721,1377348512,20.25
721,1377348517,20.25
721,1377348522,20.25
721,1377348527,20.24
721,1377348532,20.24
721,1377348537,20.24
721,1377348542,20.25
721,1377348547,20.24
721,1377348552,20.25
721,1377348557,20.26
721,1377348562,20.26
721,1377348567,20.24
721,1377348572,20.25
721,1377348577,20.26
721,1377348582,20.24
721,1377348587,20.24
721,1377348592,20.24
721,1377348597,20.24
721,1377348602,20.24
721,1377348607,20.24
721,1377348612,20.24
721,1377348617,20.25
721,1377348622,20.25
721,1377348627,20.25
721,1377348632,20.24
721,1377348637,20.25
721,1377348642,20.24
721,1377348647,20.26
721,1377348652,20.24
721,1377348657,20.24
721,1377348662,20.25
721,1377348667,20.24
721,1377348672,20.25
721,1377348677,20.24
721,1377348682,20.25
721,1377348687,20.25
721,1377348692,20.26
721,1377348697,20.24
721,1377348702,20.25
721,1377348707,20.25
721,1377348712,20.24
721,1377348717,20.25
721,1377348722,20.25
721,1377348727,20.24
721,1377348732,20.25
721,1377348737,20.25
721,1377348742,20.26
721,1377348747,20.24
721,1377348752,20.25
721,1377348757,20.24
721,1377348762,20.24
721,1377348767,20.24
721,1377348772,20.26
721,1377348777,20.24
721,1377348782,20.24
721,1377348787,20.25
721,1377348792,20.24
721,1377348797,20.26
721,1377348802,20.25
721,1377348807,20.26
721,1377348812,20.25
721,1377348817,20.24
721,1377348822,20.24
721,1377348827,20.25
721,1377348832,20.24
721,1377348837,20.24
721,1377348842,20.24
721,1377348847,20.25
721,1377348852,20.24
721,1377348857,20.24
721,1377348862,20.24
721,1377348867,20.25
721,1377348872,20.24
721,1377348877,20.24
721,1377348882,20.24
721,1377348887,20.24
721,1377348892,20.25
721,1377348897,20.24
721,1377348902,20.24
721,1377348907,20.25
721,1377348912,20.24
721,1377348917,20.25
721,1377348922,20.24
721,1377348927,20.24
721,1377348932,20.25
721,1377348937,20.24
721,1377348942,20.24
721,1377348947,20.24
721,1377348952,20.24
721,1377348957,20.26
721,1377348962,20.23
721,1377348967,20.24
721,1377348972,20.24
721,1377348977,20.24
721,1377348982,20.24
721,1377348987,20.23
721,1377348992,20.25
721,1377348997,20.24
721,1377349002,20.24
721,1377349007,20.24
721,1377349012,20.24
721,1377349017,20.24
721,1377349022,20.24
721,1377349027,20.24
721,1377349032,20.24
721,1377349037,20.24
721,1377349042,20.24
721,1377349047,20.25
721,1377349052,20.24
721,1377349057,20.24
721,1377349062,20.25
721,1377349067,20.24
721,1377349072,20.24
721,1377349077,20.26
721,1377349082,20.25
721,1377349087,20.24
721,1377349092,20.24
721,1377349097,20.24
721,1377349102,20.24
721,1377349107,20.24
721,1377349112,20.24
721,1377349117,20.24
721,1377349122,20.26
721,1377349127,20.25
721,1377349132,20.24
721,1377349137,20.24
721,1377349142,20.24
721,1377349147,20.24
721,1377349152,20.24
721,1377349157,20.24
721,1377349162,20.24
721,1377349167,20.24
721,1377349172,20.24
721,1377349177,20.25
721,1377349182,20.25
721,1377349187,20.26
721,1377349192,20.24
721,1377349197,20.25
721,1377349202,20.24
721,1377349207,20.25
721,1377349212,20.24
721,1377349217,20.24
721,1377349222,20.25
721,1377349227,20.24
721,1377349232,20.24
721,1377349237,20.25
721,1377349242,20.24
721,1377349247,20.24
721,1377349252,20.25
721,1377349257,20.25
721,1377349262,20.24
721,1377349267,20.24
721,1377349272,20.25
721,1377349277,20.26
721,1377349282,20.24
721,1377349287,20.25
721,1377349292,20.25
721,1377349297,20.24
721,1377349302,20.25
721,1377349307,20.24
721,1377349312,20.24
721,1377349317,20.24
721,1377349322,20.24
721,1377349327,20.24
721,1377349332,20.24
721,1377349337,20.24
721,1377349342,20.24
721,1377349347,20.24
721,1377349352,20.24
721,1377349357,20.25
721,1377349362,20.25
721,1377349367,20.25
721,1377349372,20.24
721,1377349377,20.25
721,1377349382,20.26
721,1377349387,20.24
721,1377349392,20.25
721,1377349397,20.25
721,1377349402,20.26
721,1377349407,20.25
721,1377349412,20.24
721,1377349417,20.24
721,1377349422,20.25
721,1377349427,20.25
721,1377349432,20.24
721,1377349437,20.25
721,1377349442,20.24
721,1377349447,20.24
721,1377349452,20.24
721,1377349457,20.24
721,1377349462,20.25
721,1377349467,20.24
721,1377349472,20.25
721,1377349477,20.25
721,1377349482,20.24
721,1377349487,20.24
721,1377349492,20.25
721,1377349497,20.24
721,1377349502,20.24
721,1377349507,20.24
721,1377349512,20.24
721,1377349517,20.24
721,1377349522,20.25
721,1377349527,20.24
721,1377349532,20.24
721,1377349537,20.24
721,1377349542,20.25
721,1377349547,20.25
721,1377349552,20.24
721,1377349557,20.25
721,1377349562,20.24
721,1377349567,20.25
721,1377349572,20.24
721,1377349577,20.24
721,1377349582,20.25
721,1377349587,20.24
721,1377349592,20.23
721,1377349597,20.25
721,1377349602,20.24
721,1377349607,20.23
721,1377349612,20.25
721,1377349617,20.26
721,1377349622,20.24
721,1377349627,20.24
721,1377349632,20.24
721,1377349637,20.24
721,1377349642,20.25
721,1377349647,20.24
721,1377349652,20.24
721,1377349657,20.24
721,1377349662,20.24
721,1377349667,20.24
721,1377349672,20.24
721,1377349677,20.24
721,1377349682,20.24
721,1377349687,20.24
721,1377349692,20.24
721,1377349697,20.24
721,1377349702,20.25
721,1377349707,20.24
721,1377349712,20.25
721,1377349717,20.23
721,1377349722,20.25
721,1377349727,20.24
721,1377349732,20.24
721,1377349737,20.24
721,1377349742,20.24
721,1377349747,20.24
721,1377349752,20.24
721,1377349757,20.24
721,1377349762,20.24
721,1377349767,20.24
721,1377349772,20.24
721,1377349777,20.25
721,1377349782,20.23
721,1377349787,20.24
721,1377349792,20.24
721,1377349797,20.24
721,1377349802,20.23
721,1377349807,20.24
721,1377349812,20.24
721,1377349817,20.24
721,1377349822,20.24
721,1377349827,20.25
721,1377349832,20.24
721,1377349837,20.22
721,1377349842,20.24
721,1377349847,20.24
721,1377349852,20.24
721,1377349857,20.24
721,1377349862,20.24
721,1377349867,20.24
721,1377349872,20.24
721,1377349877,20.24
721,1377349882,20.24
721,1377349887,20.23
721,1377349892,20.23
721,1377349897,20.24
721,1377349902,20.24
721,1377349907,20.23
721,1377349912,20.23
721,1377349917,20.24
721,1377349922,20.24
721,1377349927,20.25
721,1377349932,20.23
721,1377349937,20.24
721,1377349942,20.24
721,1377349947,20.23
721,1377349952,20.24
721,1377349957,20.24
721,1377349962,20.23
721,1377349967,20.24
721,1377349972,20.23
721,1377349977,20.23
721,1377349982,20.23
721,1377349987,20.24
721,1377349992,20.23
721,1377349997,20.24
721,1377350002,20.24
721,1377350007,20.24
721,1377350012,20.24
721,1377350017,20.23
721,1377350022,20.24
721,1377350027,20.24
721,1377350032,20.23
721,1377350037,20.24
721,1377350042,20.23
721,1377350047,20.24
721,1377350052,20.22
721,1377350057,20.24
721,1377350062,20.22
721,1377350067,20.23
721,1377350072,20.23
721,1377350077,20.23
721,1377350082,20.24
721,1377350087,20.24
721,1377350092,20.24
721,1377350097,20.24
721,1377350102,20.24
721,1377350107,20.23
721,1377350112,20.23
721,1377350117,20.23
721,1377350122,20.23
721,1377350127,20.22
721,1377350132,20.23
721,1377350137,20.23
721,1377350142,20.22
721,1377350147,20.23
721,1377350152,20.23
721,1377350157,20.23
721,1377350162,20.22
721,1377350167,20.23
721,1377350172,20.23
721,1377350177,20.22
721,1377350182,20.23
721,1377350187,20.24
721,1377350192,20.22
721,1377350197,20.22
721,1377350202,20.22
721,1377350207,20.22
721,1377350212,20.23
721,1377350217,20.22
721,1377350222,20.22
721,1377350227,20.22
721,1377350232,20.23
721,1377350237,20.23
721,1377350242,20.24
721,1377350247,20.23
721,1377350252,20.23
721,1377350257,20.22
721,1377350262,20.23
721,1377350267,20.23
721,1377350272,20.23
721,1377350277,20.22
721,1377350282,20.22
721,1377350287,20.22
721,1377350292,20.23
721,1377350297,20.22
721,1377350302,20.22
721,1377350307,20.24
721,1377350312,20.22
721,1377350317,20.23
721,1377350322,20.24
721,1377350327,20.23
721,1377350332,20.23
721,1377350337,20.23
721,1377350342,20.22
721,1377350347,20.23
721,1377350352,20.22
721,1377350357,20.22
721,1377350362,20.22
721,1377350367,20.23
721,1377350372,20.22
721,1377350377,20.24
721,1377350382,20.23
721,1377350387,20.22
721,1377350392,20.23
721,1377350397,20.23
721,1377350402,20.23
721,1377350407,20.22
721,1377350412,20.22
721,1377350417,20.23
721,1377350422,20.22
721,1377350427,20.22
721,1377350432,20.22
721,1377350437,20.22
721,1377350442,20.22
721,1377350447,20.24
721,1377350452,20.22
721,1377350457,20.24
721,1377350462,20.23
721,1377350467,20.22
721,1377350472,20.23
721,1377350477,20.22
721,1377350482,20.23
721,1377350487,20.22
721,1377350492,20.21
721,1377350497,20.22
721,1377350502,20.22
721,1377350507,20.22
721,1377350512,20.22
721,1377350517,20.22
721,1377350522,20.22
721,1377350527,20.23
721,1377350532,20.22
721,1377350537,20.22
721,1377350542,20.23
721,1377350547,20.22
721,1377350552,20.22
721,1377350557,20.21
721,1377350562,20.22
721,1377350567,20.24
721,1377350572,20.22
721,1377350577,20.22
721,1377350582,20.22
721,1377350587,20.22
721,1377350592,20.22
721,1377350597,20.22
721,1377350602,20.22
721,1377350607,20.21
721,1377350612,20.22
721,1377350617,20.22
721,1377350622,20.22
721,1377350627,20.23
721,1377350632,20.22
721,1377350637,20.22
721,1377350642,20.22
721,1377350647,20.24
721,1377350652,20.23
721,1377350657,20.21
721,1377350662,20.22
721,1377350667,20.23
721,1377350672,20.23
721,1377350677,20.23
721,1377350682,20.23
721,1377350687,20.22
721,1377350692,20.22
721,1377350697,20.23
721,1377350702,20.22
721,1377350707,20.22
721,1377350712,20.22
721,1377350717,20.22
721,1377350722,20.24
721,1377350727,20.22
721,1377350732,20.22
721,1377350737,20.21
721,1377350742,20.22
721,1377350747,20.21
721,1377350752,20.22
721,1377350757,20.22
721,1377350762,20.23
721,1377350767,20.22
721,1377350772,20.22
721,1377350777,20.21
721,1377350782,20.22
721,1377350787,20.22
721,1377350792,20.22
721,1377350797,20.23
721,1377350802,20.22
721,1377350807,20.22
721,1377350812,20.21
721,1377350817,20.23
721,1377350822,20.22
721,1377350827,20.22
721,1377350832,20.21
721,1377350837,20.22
721,1377350842,20.21
721,1377350847,20.22
721,1377350852,20.22
721,1377350857,20.22
721,1377350862,20.22
721,1377350867,20.22
721,1377350872,20.22
721,1377350877,20.22
721,1377350882,20.22
721,1377350887,20.22
721,1377350892,20.22
721,1377350897,20.22
721,1377350902,20.22
721,1377350907,20.22
721,1377350912,20.22
721,1377350917,20.21
721,1377350922,20.22
721,1377350927,20.22
721,1377350932,20.22
721,1377350937,20.22
721,1377350942,20.21
721,1377350947,20.22
721,1377350952,20.21
721,1377350957,20.21
721,1377350962,20.2
721,1377350967,20.22
721,1377350972,20.21
721,1377350977,20.21
721,1377350982,20.21
721,1377350987,20.22
721,1377350992,20.21
721,1377350997,20.22
721,1377351002,20.2
721,1377351007,20.21
721,1377351012,20.21
721,1377351017,20.23
721,1377351022,20.22
721,1377351027,20.22
721,1377351032,20.21
721,1377351037,20.22
721,1377351042,20.2
721,1377351047,20.22
721,1377351052,20.21
721,1377351057,20.21
721,1377351062,20.22
721,1377351067,20.21
721,1377351072,20.22
721,1377351077,20.22
721,1377351082,20.21
721,1377351087,20.2
721,1377351092,20.2
721,1377351097,20.22
721,1377351102,20.21
721,1377351107,20.22
721,1377351112,20.22
721,1377351117,20.22
721,1377351122,20.22
721,1377351127,20.21
721,1377351132,20.2
721,1377351137,20.2
721,1377351142,20.22
721,1377351147,20.21
721,1377351152,20.21
721,1377351157,20.2
721,1377351162,20.21
721,1377351167,20.21
721,1377351172,20.21
721,1377351177,20.22
721,1377351182,20.22
721,1377351187,20.22
721,1377351192,20.21
721,1377351197,20.22
721,1377351202,20.22
721,1377351207,20.22
721,1377351212,20.22
721,1377351217,20.22
721,1377351222,20.21
721,1377351227,20.21
721,1377351232,20.22
721,1377351237,20.22
721,1377351242,20.21
721,1377351247,20.22
721,1377351252,20.21
721,1377351257,20.21
721,1377351262,20.2
721,1377351267,20.21
721,1377351272,20.21
721,1377351277,20.2
721,1377351282,20.21
721,1377351287,20.2
721,1377351292,20.2
721,1377351297,20.2
721,1377351302,20.2
721,1377351307,20.21
721,1377351312,20.21
721,1377351317,20.2
721,1377351322,20.2
721,1377351327,20.2
721,1377351332,20.21
721,1377351337,20.21
721,1377351342,20.22
721,1377351347,20.2
721,1377351352,20.2
721,1377351357,20.21
721,1377351362,20.21
721,1377351367,20.2
721,1377351372,20.21
721,1377351377,20.21
721,1377351382,20.22
721,1377351387,20.22
721,1377351392,20.21
721,1377351397,20.24
721,1377351402,20.22
721,1377351407,20.21
721,1377351412,20.21
721,1377351417,20.22
721,1377351422,20.22
721,1377351427,20.22
721,1377351432,20.2
721,1377351437,20.22
721,1377351442,20.22
721,1377351447,20.22
721,1377351452,20.22
721,1377351457,20.2
721,1377351462,20.22
721,1377351467,20.21
721,1377351472,20.2
721,1377351477,20.21
721,1377351482,20.2
721,1377351487,20.21
721,1377351492,20.21
721,1377351497,20.2
721,1377351502,20.21
721,1377351507,20.2
721,1377351512,20.21
721,1377351517,20.21
721,1377351522,20.2
721,1377351527,20.2
721,1377351532,20.22
721,1377351537,20.22
721,1377351542,20.22
721,1377351547,20.22
721,1377351552,20.22
721,1377351557,20.21
721,1377351562,20.22
721,1377351567,20.21
721,1377351572,20.22
721,1377351577,20.2
721,1377351582,20.22
721,1377351587,20.22
721,1377351592,20.21
721,1377351597,20.21
721,1377351602,20.2
721,1377351607,20.2
721,1377351612,20.2
721,1377351617,20.2
721,1377351622,20.22
721,1377351627,20.2
721,1377351632,20.22
721,1377351637,20.22
721,1377351642,20.21
721,1377351647,20.21
721,1377351652,20.21
721,1377351657,20.21
721,1377351662,20.21
721,1377351667,20.2
721,1377351672,20.21
721,1377351677,20.2
721,1377351682,20.2
721,1377351687,20.2
721,1377351692,20.2
721,1377351697,20.2
721,1377351702,20.2
721,1377351707,20.21
721,1377351712,20.2
721,1377351717,20.2
721,1377351722,20.21
721,1377351727,20.22
721,1377351732,20.2
721,1377351737,20.21
721,1377351742,20.21
721,1377351747,20.21
721,1377351752,20.21
721,1377351757,20.22
721,1377351762,20.21
721,1377351767,20.22
721,1377351772,20.21
721,1377351777,20.2
721,1377351782,20.2
721,1377351787,20.2
721,1377351792,20.2
721,1377351797,20.21
721,1377351802,20.21
721,1377351807,20.21
721,1377351812,20.2
721,1377351817,20.21
721,1377351822,20.22
721,1377351827,20.22
721,1377351832,20.21
721,1377351837,20.21
721,1377351842,20.22
721,1377351847,20.22
721,1377351852,20.21
721,1377351857,20.21
721,1377351862,20.2
721,1377351867,20.2
721,1377351872,20.22
721,1377351877,20.2
721,1377351882,20.21
721,1377351887,20.2
721,1377351892,20.21
721,1377351897,20.2
721,1377351902,20.21
721,1377351907,20.2
721,1377351912,20.2
721,1377351917,20.22
721,1377351922,20.2
721,1377351927,20.2
721,1377351932,20.2
721,1377351937,20.2
721,1377351942,20.2
721,1377351947,20.2
721,1377351952,20.21
721,1377351957,20.21
721,1377351962,20.22
721,1377351967,20.21
721,1377351972,20.21
721,1377351977,20.2
721,1377351982,20.2
721,1377351987,20.2
721,1377351992,20.22
721,1377351997,20.21
721,1377352002,20.2
721,1377352007,20.2
721,1377352012,20.21
721,1377352017,20.21
721,1377352022,20.21
721,1377352027,20.22
721,1377352032,20.2
721,1377352037,20.2
721,1377352042,20.2
721,1377352047,20.2
721,1377352052,20.21
721,1377352057,20.21
721,1377352062,20.2
721,1377352067,20.21
721,1377352072,20.2
721,1377352077,20.21
721,1377352082,20.19
721,1377352087,20.2
721,1377352092,20.2
721,1377352097,20.2
721,1377352102,20.2
721,1377352107,20.21
721,1377352112,20.19
721,1377352117,20.21
721,1377352122,20.2
721,1377352127,20.21
721,1377352132,20.2
721,1377352137,20.2
721,1377352142,20.21
721,1377352147,20.22
721,1377352152,20.2
721,1377352157,20.2
721,1377352162,20.2
721,1377352167,20.19
721,1377352172,20.2
721,1377352177,20.2
721,1377352182,20.2
721,1377352187,20.21
721,1377352192,20.2
721,1377352197,20.2
721,1377352202,20.2
721,1377352207,20.2
721,1377352212,20.2
721,1377352217,20.2
721,1377352222,20.2
721,1377352227,20.2
721,1377352232,20.21
721,1377352237,20.2
721,1377352242,20.19
721,1377352247,20.2
721,1377352252,20.2
721,1377352257,20.2
721,1377352262,20.2
721,1377352267,20.2
721,1377352272,20.2
721,1377352277,20.2
721,1377352282,20.2
721,1377352287,20.2
721,1377352292,20.2
721,1377352297,20.19
721,1377352302,20.2
721,1377352307,20.2
721,1377352312,20.2
721,1377352317,20.19
721,1377352322,20.2
721,1377352327,20.2
721,1377352332,20.2
721,1377352337,20.2
721,1377352342,20.2
721,1377352347,20.2
721,1377352352,20.21
721,1377352357,20.21
721,1377352362,20.2
721,1377352367,20.19
721,1377352372,20.2
721,1377352377,20.2
721,1377352382,20.2
721,1377352387,20.21
721,1377352392,20.2
721,1377352397,20.21
721,1377352402,20.2
721,1377352407,20.2
721,1377352412,20.22
721,1377352417,20.2
721,1377352422,20.2
721,1377352427,20.2
721,1377352432,20.22
721,1377352437,20.2
721,1377352442,20.2
721,1377352447,20.2
721,1377352452,20.2
721,1377352457,20.21
721,1377352462,20.2
721,1377352467,20.21
721,1377352472,20.2
721,1377352477,20.2
721,1377352482,20.19
721,1377352487,20.2
721,1377352492,20.21
721,1377352497,20.2
721,1377352502,20.2
721,1377352507,20.2
721,1377352512,20.19
721,1377352517,20.2
721,1377352522,20.2
721,1377352527,20.2
721,1377352532,20.2
721,1377352537,20.2
721,1377352542,20.2
721,1377352547,20.2
721,1377352552,20.2
721,1377352557,20.2
721,1377352563,20.22
721,1377352567,20.2
721,1377352572,20.21
721,1377352577,20.21
721,1377352582,20.2
721,1377352588,20.2
721,1377352592,20.2
721,1377352598,20.21
721,1377352602,20.2
721,1377352607,20.2
721,1377352612,20.19
721,1377352617,20.2
721,1377352622,20.19
721,1377352627,20.2
721,1377352632,20.2
721,1377352637,20.21
721,1377352642,20.2
721,1377352647,20.21
721,1377352652,20.2
721,1377352657,20.22
721,1377352662,20.2
721,1377352667,20.2
721,1377352672,20.19
721,1377352677,20.2
721,1377352682,20.2
721,1377352687,20.2
721,1377352692,20.2
721,1377352697,20.2
721,1377352702,20.2
721,1377352707,20.2
721,1377352712,20.2
721,1377352717,20.19
721,1377352722,20.21
721,1377352727,20.2
721,1377352732,20.2
721,1377352737,20.2
721,1377352742,20.2
721,1377352747,20.2
721,1377352752,20.21
721,1377352757,20.2
721,1377352762,20.2
721,1377352767,20.21
721,1377352772,20.2
721,1377352777,20.19
721,1377352782,20.2
721,1377352787,20.2
721,1377352792,20.19
721,1377352797,20.2
721,1377352802,20.21
721,1377352807,20.2
721,1377352812,20.2
721,1377352817,20.2
721,1377352822,20.2
721,1377352827,20.2
721,1377352832,20.19
721,1377352837,20.2
721,1377352842,20.19
721,1377352847,20.19
721,1377352852,20.19
721,1377352857,20.2
721,1377352862,20.19
721,1377352867,20.2
721,1377352872,20.19
721,1377352877,20.2
721,1377352882,20.19
721,1377352887,20.19
721,1377352892,20.2
721,1377352897,20.19
721,1377352902,20.19
721,1377352907,20.19
721,1377352912,20.18
721,1377352917,20.18
721,1377352922,20.19
721,1377352927,20.2
721,1377352932,20.2
721,1377352937,20.19
721,1377352942,20.2
721,1377352947,20.2
721,1377352952,20.19
721,1377352957,20.19
721,1377352962,20.19
721,1377352967,20.18
721,1377352972,20.19
721,1377352977,20.2
721,1377352982,20.18
721,1377352987,20.21
721,1377352992,20.19
721,1377352997,20.2
721,1377353002,20.19
721,1377353007,20.19
721,1377353012,20.2
721,1377353017,20.19
721,1377353022,20.19
721,1377353027,20.2
721,1377353032,20.19
721,1377353037,20.2
721,1377353042,20.2
721,1377353047,20.19
721,1377353052,20.19
721,1377353057,20.2
721,1377353062,20.19
721,1377353067,20.2
721,1377353072,20.2
721,1377353077,20.2
721,1377353082,20.19
721,1377353087,20.19
721,1377353092,20.18
721,1377353097,20.19
721,1377353102,20.2
721,1377353107,20.19
721,1377353112,20.18
721,1377353117,20.19
721,1377353122,20.18
721,1377353127,20.19
721,1377353132,20.18
721,1377353137,20.2
721,1377353142,20.19
721,1377353147,20.19
721,1377353152,20.19
721,1377353157,20.2
721,1377353162,20.2
721,1377353167,20.2
721,1377353172,20.19
721,1377353177,20.19
721,1377353182,20.2
721,1377353187,20.18
721,1377353192,20.2
721,1377353197,20.19
721,1377353202,20.2
721,1377353207,20.19
721,1377353212,20.19
721,1377353217,20.2
721,1377353222,20.19
721,1377353227,20.19
721,1377353232,20.19
721,1377353237,20.18
721,1377353242,20.19
721,1377353247,20.19
721,1377353252,20.19
721,1377353257,20.2
721,1377353262,20.2
721,1377353267,20.2
721,1377353272,20.19
721,1377353277,20.2
721,1377353282,20.19
721,1377353287,20.2
721,1377353292,20.18
721,1377353297,20.18
721,1377353302,20.18
721,1377353307,20.18
721,1377353312,20.18
721,1377353317,20.18
721,1377353322,20.19
721,1377353327,20.18
721,1377353332,20.19
721,1377353337,20.18
721,1377353342,20.19
721,1377353347,20.19
721,1377353352,20.18
721,1377353357,20.18
721,1377353362,20.19
721,1377353367,20.19
721,1377353372,20.19
721,1377353377,20.18
721,1377353382,20.18
721,1377353387,20.18
721,1377353392,20.19
721,1377353397,20.19
721,1377353402,20.19
721,1377353407,20.18
721,1377353412,20.18
721,1377353417,20.19
721,1377353422,20.19
721,1377353427,20.19
721,1377353432,20.19
721,1377353437,20.2
721,1377353442,20.18
721,1377353447,20.19
721,1377353452,20.18
721,1377353457,20.19
721,1377353462,20.2
721,1377353467,20.2
721,1377353472,20.19
721,1377353477,20.19
721,1377353482,20.2
721,1377353487,20.18
721,1377353492,20.19
721,1377353497,20.19
721,1377353502,20.19
721,1377353507,20.19
721,1377353512,20.18
721,1377353517,20.19
721,1377353522,20.19
721,1377353527,20.19
721,1377353532,20.2
721,1377353537,20.2
721,1377353542,20.2
721,1377353547,20.18
721,1377353552,20.19
721,1377353557,20.19
721,1377353562,20.19
721,1377353567,20.2
721,1377353572,20.2
721,1377353577,20.19
721,1377353582,20.2
721,1377353587,20.2
721,1377353592,20.19
721,1377353597,20.18
721,1377353602,20.2
721,1377353607,20.18
721,1377353612,20.2
721,1377353617,20.2
721,1377353622,20.2
721,1377353627,20.19
721,1377353632,20.2
721,1377353637,20.19
721,1377353642,20.19
721,1377353647,20.19
721,1377353652,20.2
721,1377353657,20.19
721,1377353662,20.2
721,1377353667,20.19
721,1377353672,20.2
721,1377353677,20.19
721,1377353682,20.19
721,1377353687,20.18
721,1377353692,20.2
721,1377353697,20.19
721,1377353702,20.19
721,1377353707,20.18
721,1377353712,20.2
721,1377353717,20.18
721,1377353722,20.2
721,1377353727,20.19
721,1377353732,20.19
721,1377353737,20.19
721,1377353742,20.19
721,1377353747,20.19
721,1377353752,20.17
721,1377353757,20.19
721,1377353762,20.18
721,1377353767,20.19
721,1377353772,20.18
721,1377353777,20.19
721,1377353782,20.18
721,1377353787,20.2
721,1377353792,20.19
721,1377353797,20.2
721,1377353802,20.19
721,1377353807,20.2
721,1377353812,20.18
721,1377353817,20.2
721,1377353822,20.2
721,1377353827,20.18
721,1377353832,20.19
721,1377353837,20.2
721,1377353842,20.19
721,1377353847,20.2
721,1377353852,20.19
721,1377353857,20.19
721,1377353862,20.19
721,1377353867,20.19
721,1377353872,20.19
721,1377353877,20.18
721,1377353882,20.18
721,1377353887,20.19
721,1377353892,20.19
721,1377353897,20.2
721,1377353902,20.2
721,1377353907,20.19
721,1377353912,20.18
721,1377353917,20.18
721,1377353922,20.18
721,1377353927,20.18
721,1377353932,20.18
721,1377353937,20.18
721,1377353942,20.18
721,1377353947,20.18
721,1377353952,20.19
721,1377353957,20.17
721,1377353962,20.19
721,1377353967,20.18
721,1377353972,20.18
721,1377353977,20.18
721,1377353982,20.19
721,1377353987,20.19
721,1377353992,20.18
721,1377353997,20.18
721,1377354002,20.2
721,1377354007,20.18
721,1377354012,20.18
721,1377354017,20.19
721,1377354022,20.18
721,1377354027,20.19
721,1377354032,20.18
721,1377354037,20.18
721,1377354042,20.18
721,1377354047,20.18
721,1377354052,20.18
721,1377354057,20.18
721,1377354062,20.18
721,1377354067,20.18
721,1377354072,20.18
721,1377354077,20.18
721,1377354082,20.19
721,1377354087,20.19
721,1377354092,20.18
721,1377354097,20.18
721,1377354102,20.18
721,1377354107,20.18
721,1377354112,20.18
721,1377354117,20.18
721,1377354122,20.18
721,1377354127,20.19
721,1377354132,20.19
721,1377354137,20.19
721,1377354142,20.19
721,1377354147,20.19
721,1377354152,20.18
721,1377354157,20.19
721,1377354162,20.2
721,1377354167,20.19
721,1377354172,20.18
721,1377354177,20.18
721,1377354182,20.19
721,1377354187,20.19
721,1377354192,20.18
721,1377354197,20.19
721,1377354202,20.18
721,1377354207,20.17
721,1377354212,20.19
721,1377354217,20.18
721,1377354222,20.18
721,1377354227,20.18
721,1377354232,20.18
721,1377354237,20.18
721,1377354242,20.18
721,1377354247,20.18
721,1377354252,20.17
721,1377354257,20.18
721,1377354262,20.18
721,1377354267,20.19
721,1377354272,20.18
721,1377354277,20.18
721,1377354282,20.18
721,1377354287,20.18
721,1377354292,20.17
721,1377354297,20.18
721,1377354302,20.17
721,1377354307,20.17
721,1377354312,20.18
721,1377354317,20.18
721,1377354322,20.18
721,1377354327,20.18
721,1377354332,20.18
721,1377354337,20.18
721,1377354342,20.19
721,1377354347,20.18
721,1377354352,20.18
721,1377354357,20.18
721,1377354362,20.18
721,1377354367,20.18
721,1377354372,20.19
721,1377354377,20.18
721,1377354382,20.19
721,1377354387,20.18
721,1377354392,20.18
721,1377354397,20.19
721,1377354402,20.19
721,1377354407,20.18
721,1377354412,20.19
721,1377354417,20.19
721,1377354422,20.18
721,1377354427,20.18
721,1377354432,20.2
721,1377354437,20.18
721,1377354442,20.18
721,1377354447,20.18
721,1377354452,20.18
721,1377354457,20.19
721,1377354462,20.18
721,1377354467,20.19
721,1377354472,20.19
721,1377354477,20.18
721,1377354482,20.18
721,1377354487,20.19
721,1377354492,20.19
721,1377354497,20.18
721,1377354502,20.19
721,1377354507,20.19
721,1377354512,20.18
721,1377354517,20.2
721,1377354522,20.19
721,1377354527,20.18
721,1377354532,20.2
721,1377354537,20.19
721,1377354542,20.19
721,1377354547,20.18
721,1377354552,20.2
721,1377354557,20.19
721,1377354562,20.19
721,1377354567,20.19
721,1377354572,20.18
721,1377354577,20.18
721,1377354582,20.18
721,1377354587,20.18
721,1377354592,20.19
721,1377354597,20.19
721,1377354602,20.19
721,1377354607,20.19
721,1377354612,20.18
721,1377354617,20.18
721,1377354622,20.19
721,1377354627,20.18
721,1377354632,20.18
721,1377354637,20.18
721,1377354642,20.18
721,1377354647,20.18
721,1377354652,20.19
721,1377354657,20.18
721,1377354662,20.18
721,1377354667,20.19
721,1377354672,20.18
721,1377354677,20.19
721,1377354682,20.17
721,1377354687,20.19
721,1377354692,20.19
721,1377354697,20.19
721,1377354702,20.19
721,1377354707,20.18
721,1377354712,20.17
721,1377354717,20.18
721,1377354722,20.18
721,1377354727,20.18
721,1377354732,20.18
721,1377354737,20.18
721,1377354742,20.18
721,1377354747,20.19
721,1377354752,20.19
721,1377354757,20.18
721,1377354762,20.18
721,1377354767,20.19
721,1377354772,20.19
721,1377354777,20.2
721,1377354782,20.18
721,1377354787,20.19
721,1377354792,20.18
721,1377354797,20.19
721,1377354802,20.2
721,1377354807,20.19
721,1377354812,20.19
721,1377354817,20.19
721,1377354823,20.2
721,1377354827,20.2
721,1377354832,20.19
721,1377354837,20.2
721,1377354842,20.18
721,1377354847,20.18
721,1377354852,20.19
721,1377354857,20.18
721,1377354862,20.19
721,1377354867,20.19
721,1377354872,20.2
721,1377354877,20.18
721,1377354882,20.19
721,1377354887,20.19
721,1377354892,20.18
721,1377354897,20.2
721,1377354902,20.18
721,1377354907,20.2
721,1377354912,20.18
721,1377354917,20.18
721,1377354922,20.18
721,1377354927,20.18
721,1377354932,20.19
721,1377354937,20.19
721,1377354942,20.2
721,1377354947,20.18
721,1377354952,20.19
721,1377354957,20.18
721,1377354962,20.18
721,1377354967,20.18
721,1377354972,20.19
721,1377354977,20.19
721,1377354982,20.19
721,1377354987,20.19
721,1377354992,20.18
721,1377354997,20.18
721,1377355002,20.19
721,1377355007,20.18
721,1377355012,20.2
721,1377355017,20.2
721,1377355022,20.2
721,1377355027,20.19
721,1377355032,20.2
721,1377355037,20.19
721,1377355042,20.2
721,1377355047,20.2
721,1377355052,20.2
721,1377355057,20.2
721,1377355062,20.2
721,1377355067,20.18
721,1377355072,20.2
721,1377355077,20.19
721,1377355082,20.2
721,1377355087,20.2
721,1377355092,20.2
721,1377355097,20.19
721,1377355102,20.2
721,1377355107,20.2
721,1377355112,20.18
721,1377355117,20.19
721,1377355122,20.2
721,1377355127,20.2
721,1377355132,20.2
721,1377355137,20.19
721,1377355142,20.2
721,1377355147,20.2
721,1377355152,20.21
721,1377355157,20.19
721,1377355162,20.2
721,1377355167,20.2
721,1377355172,20.2
721,1377355177,20.2
721,1377355182,20.2
721,1377355187,20.2
721,1377355192,20.19
721,1377355197,20.21
721,1377355202,20.2
721,1377355207,20.18
721,1377355212,20.19
721,1377355217,20.2
721,1377355222,20.2
721,1377355227,20.2
721,1377355232,20.2
721,1377355237,20.2
721,1377355242,20.19
721,1377355247,20.19
721,1377355252,20.2
721,1377355257,20.21
721,1377355262,20.21
721,1377355267,20.21
721,1377355272,20.2
721,1377355277,20.2
721,1377355282,20.22
721,1377355287,20.2
721,1377355292,20.19
721,1377355297,20.2
721,1377355302,20.19
721,1377355307,20.2
721,1377355312,20.2
721,1377355317,20.22
721,1377355322,20.21
721,1377355327,20.21
721,1377355332,20.21
721,1377355337,20.2
721,1377355342,20.19
721,1377355347,20.19
721,1377355352,20.2
721,1377355357,20.2
721,1377355362,20.2
721,1377355367,20.2
721,1377355372,20.2
721,1377355377,20.2
721,1377355382,20.2
721,1377355387,20.2
721,1377355392,20.2
721,1377355397,20.2
721,1377355402,20.2
721,1377355407,20.2
721,1377355412,20.2
721,1377355417,20.21
721,1377355422,20.21
721,1377355427,20.21
721,1377355432,20.2
721,1377355437,20.22
721,1377355442,20.22
721,1377355447,20.2
721,1377355452,20.21
721,1377355457,20.2
721,1377355462,20.21
721,1377355467,20.22
721,1377355472,20.2
721,1377355477,20.21
721,1377355482,20.21
721,1377355487,20.2
721,1377355492,20.2
721,1377355497,20.2
721,1377355502,20.2
721,1377355507,20.2
721,1377355512,20.21
721,1377355517,20.2
721,1377355522,20.2
721,1377355527,20.2
721,1377355532,20.2
721,1377355537,20.2
721,1377355542,20.21
721,1377355547,20.2
721,1377355552,20.21
721,1377355557,20.2
721,1377355562,20.2
721,1377355567,20.21
721,1377355572,20.2
721,1377355577,20.2
721,1377355582,20.2
721,1377355587,20.22
721,1377355592,20.21
721,1377355597,20.21
721,1377355602,20.2
721,1377355607,20.22
721,1377355612,20.22
721,1377355617,20.22
721,1377355622,20.2
721,1377355627,20.21
721,1377355632,20.21
721,1377355637,20.21
721,1377355642,20.2
721,1377355647,20.22
721,1377355652,20.21
721,1377355657,20.2
721,1377355662,20.21
721,1377355667,20.21
721,1377355672,20.22
721,1377355677,20.22
721,1377355682,20.21
721,1377355687,20.22
721,1377355692,20.2
721,1377355697,20.21
721,1377355702,20.21
721,1377355707,20.22
721,1377355712,20.22
721,1377355717,20.22
721,1377355722,20.21
721,1377355727,20.21
721,1377355732,20.2
721,1377355737,20.2
721,1377355742,20.22
721,1377355747,20.2
721,1377355752,20.2
721,1377355757,20.21
721,1377355762,20.21
721,1377355767,20.22
721,1377355772,20.2
721,1377355777,20.21
721,1377355782,20.21
721,1377355787,20.21
721,1377355792,20.22
721,1377355797,20.22
721,1377355802,20.22
721,1377355807,20.22
721,1377355812,20.22
721,1377355817,20.22
721,1377355822,20.22
721,1377355827,20.22
721,1377355832,20.22
721,1377355837,20.21
721,1377355842,20.2
721,1377355847,20.21
721,1377355852,20.23
721,1377355857,20.22
721,1377355862,20.22
721,1377355867,20.22
721,1377355872,20.23
721,1377355877,20.23
721,1377355882,20.22
721,1377355887,20.23
721,1377355892,20.23
721,1377355897,20.23
721,1377355902,20.22
721,1377355907,20.22
721,1377355912,20.23
721,1377355917,20.22
721,1377355922,20.23
721,1377355927,20.23
721,1377355932,20.22
721,1377355937,20.24
721,1377355942,20.24
721,1377355947,20.23
721,1377355952,20.24
721,1377355957,20.23
721,1377355962,20.23
721,1377355967,20.23
721,1377355972,20.24
721,1377355977,20.24
721,1377355982,20.23
721,1377355987,20.23
721,1377355992,20.24
721,1377355997,20.25
721,1377356002,20.24
721,1377356007,20.24
721,1377356012,20.24
721,1377356017,20.25
721,1377356022,20.24
721,1377356027,20.24
721,1377356032,20.24
721,1377356037,20.25
721,1377356042,20.24
721,1377356047,20.24
721,1377356052,20.25
721,1377356057,20.25
721,1377356062,20.25
721,1377356067,20.24
721,1377356072,20.24
721,1377356077,20.24
721,1377356082,20.25
721,1377356087,20.24
721,1377356092,20.25
721,1377356097,20.24
721,1377356102,20.26
721,1377356107,20.26
721,1377356112,20.25
721,1377356117,20.25
721,1377356122,20.26
721,1377356127,20.24
721,1377356132,20.24
721,1377356137,20.25
721,1377356142,20.24
721,1377356147,20.25
721,1377356152,20.25
721,1377356157,20.25
721,1377356162,20.25
721,1377356167,20.24
721,1377356172,20.25
721,1377356177,20.25
721,1377356182,20.26
721,1377356187,20.25
721,1377356192,20.26
721,1377356197,20.26
721,1377356202,20.27
721,1377356207,20.25
721,1377356212,20.26
721,1377356217,20.26
721,1377356222,20.26
721,1377356227,20.26
721,1377356232,20.26
721,1377356237,20.25
721,1377356242,20.25
721,1377356247,20.25
721,1377356252,20.26
721,1377356257,20.25
721,1377356262,20.26
721,1377356267,20.26
721,1377356272,20.25
721,1377356277,20.26
721,1377356282,20.26
721,1377356287,20.26
721,1377356292,20.26
721,1377356297,20.26
721,1377356302,20.25
721,1377356307,20.24
721,1377356312,20.26
721,1377356317,20.26
721,1377356322,20.25
721,1377356327,20.25
721,1377356332,20.26
721,1377356337,20.26
721,1377356342,20.26
721,1377356347,20.27
721,1377356352,20.26
721,1377356357,20.27
721,1377356362,20.26
721,1377356367,20.27
721,1377356372,20.27
721,1377356377,20.27
721,1377356382,20.26
721,1377356387,20.26
721,1377356392,20.26
721,1377356397,20.27
721,1377356402,20.27
721,1377356407,20.26
721,1377356412,20.26
721,1377356417,20.25
721,1377356422,20.26
721,1377356427,20.25
721,1377356432,20.26
721,1377356437,20.26
721,1377356442,20.26
721,1377356447,20.25
721,1377356452,20.26
721,1377356457,20.27
721,1377356462,20.26
721,1377356467,20.27
721,1377356472,20.26
721,1377356477,20.28
721,1377356482,20.26
721,1377356487,20.27
721,1377356492,20.26
721,1377356497,20.25
721,1377356502,20.26
721,1377356507,20.26
721,1377356512,20.25
721,1377356517,20.27
721,1377356522,20.27
721,1377356527,20.26
721,1377356532,20.26
721,1377356537,20.26
721,1377356542,20.26
721,1377356547,20.26
721,1377356552,20.27
721,1377356557,20.27
721,1377356562,20.26
721,1377356567,20.26
721,1377356572,20.27
721,1377356577,20.27
721,1377356582,20.27
721,1377356587,20.26
721,1377356592,20.26
721,1377356597,20.27
721,1377356602,20.26
721,1377356607,20.27
721,1377356612,20.26
721,1377356617,20.28
721,1377356622,20.27
721,1377356627,20.26
721,1377356632,20.27
721,1377356637,20.27
721,1377356642,20.26
721,1377356647,20.27
721,1377356652,20.27
721,1377356657,20.27
721,1377356662,20.27
721,1377356667,20.26
721,1377356672,20.26
721,1377356677,20.26
721,1377356682,20.26
721,1377356687,20.27
721,1377356692,20.26
721,1377356697,20.27
721,1377356702,20.28
721,1377356707,20.27
721,1377356712,20.27
721,1377356717,20.27
721,1377356722,20.26
721,1377356727,20.28
721,1377356732,20.27
721,1377356737,20.28
721,1377356742,20.27
721,1377356747,20.26
721,1377356752,20.28
721,1377356757,20.28
721,1377356762,20.27
721,1377356767,20.29
721,1377356772,20.26
721,1377356777,20.28
721,1377356782,20.26
721,1377356787,20.28
721,1377356792,20.26
721,1377356797,20.28
721,1377356802,20.28
721,1377356807,20.28
721,1377356812,20.27
721,1377356817,20.28
721,1377356822,20.28
721,1377356827,20.28
721,1377356832,20.29
721,1377356837,20.28
721,1377356842,20.28
721,1377356847,20.27
721,1377356852,20.28
721,1377356857,20.28
721,1377356862,20.28
721,1377356867,20.27
721,1377356872,20.28
721,1377356877,20.28
721,1377356882,20.28
721,1377356887,20.29
721,1377356892,20.29
721,1377356897,20.3
721,1377356902,20.28
721,1377356907,20.28
721,1377356912,20.28
721,1377356917,20.29
721,1377356922,20.28
721,1377356927,20.29
721,1377356932,20.3
721,1377356937,20.3
721,1377356942,20.28
721,1377356947,20.29
721,1377356952,20.3
721,1377356957,20.28
721,1377356962,20.29
721,1377356967,20.28
721,1377356972,20.29
721,1377356977,20.3
721,1377356982,20.28
721,1377356987,20.29
721,1377356992,20.3
721,1377356997,20.29
721,1377357002,20.3
721,1377357007,20.29
721,1377357012,20.29
721,1377357017,20.3
721,1377357022,20.29
721,1377357027,20.29
721,1377357032,20.29
721,1377357037,20.29
721,1377357042,20.3
721,1377357047,20.3
721,1377357052,20.3
721,1377357057,20.29
721,1377357062,20.3
721,1377357067,20.3
721,1377357072,20.29
721,1377357077,20.3
721,1377357082,20.29
721,1377357087,20.3
721,1377357092,20.3
721,1377357097,20.3
721,1377357102,20.31
721,1377357107,20.3
721,1377357112,20.29
721,1377357117,20.29
721,1377357122,20.3
721,1377357127,20.29
721,1377357132,20.3
721,1377357137,20.3
721,1377357142,20.29
721,1377357147,20.3
721,1377357152,20.29
721,1377357157,20.3
721,1377357162,20.3
721,1377357167,20.31
721,1377357172,20.3
721,1377357177,20.29
721,1377357182,20.29
721,1377357187,20.3
721,1377357192,20.3
721,1377357197,20.31
721,1377357202,20.3
721,1377357207,20.31
721,1377357212,20.3
721,1377357217,20.3
721,1377357222,20.3
721,1377357227,20.3
721,1377357232,20.3
721,1377357237,20.3
721,1377357242,20.29
721,1377357247,20.3
721,1377357252,20.3
721,1377357257,20.3
721,1377357262,20.31
721,1377357267,20.3
721,1377357272,20.29
721,1377357277,20.29
721,1377357282,20.3
721,1377357287,20.31
721,1377357292,20.31
721,1377357297,20.3
721,1377357302,20.3
721,1377357307,20.31
721,1377357312,20.3
721,1377357317,20.3
721,1377357322,20.32
721,1377357327,20.31
721,1377357332,20.31
721,1377357337,20.3
721,1377357342,20.31
721,1377357347,20.31
721,1377357352,20.3
721,1377357357,20.3
721,1377357362,20.29
721,1377357367,20.3
721,1377357372,20.3
721,1377357377,20.3
721,1377357382,20.3
721,1377357387,20.3
721,1377357392,20.3
721,1377357397,20.31
721,1377357402,20.29
721,1377357407,20.29
721,1377357412,20.3
721,1377357417,20.3
721,1377357422,20.31
721,1377357427,20.31
721,1377357432,20.3
721,1377357437,20.29
721,1377357442,20.3
721,1377357447,20.31
721,1377357452,20.31
721,1377357457,20.3
721,1377357462,20.3
721,1377357467,20.3
721,1377357472,20.3
721,1377357477,20.3
721,1377357482,20.31
721,1377357487,20.31
721,1377357492,20.31
721,1377357497,20.31
721,1377357502,20.3
721,1377357507,20.3
721,1377357512,20.3
721,1377357517,20.32
721,1377357522,20.31
721,1377357527,20.31
721,1377357532,20.31
721,1377357537,20.32
721,1377357542,20.31
721,1377357547,20.32
721,1377357552,20.3
721,1377357557,20.31
721,1377357562,20.31
721,1377357567,20.31
721,1377357572,20.32
721,1377357577,20.32
721,1377357582,20.32
721,1377357587,20.3
721,1377357592,20.31
721,1377357597,20.32
721,1377357602,20.32
721,1377357607,20.3
721,1377357612,20.31
721,1377357617,20.32
721,1377357622,20.32
721,1377357627,20.3
721,1377357632,20.31
721,1377357637,20.31
721,1377357642,20.31
721,1377357647,20.31
721,1377357652,20.31
721,1377357657,20.3
721,1377357662,20.31
721,1377357667,20.31
721,1377357672,20.32
721,1377357677,20.31
721,1377357682,20.31
721,1377357687,20.31
721,1377357692,20.31
721,1377357697,20.31
721,1377357702,20.31
721,1377357707,20.31
721,1377357712,20.31
721,1377357717,20.32
721,1377357722,20.3
721,1377357727,20.31
721,1377357732,20.31
721,1377357737,20.31
721,1377357742,20.31
721,1377357747,20.31
721,1377357752,20.31
721,1377357757,20.32
721,1377357762,20.32
721,1377357767,20.31
721,1377357772,20.32
721,1377357777,20.32
721,1377357782,20.32
721,1377357787,20.32
721,1377357792,20.32
721,1377357797,20.32
721,1377357802,20.32
721,1377357807,20.33
721,1377357812,20.32
721,1377357817,20.32
721,1377357822,20.32
721,1377357827,20.32
721,1377357832,20.32
721,1377357837,20.32
721,1377357842,20.32
721,1377357847,20.32
721,1377357852,20.32
721,1377357857,20.32
721,1377357862,20.33
721,1377357867,20.32
721,1377357872,20.32
721,1377357877,20.33
721,1377357882,20.32
721,1377357887,20.32
721,1377357892,20.33
721,1377357897,20.32
721,1377357902,20.33
721,1377357907,20.32
721,1377357912,20.34
721,1377357917,20.32
721,1377357922,20.32
721,1377357927,20.32
721,1377357932,20.33
721,1377357937,20.33
721,1377357942,20.33
721,1377357947,20.33
721,1377357952,20.32
721,1377357957,20.33
721,1377357962,20.32
721,1377357967,20.33
721,1377357972,20.33
721,1377357977,20.34
721,1377357982,20.33
721,1377357987,20.32
721,1377357992,20.34
721,1377357997,20.34
721,1377358002,20.33
721,1377358007,20.32
721,1377358012,20.33
721,1377358017,20.32
721,1377358022,20.34
721,1377358027,20.32
721,1377358032,20.34
721,1377358037,20.32
721,1377358042,20.34
721,1377358047,20.33
721,1377358052,20.32
721,1377358057,20.33
721,1377358062,20.34
721,1377358067,20.34
721,1377358072,20.34
721,1377358077,20.34
721,1377358082,20.35
721,1377358087,20.32
721,1377358092,20.34
721,1377358097,20.34
721,1377358102,20.33
721,1377358107,20.35
721,1377358112,20.32
721,1377358117,20.34
721,1377358122,20.34
721,1377358127,20.33
721,1377358132,20.33
721,1377358137,20.34
721,1377358142,20.34
721,1377358147,20.34
721,1377358152,20.33
721,1377358157,20.34
721,1377358162,20.34
721,1377358167,20.34
721,1377358172,20.34
721,1377358177,20.34
721,1377358182,20.34
721,1377358187,20.34
721,1377358192,20.34
721,1377358197,20.34
721,1377358202,20.34
721,1377358207,20.33
721,1377358212,20.33
721,1377358217,20.34
721,1377358222,20.34
721,1377358227,20.34
721,1377358232,20.34
721,1377358237,20.34
721,1377358242,20.34
721,1377358247,20.33
721,1377358252,20.34
721,1377358257,20.34
721,1377358262,20.34
721,1377358267,20.34
721,1377358272,20.34
721,1377358277,20.35
721,1377358282,20.34
721,1377358287,20.34
721,1377358292,20.34
721,1377358297,20.34
721,1377358302,20.34
721,1377358307,20.34
721,1377358312,20.35
721,1377358317,20.35
721,1377358322,20.34
721,1377358327,20.34
721,1377358332,20.34
721,1377358337,20.34
721,1377358342,20.33
721,1377358347,20.34
721,1377358352,20.35
721,1377358357,20.35
721,1377358362,20.35
721,1377358367,20.35
721,1377358372,20.34
721,1377358377,20.34
721,1377358382,20.35
721,1377358387,20.36
721,1377358392,20.36
721,1377358397,20.33
721,1377358402,20.34
721,1377358407,20.34
721,1377358412,20.34
721,1377358417,20.35
721,1377358422,20.36
721,1377358427,20.34
721,1377358432,20.33
721,1377358437,20.35
721,1377358442,20.35
721,1377358447,20.34
721,1377358452,20.35
721,1377358457,20.35
721,1377358462,20.35
721,1377358467,20.36
721,1377358472,20.35
721,1377358477,20.35
721,1377358482,20.35
721,1377358487,20.34
721,1377358492,20.34
721,1377358497,20.36
721,1377358502,20.36
721,1377358507,20.35
721,1377358512,20.35
721,1377358517,20.34
721,1377358522,20.35
721,1377358527,20.36
721,1377358532,20.36
721,1377358537,20.36
721,1377358542,20.37
721,1377358547,20.36
721,1377358552,20.36
721,1377358557,20.36
721,1377358562,20.36
721,1377358567,20.36
721,1377358572,20.36
721,1377358577,20.36
721,1377358582,20.35
721,1377358587,20.37
721,1377358592,20.36
721,1377358597,20.36
721,1377358602,20.36
721,1377358607,20.36
721,1377358612,20.36
721,1377358617,20.36
721,1377358622,20.36
721,1377358627,20.36
721,1377358632,20.36
721,1377358637,20.36
721,1377358642,20.37
721,1377358647,20.37
721,1377358652,20.38
721,1377358657,20.37
721,1377358662,20.37
721,1377358667,20.37
721,1377358672,20.37
721,1377358677,20.37
721,1377358682,20.38
721,1377358687,20.37
721,1377358692,20.38
721,1377358697,20.36
721,1377358702,20.38
721,1377358707,20.37
721,1377358712,20.38
721,1377358717,20.37
721,1377358722,20.38
721,1377358727,20.36
721,1377358732,20.36
721,1377358737,20.38
721,1377358742,20.38
721,1377358747,20.38
721,1377358752,20.39
721,1377358757,20.38
721,1377358762,20.38
721,1377358767,20.39
721,1377358772,20.38
721,1377358777,20.38
721,1377358782,20.38
721,1377358787,20.38
721,1377358792,20.38
721,1377358797,20.38
721,1377358802,20.38
721,1377358807,20.38
721,1377358812,20.38
721,1377358817,20.38
721,1377358822,20.38
721,1377358827,20.38
721,1377358832,20.39
721,1377358837,20.39
721,1377358842,20.39
721,1377358847,20.39
721,1377358852,20.38
721,1377358857,20.38
721,1377358862,20.39
721,1377358867,20.38
721,1377358872,20.38
721,1377358877,20.38
721,1377358882,20.39
721,1377358887,20.39
721,1377358892,20.4
721,1377358897,20.41
721,1377358902,20.4
721,1377358907,20.39
721,1377358912,20.4
721,1377358917,20.4
721,1377358922,20.4
721,1377358927,20.4
721,1377358932,20.4
721,1377358937,20.4
721,1377358942,20.4
721,1377358947,20.41
721,1377358952,20.39
721,1377358957,20.41
721,1377358962,20.4
721,1377358967,20.4
721,1377358972,20.4
721,1377358977,20.4
721,1377358982,20.4
721,1377358987,20.4
721,1377358992,20.4
721,1377358997,20.4
721,1377359002,20.4
721,1377359007,20.4
721,1377359012,20.4
721,1377359017,20.4
721,1377359022,20.41
721,1377359027,20.41
721,1377359032,20.42
721,1377359037,20.41
721,1377359042,20.41
721,1377359047,20.4
721,1377359052,20.42
721,1377359057,20.42
721,1377359062,20.41
721,1377359067,20.41
721,1377359072,20.42
721,1377359077,20.41
721,1377359082,20.42
721,1377359087,20.42
721,1377359092,20.42
721,1377359097,20.42
721,1377359102,20.42
721,1377359107,20.42
721,1377359112,20.42
721,1377359117,20.42
721,1377359122,20.43
721,1377359127,20.42
721,1377359132,20.41
721,1377359137,20.41
721,1377359142,20.44
721,1377359147,20.42
721,1377359152,20.42
721,1377359157,20.43
721,1377359162,20.43
721,1377359167,20.43
721,1377359172,20.43
721,1377359177,20.42
721,1377359182,20.42
721,1377359187,20.42
721,1377359192,20.42
721,1377359197,20.44
721,1377359202,20.43
721,1377359207,20.44
721,1377359212,20.43
721,1377359217,20.42
721,1377359222,20.44
721,1377359227,20.43
721,1377359232,20.43
721,1377359237,20.43
721,1377359242,20.43
721,1377359247,20.44
721,1377359252,20.44
721,1377359257,20.44
721,1377359262,20.45
721,1377359267,20.44
721,1377359272,20.44
721,1377359277,20.44
721,1377359282,20.44
721,1377359287,20.44
721,1377359292,20.44
721,1377359297,20.43
721,1377359302,20.44
721,1377359307,20.44
721,1377359312,20.44
721,1377359317,20.44
721,1377359322,20.45
721,1377359327,20.45
721,1377359332,20.44
721,1377359337,20.44
721,1377359342,20.46
721,1377359347,20.45
721,1377359352,20.45
721,1377359357,20.45
721,1377359362,20.44
721,1377359367,20.44
721,1377359372,20.44
721,1377359377,20.45
721,1377359382,20.44
721,1377359387,20.44
721,1377359392,20.46
721,1377359397,20.46
721,1377359402,20.46
721,1377359407,20.46
721,1377359412,20.45
721,1377359417,20.46
721,1377359422,20.45
721,1377359427,20.45
721,1377359432,20.44
721,1377359437,20.46
721,1377359442,20.44
721,1377359447,20.45
721,1377359452,20.46
721,1377359457,20.46
721,1377359462,20.45
721,1377359467,20.45
721,1377359472,20.46
721,1377359477,20.46
721,1377359482,20.46
721,1377359487,20.46
721,1377359492,20.46
721,1377359497,20.45
721,1377359502,20.46
721,1377359507,20.46
721,1377359512,20.46
721,1377359517,20.46
721,1377359522,20.46
721,1377359527,20.46
721,1377359532,20.45
721,1377359537,20.46
721,1377359542,20.46
721,1377359547,20.46
721,1377359552,20.46
721,1377359557,20.45
721,1377359562,20.46
721,1377359567,20.46
721,1377359572,20.46
721,1377359577,20.46
721,1377359582,20.46
721,1377359587,20.46
721,1377359592,20.46
721,1377359597,20.47
721,1377359602,20.46
721,1377359607,20.46
721,1377359612,20.47
721,1377359617,20.46
721,1377359622,20.47
721,1377359627,20.46
721,1377359632,20.46
721,1377359637,20.46
721,1377359642,20.46
721,1377359647,20.46
721,1377359652,20.48
721,1377359657,20.45
721,1377359662,20.46
721,1377359667,20.46
721,1377359672,20.46
721,1377359677,20.46
721,1377359682,20.47
721,1377359687,20.46
721,1377359692,20.46
721,1377359697,20.47
721,1377359702,20.48
721,1377359707,20.48
721,1377359712,20.47
721,1377359717,20.47
721,1377359722,20.48
721,1377359727,20.47
721,1377359732,20.47
721,1377359737,20.48
721,1377359742,20.48
721,1377359747,20.48
721,1377359752,20.48
721,1377359757,20.48
721,1377359762,20.46
721,1377359767,20.46
721,1377359772,20.48
721,1377359777,20.48
721,1377359782,20.47
721,1377359787,20.47
721,1377359792,20.48
721,1377359797,20.47
721,1377359802,20.48
721,1377359807,20.47
721,1377359812,20.48
721,1377359817,20.46
721,1377359822,20.47
721,1377359827,20.46
721,1377359832,20.48
721,1377359837,20.48
721,1377359842,20.47
721,1377359847,20.48
721,1377359852,20.48
721,1377359857,20.49
721,1377359862,20.49
721,1377359867,20.48
721,1377359872,20.49
721,1377359877,20.48
721,1377359882,20.49
721,1377359887,20.49
721,1377359892,20.48
721,1377359897,20.48
721,1377359902,20.47
721,1377359907,20.48
721,1377359912,20.5
721,1377359917,20.49
721,1377359922,20.49
721,1377359927,20.49
721,1377359932,20.49
721,1377359937,20.48
721,1377359942,20.48
721,1377359947,20.5
721,1377359952,20.49
721,1377359957,20.48
721,1377359962,20.5
721,1377359967,20.49
721,1377359972,20.49
721,1377359977,20.49
721,1377359982,20.5
721,1377359987,20.5
721,1377359992,20.5
721,1377359997,20.5
721,1377360002,20.49
721,1377360007,20.49
721,1377360012,20.51
721,1377360017,20.49
721,1377360022,20.49
721,1377360027,20.5
721,1377360032,20.51
721,1377360037,20.49
721,1377360042,20.51
721,1377360047,20.5
721,1377360052,20.5
721,1377360057,20.5
721,1377360062,20.5
721,1377360067,20.5
721,1377360072,20.5
721,1377360077,20.5
721,1377360082,20.5
721,1377360087,20.5
721,1377360092,20.5
721,1377360097,20.51
721,1377360102,20.5
721,1377360107,20.5
721,1377360112,20.52
721,1377360117,20.52
721,1377360122,20.52
721,1377360127,20.52
721,1377360132,20.51
721,1377360137,20.52
721,1377360142,20.51
721,1377360147,20.52
721,1377360152,20.52
721,1377360157,20.51
721,1377360162,20.52
721,1377360167,20.52
721,1377360172,20.52
721,1377360177,20.51
721,1377360182,20.52
721,1377360187,20.52
721,1377360192,20.52
721,1377360197,20.52
721,1377360202,20.52
721,1377360207,20.52
721,1377360212,20.52
721,1377360217,20.52
721,1377360222,20.52
721,1377360227,20.52
721,1377360232,20.53
721,1377360237,20.54
721,1377360242,20.52
721,1377360247,20.53
721,1377360252,20.52
721,1377360257,20.52
721,1377360262,20.53
721,1377360267,20.52
721,1377360272,20.52
721,1377360277,20.53
721,1377360282,20.53
721,1377360287,20.53
721,1377360292,20.54
721,1377360297,20.53
721,1377360302,20.54
721,1377360307,20.52
721,1377360312,20.54
721,1377360317,20.54
721,1377360322,20.54
721,1377360327,20.54
721,1377360332,20.53
721,1377360337,20.54
721,1377360342,20.54
721,1377360347,20.54
721,1377360352,20.54
721,1377360357,20.54
721,1377360362,20.54
721,1377360367,20.54
721,1377360372,20.54
721,1377360377,20.53
721,1377360382,20.54
721,1377360387,20.54
721,1377360392,20.54
721,1377360397,20.54
721,1377360402,20.55
721,1377360407,20.54
721,1377360412,20.55
721,1377360417,20.56
721,1377360422,20.54
721,1377360427,20.54
721,1377360432,20.55
721,1377360437,20.56
721,1377360442,20.55
721,1377360447,20.55
721,1377360452,20.55
721,1377360457,20.55
721,1377360462,20.55
721,1377360467,20.55
721,1377360472,20.54
721,1377360477,20.56
721,1377360482,20.55
721,1377360487,20.55
721,1377360492,20.55
721,1377360497,20.55
721,1377360502,20.55
721,1377360507,20.56
721,1377360512,20.54
721,1377360517,20.54
721,1377360522,20.55
721,1377360527,20.55
721,1377360532,20.56
721,1377360537,20.55
721,1377360542,20.56
721,1377360547,20.55
721,1377360552,20.54
721,1377360557,20.56
721,1377360562,20.56
721,1377360567,20.56
721,1377360572,20.54
721,1377360577,20.55
721,1377360582,20.56
721,1377360587,20.55
721,1377360592,20.56
721,1377360597,20.56
721,1377360602,20.55
721,1377360607,20.56
721,1377360612,20.55
721,1377360617,20.55
721,1377360622,20.57
721,1377360627,20.55
721,1377360632,20.55
721,1377360637,20.55
721,1377360642,20.56
721,1377360647,20.57
721,1377360652,20.57
721,1377360657,20.55
721,1377360662,20.56
721,1377360667,20.56
721,1377360672,20.56
721,1377360677,20.57
721,1377360682,20.57
721,1377360687,20.55
721,1377360692,20.56
721,1377360697,20.56
721,1377360702,20.56
721,1377360707,20.57
721,1377360712,20.56
721,1377360717,20.56
721,1377360722,20.56
721,1377360727,20.56
721,1377360732,20.57
721,1377360737,20.56
721,1377360742,20.56
721,1377360747,20.57
721,1377360752,20.56
721,1377360757,20.56
721,1377360762,20.56
721,1377360767,20.56
721,1377360772,20.56
721,1377360777,20.56
721,1377360782,20.56
721,1377360787,20.56
721,1377360792,20.58
721,1377360797,20.57
721,1377360802,20.56
721,1377360807,20.56
721,1377360812,20.56
721,1377360817,20.56
721,1377360822,20.56
721,1377360827,20.57
721,1377360832,20.57
721,1377360837,20.57
721,1377360842,20.56
721,1377360847,20.57
721,1377360852,20.56
721,1377360857,20.56
721,1377360862,20.57
721,1377360867,20.58
721,1377360872,20.58
721,1377360877,20.56
721,1377360882,20.56
721,1377360887,20.57
721,1377360892,20.57
721,1377360897,20.57
721,1377360902,20.57
721,1377360907,20.56
721,1377360912,20.57
721,1377360917,20.56
721,1377360922,20.56
721,1377360927,20.57
721,1377360932,20.56
721,1377360937,20.56
721,1377360942,20.57
721,1377360947,20.56
721,1377360952,20.56
721,1377360957,20.57
721,1377360962,20.57
721,1377360967,20.56
721,1377360972,20.56
721,1377360977,20.56
721,1377360982,20.56
721,1377360987,20.56
721,1377360992,20.56
721,1377360997,20.56
721,1377361002,20.58
721,1377361007,20.56
721,1377361012,20.58
721,1377361017,20.57
721,1377361022,20.57
721,1377361027,20.57
721,1377361032,20.56
721,1377361037,20.57
721,1377361042,20.57
721,1377361047,20.58
721,1377361052,20.57
721,1377361057,20.57
721,1377361062,20.57
721,1377361067,20.57
721,1377361072,20.58
721,1377361077,20.57
721,1377361082,20.58
721,1377361087,20.58
721,1377361092,20.57
721,1377361097,20.57
721,1377361102,20.57
721,1377361107,20.58
721,1377361112,20.58
721,1377361117,20.58
721,1377361122,20.58
721,1377361127,20.57
721,1377361132,20.58
721,1377361137,20.57
721,1377361142,20.57
721,1377361147,20.58
721,1377361152,20.58
721,1377361157,20.58
721,1377361162,20.58
721,1377361167,20.58
721,1377361172,20.59
721,1377361177,20.57
721,1377361182,20.58
721,1377361187,20.58
721,1377361192,20.59
721,1377361197,20.58
721,1377361202,20.57
721,1377361207,20.58
721,1377361212,20.58
721,1377361217,20.58
721,1377361222,20.57
721,1377361227,20.59
721,1377361232,20.58
721,1377361237,20.58
721,1377361242,20.59
721,1377361247,20.58
721,1377361252,20.58
721,1377361257,20.58
721,1377361262,20.59
721,1377361267,20.58
721,1377361272,20.58
721,1377361277,20.58
721,1377361282,20.58
721,1377361287,20.57
721,1377361292,20.58
721,1377361297,20.59
721,1377361302,20.58
721,1377361307,20.58
721,1377361312,20.58
721,1377361317,20.58
721,1377361322,20.59
721,1377361327,20.57
721,1377361332,20.58
721,1377361337,20.57
721,1377361342,20.58
721,1377361347,20.58
721,1377361352,20.58
721,1377361357,20.58
721,1377361362,20.57
721,1377361367,20.58
721,1377361372,20.58
721,1377361377,20.57
721,1377361382,20.59
721,1377361387,20.58
721,1377361392,20.58
721,1377361397,20.58
721,1377361402,20.59
721,1377361407,20.58
721,1377361412,20.58
721,1377361417,20.59
721,1377361422,20.59
721,1377361427,20.58
721,1377361432,20.6
721,1377361437,20.6
721,1377361442,20.59
721,1377361447,20.59
721,1377361452,20.57
721,1377361457,20.59
721,1377361462,20.58
721,1377361467,20.58
721,1377361472,20.59
721,1377361477,20.58
721,1377361482,20.58
721,1377361487,20.58
721,1377361492,20.58
721,1377361497,20.59
721,1377361502,20.59
721,1377361507,20.58
721,1377361512,20.58
721,1377361517,20.57
721,1377361522,20.6
721,1377361527,20.58
721,1377361532,20.58
721,1377361537,20.59
721,1377361542,20.58
721,1377361547,20.58
721,1377361552,20.58
721,1377361557,20.58
721,1377361562,20.59
721,1377361567,20.59
721,1377361572,20.58
721,1377361577,20.58
721,1377361582,20.59
721,1377361587,20.58
721,1377361592,20.59
721,1377361597,20.59
721,1377361602,20.6
721,1377361607,20.58
721,1377361612,20.6
721,1377361617,20.6
721,1377361622,20.6
721,1377361627,20.58
721,1377361632,20.59
721,1377361637,20.59
721,1377361642,20.58
721,1377361647,20.58
721,1377361652,20.58
721,1377361657,20.6
721,1377361662,20.59
721,1377361667,20.59
721,1377361672,20.58
721,1377361677,20.59
721,1377361682,20.59
721,1377361687,20.6
721,1377361692,20.58
721,1377361697,20.59
721,1377361702,20.59
721,1377361707,20.59
721,1377361712,20.58
721,1377361717,20.58
721,1377361722,20.59
721,1377361727,20.59
721,1377361732,20.59
721,1377361737,20.59
721,1377361742,20.6
721,1377361747,20.58
721,1377361752,20.58
721,1377361757,20.58
721,1377361762,20.59
721,1377361767,20.6
721,1377361772,20.58
721,1377361777,20.59
721,1377361782,20.58
721,1377361787,20.59
721,1377361792,20.59
721,1377361797,20.58
721,1377361802,20.58
721,1377361807,20.59
721,1377361812,20.58
721,1377361817,20.59
721,1377361822,20.58
721,1377361827,20.58
721,1377361832,20.58
721,1377361837,20.59
721,1377361842,20.59
721,1377361847,20.59
721,1377361852,20.6
721,1377361857,20.59
721,1377361862,20.6
721,1377361867,20.59
721,1377361872,20.6
721,1377361877,20.59
721,1377361882,20.59
721,1377361887,20.58
721,1377361892,20.6
721,1377361897,20.59
721,1377361902,20.59
721,1377361907,20.58
721,1377361912,20.59
721,1377361917,20.59
721,1377361922,20.59
721,1377361927,20.6
721,1377361932,20.59
721,1377361937,20.59
721,1377361942,20.6
721,1377361947,20.61
721,1377361952,20.6
721,1377361957,20.6
721,1377361962,20.6
721,1377361967,20.59
721,1377361972,20.59
721,1377361977,20.6
721,1377361982,20.6
721,1377361987,20.6
721,1377361992,20.6
721,1377361997,20.59
721,1377362002,20.59
721,1377362007,20.59
721,1377362012,20.59
721,1377362017,20.6
721,1377362022,20.6
721,1377362027,20.59
721,1377362032,20.6
721,1377362037,20.59
721,1377362042,20.6
721,1377362047,20.59
721,1377362052,20.59
721,1377362057,20.59
721,1377362062,20.6
721,1377362067,20.59
721,1377362072,20.59
721,1377362077,20.59
721,1377362082,20.6
721,1377362087,20.6
721,1377362092,20.6
721,1377362097,20.6
721,1377362102,20.6
721,1377362107,20.6
721,1377362112,20.6
721,1377362117,20.6
721,1377362122,20.59
721,1377362127,20.6
721,1377362132,20.6
721,1377362137,20.6
721,1377362142,20.6
721,1377362147,20.61
721,1377362152,20.61
721,1377362157,20.62
721,1377362162,20.61
721,1377362167,20.6
721,1377362172,20.62
721,1377362177,20.61
721,1377362182,20.6
721,1377362187,20.6
721,1377362192,20.62
721,1377362197,20.61
721,1377362202,20.61
721,1377362207,20.61
721,1377362212,20.6
721,1377362217,20.61
721,1377362222,20.61
721,1377362227,20.6
721,1377362232,20.61
721,1377362237,20.62
721,1377362242,20.62
721,1377362247,20.61
721,1377362252,20.61
721,1377362257,20.62
721,1377362262,20.61
721,1377362267,20.61
721,1377362272,20.61
721,1377362277,20.61
721,1377362282,20.62
721,1377362287,20.61
721,1377362292,20.62
721,1377362297,20.61
721,1377362302,20.62
721,1377362307,20.62
721,1377362312,20.61
721,1377362317,20.61
721,1377362322,20.62
721,1377362327,20.62
721,1377362332,20.61
721,1377362337,20.61
721,1377362342,20.62
721,1377362347,20.62
721,1377362352,20.62
721,1377362357,20.62
721,1377362362,20.62
721,1377362367,20.61
721,1377362372,20.62
721,1377362377,20.62
721,1377362382,20.63
721,1377362387,20.62
721,1377362392,20.62
721,1377362397,20.62
721,1377362402,20.6
721,1377362407,20.61
721,1377362412,20.62
721,1377362417,20.61
721,1377362422,20.61
721,1377362427,20.6
721,1377362432,20.62
721,1377362437,20.62
721,1377362442,20.63
721,1377362447,20.62
721,1377362452,20.62
721,1377362457,20.62
721,1377362462,20.62
721,1377362467,20.63
721,1377362472,20.63
721,1377362477,20.62
721,1377362482,20.62
721,1377362487,20.62
721,1377362492,20.62
721,1377362497,20.63
721,1377362502,20.62
721,1377362507,20.62
721,1377362512,20.62
721,1377362517,20.62
721,1377362522,20.62
721,1377362527,20.62
721,1377362532,20.62
721,1377362537,20.62
721,1377362542,20.63
721,1377362547,20.62
721,1377362552,20.62
721,1377362557,20.62
721,1377362562,20.63
721,1377362567,20.63
721,1377362572,20.63
721,1377362577,20.62
721,1377362582,20.62
721,1377362587,20.62
721,1377362592,20.62
721,1377362597,20.62
721,1377362602,20.63
721,1377362607,20.63
721,1377362612,20.62
721,1377362617,20.64
721,1377362622,20.62
721,1377362627,20.62
721,1377362632,20.63
721,1377362637,20.63
721,1377362642,20.64
721,1377362647,20.63
721,1377362652,20.63
721,1377362657,20.63
721,1377362662,20.62
721,1377362667,20.62
721,1377362672,20.63
721,1377362677,20.63
721,1377362682,20.63
721,1377362687,20.63
721,1377362692,20.63
721,1377362697,20.63
721,1377362702,20.64
721,1377362707,20.63
721,1377362712,20.62
721,1377362717,20.63
721,1377362722,20.64
721,1377362727,20.63
721,1377362732,20.64
721,1377362737,20.63
721,1377362742,20.63
721,1377362747,20.63
721,1377362752,20.63
721,1377362757,20.63
721,1377362762,20.64
721,1377362767,20.63
721,1377362772,20.64
721,1377362777,20.64
721,1377362782,20.64
721,1377362787,20.64
721,1377362792,20.64
721,1377362797,20.64
721,1377362802,20.63
721,1377362807,20.64
721,1377362812,20.64
721,1377362817,20.64
721,1377362822,20.64
721,1377362827,20.64
721,1377362832,20.64
721,1377362837,20.65
721,1377362842,20.64
721,1377362847,20.64
721,1377362852,20.64
721,1377362857,20.64
721,1377362862,20.63
721,1377362867,20.64
721,1377362872,20.64
721,1377362877,20.63
721,1377362882,20.64
721,1377362887,20.64
721,1377362892,20.64
721,1377362897,20.65
721,1377362902,20.64
721,1377362907,20.64
721,1377362912,20.63
721,1377362917,20.64
721,1377362922,20.64
721,1377362927,20.64
721,1377362932,20.65
721,1377362937,20.65
721,1377362942,20.64
721,1377362947,20.64
721,1377362952,20.64
721,1377362957,20.65
721,1377362962,20.66
721,1377362967,20.65
721,1377362972,20.64
721,1377362977,20.64
721,1377362982,20.65
721,1377362987,20.65
721,1377362992,20.64
721,1377362997,20.65
721,1377363002,20.65
721,1377363007,20.64
721,1377363012,20.66
721,1377363017,20.65
721,1377363022,20.64
721,1377363027,20.64
721,1377363032,20.65
721,1377363037,20.64
721,1377363042,20.65
721,1377363047,20.66
721,1377363052,20.65
721,1377363057,20.64
721,1377363062,20.65
721,1377363067,20.66
721,1377363072,20.66
721,1377363077,20.65
721,1377363082,20.66
721,1377363087,20.66
721,1377363092,20.65
721,1377363097,20.66
721,1377363102,20.66
721,1377363107,20.65
721,1377363112,20.66
721,1377363117,20.65
721,1377363122,20.66
721,1377363127,20.65
721,1377363132,20.65
721,1377363137,20.66
721,1377363142,20.65
721,1377363147,20.64
721,1377363152,20.66
721,1377363157,20.66
721,1377363162,20.66
721,1377363167,20.66
721,1377363172,20.66
721,1377363177,20.67
721,1377363182,20.66
721,1377363187,20.66
721,1377363192,20.66
721,1377363197,20.66
721,1377363202,20.65
721,1377363207,20.67
721,1377363212,20.67
721,1377363217,20.67
721,1377363222,20.67
721,1377363227,20.66
721,1377363232,20.66
721,1377363237,20.66
721,1377363242,20.66
721,1377363247,20.66
721,1377363252,20.66
721,1377363257,20.66
721,1377363262,20.66
721,1377363267,20.66
721,1377363272,20.65
721,1377363277,20.66
721,1377363282,20.66
721,1377363287,20.66
721,1377363292,20.66
721,1377363297,20.66
721,1377363302,20.66
721,1377363307,20.66
721,1377363312,20.66
721,1377363317,20.66
721,1377363322,20.66
721,1377363327,20.67
721,1377363332,20.67
721,1377363337,20.66
721,1377363342,20.66
721,1377363347,20.65
721,1377363352,20.66
721,1377363357,20.66
721,1377363362,20.66
721,1377363367,20.66
721,1377363372,20.66
721,1377363377,20.66
721,1377363382,20.67
721,1377363387,20.66
721,1377363392,20.66
721,1377363397,20.67
721,1377363402,20.66
721,1377363407,20.67
721,1377363412,20.65
721,1377363417,20.66
721,1377363422,20.67
721,1377363427,20.67
721,1377363432,20.68
721,1377363437,20.66
721,1377363442,20.67
721,1377363447,20.66
721,1377363452,20.66
721,1377363457,20.66
721,1377363462,20.67
721,1377363467,20.66
721,1377363472,20.66
721,1377363477,20.66
721,1377363482,20.66
721,1377363487,20.67
721,1377363492,20.67
721,1377363497,20.68
721,1377363502,20.68
721,1377363507,20.67
721,1377363512,20.68
721,1377363517,20.67
721,1377363522,20.69
721,1377363527,20.67
721,1377363532,20.67
721,1377363537,20.67
721,1377363542,20.68
721,1377363547,20.68
721,1377363552,20.67
721,1377363557,20.66
721,1377363562,20.68
721,1377363567,20.68
721,1377363572,20.68
721,1377363577,20.68
721,1377363582,20.67
721,1377363587,20.68
721,1377363592,20.66
721,1377363597,20.68
721,1377363602,20.69
721,1377363607,20.68
721,1377363612,20.68
721,1377363617,20.69
721,1377363622,20.68
721,1377363627,20.68
721,1377363632,20.68
721,1377363637,20.69
721,1377363642,20.68
721,1377363647,20.68
721,1377363652,20.69
721,1377363657,20.69
721,1377363662,20.68
721,1377363667,20.69
721,1377363672,20.67
721,1377363677,20.69
721,1377363682,20.7
721,1377363687,20.68
721,1377363692,20.7
721,1377363697,20.69
721,1377363702,20.69
721,1377363707,20.68
721,1377363712,20.69
721,1377363717,20.69
721,1377363722,20.68
721,1377363727,20.69
721,1377363732,20.69
721,1377363737,20.69
721,1377363742,20.69
721,1377363747,20.7
721,1377363752,20.68
721,1377363757,20.69
721,1377363762,20.69
721,1377363767,20.69
721,1377363772,20.69
721,1377363777,20.68
721,1377363782,20.7
721,1377363787,20.7
721,1377363792,20.69
721,1377363797,20.69
721,1377363802,20.7
721,1377363807,20.7
721,1377363812,20.69
721,1377363817,20.7
721,1377363822,20.7
721,1377363827,20.7
721,1377363832,20.69
721,1377363837,20.69
721,1377363842,20.69
721,1377363847,20.69
721,1377363852,20.7
721,1377363857,20.69
721,1377363862,20.7
721,1377363867,20.69
721,1377363872,20.7
721,1377363877,20.7
721,1377363882,20.7
721,1377363887,20.7
721,1377363892,20.7
721,1377363897,20.7
721,1377363902,20.7
721,1377363907,20.69
721,1377363912,20.69
721,1377363917,20.7
721,1377363922,20.7
721,1377363927,20.7
721,1377363932,20.7
721,1377363937,20.7
721,1377363942,20.69
721,1377363947,20.7
721,1377363952,20.69
721,1377363957,20.7
721,1377363962,20.69
721,1377363967,20.7
721,1377363972,20.7
721,1377363977,20.71
721,1377363982,20.7
721,1377363987,20.7
721,1377363992,20.71
721,1377363997,20.7
721,1377364002,20.7
721,1377364007,20.7
721,1377364012,20.71
721,1377364017,20.7
721,1377364022,20.7
721,1377364027,20.7
721,1377364032,20.7
721,1377364037,20.7
721,1377364042,20.7
721,1377364047,20.71
721,1377364052,20.7
721,1377364057,20.7
721,1377364062,20.7
721,1377364067,20.71
721,1377364072,20.7
721,1377364077,20.7
721,1377364082,20.71
721,1377364087,20.72
721,1377364092,20.71
721,1377364097,20.7
721,1377364102,20.71
721,1377364107,20.7
721,1377364112,20.7
721,1377364117,20.7
721,1377364122,20.72
721,1377364127,20.7
721,1377364132,20.72
721,1377364137,20.72
721,1377364142,20.72
721,1377364147,20.71
721,1377364152,20.7
721,1377364157,20.73
721,1377364162,20.73
721,1377364167,20.72
721,1377364172,20.72
721,1377364177,20.72
721,1377364182,20.72
721,1377364187,20.73
721,1377364192,20.72
721,1377364197,20.73
721,1377364202,20.72
721,1377364207,20.72
721,1377364212,20.72
721,1377364217,20.74
721,1377364222,20.74
721,1377364227,20.72
721,1377364232,20.72
721,1377364237,20.72
721,1377364242,20.73
721,1377364247,20.74
721,1377364252,20.72
721,1377364257,20.72
721,1377364262,20.72
721,1377364267,20.74
721,1377364272,20.73
721,1377364277,20.73
721,1377364282,20.73
721,1377364287,20.73
721,1377364292,20.74
721,1377364297,20.72
721,1377364302,20.74
721,1377364307,20.74
721,1377364312,20.74
721,1377364317,20.74
721,1377364322,20.73
721,1377364327,20.74
721,1377364332,20.74
721,1377364337,20.74
721,1377364342,20.73
721,1377364347,20.74
721,1377364352,20.74
721,1377364357,20.74
721,1377364362,20.74
721,1377364367,20.73
721,1377364372,20.73
721,1377364377,20.74
721,1377364382,20.74
721,1377364387,20.74
721,1377364392,20.74
721,1377364397,20.73
721,1377364402,20.73
721,1377364407,20.73
721,1377364412,20.73
721,1377364417,20.74
721,1377364422,20.75
721,1377364427,20.74
721,1377364432,20.74
721,1377364437,20.74
721,1377364442,20.74
721,1377364447,20.74
721,1377364452,20.74
721,1377364457,20.74
721,1377364462,20.74
721,1377364467,20.74
721,1377364472,20.74
721,1377364477,20.74
721,1377364482,20.74
721,1377364487,20.74
721,1377364492,20.74
721,1377364497,20.75
721,1377364502,20.75
721,1377364507,20.74
721,1377364512,20.75
721,1377364517,20.75
721,1377364522,20.74
721,1377364527,20.75
721,1377364532,20.75
721,1377364537,20.75
721,1377364542,20.76
721,1377364547,20.76
721,1377364552,20.75
721,1377364557,20.75
721,1377364562,20.76
721,1377364567,20.74
721,1377364572,20.74
721,1377364577,20.75
721,1377364582,20.75
721,1377364587,20.74
721,1377364592,20.75
721,1377364597,20.75
721,1377364602,20.75
721,1377364607,20.74
721,1377364612,20.75
721,1377364617,20.76
721,1377364622,20.75
721,1377364627,20.76
721,1377364632,20.75
721,1377364637,20.76
721,1377364642,20.74
721,1377364647,20.75
721,1377364652,20.76
721,1377364657,20.76
721,1377364662,20.75
721,1377364667,20.75
721,1377364672,20.76
721,1377364677,20.76
721,1377364682,20.75
721,1377364687,20.75
721,1377364692,20.76
721,1377364697,20.75
721,1377364702,20.76
721,1377364707,20.76
721,1377364712,20.75
721,1377364717,20.76
721,1377364722,20.76
721,1377364727,20.76
721,1377364732,20.77
721,1377364737,20.76
721,1377364742,20.76
721,1377364747,20.76
721,1377364752,20.76
721,1377364757,20.76
721,1377364762,20.76
721,1377364768,20.76
721,1377364772,20.76
721,1377364777,20.76
721,1377364782,20.76
721,1377364787,20.76
721,1377364792,20.75
721,1377364797,20.76
721,1377364802,20.76
721,1377364807,20.76
721,1377364812,20.76
721,1377364817,20.75
721,1377364822,20.76
721,1377364827,20.76
721,1377364832,20.77
721,1377364837,20.77
721,1377364842,20.77
721,1377364847,20.78
721,1377364852,20.76
721,1377364857,20.76
721,1377364862,20.76
721,1377364867,20.76
721,1377364872,20.76
721,1377364877,20.77
721,1377364882,20.76
721,1377364887,20.78
721,1377364892,20.77
721,1377364897,20.76
721,1377364902,20.77
721,1377364907,20.77
721,1377364912,20.78
721,1377364917,20.77
721,1377364922,20.76
721,1377364927,20.78
721,1377364932,20.77
721,1377364937,20.78
721,1377364942,20.76
721,1377364947,20.78
721,1377364952,20.77
721,1377364957,20.77
721,1377364962,20.78
721,1377364967,20.76
721,1377364972,20.76
721,1377364977,20.77
721,1377364982,20.77
721,1377364987,20.76
721,1377364992,20.77
721,1377364997,20.77
721,1377365002,20.78
721,1377365007,20.76
721,1377365012,20.76
721,1377365017,20.78
721,1377365022,20.77
721,1377365027,20.77
721,1377365032,20.78
721,1377365037,20.78
721,1377365042,20.77
721,1377365047,20.77
721,1377365052,20.78
721,1377365057,20.78
721,1377365062,20.78
721,1377365067,20.78
721,1377365072,20.78
721,1377365077,20.78
721,1377365082,20.79
721,1377365087,20.78
721,1377365092,20.78
721,1377365097,20.77
721,1377365102,20.78
721,1377365107,20.77
721,1377365112,20.78
721,1377365117,20.78
721,1377365122,20.78
721,1377365127,20.78
721,1377365132,20.78
721,1377365137,20.77
721,1377365142,20.77
721,1377365147,20.78
721,1377365152,20.77
721,1377365157,20.78
721,1377365162,20.79
721,1377365167,20.78
721,1377365172,20.77
721,1377365177,20.78
721,1377365182,20.78
721,1377365187,20.78
721,1377365192,20.78
721,1377365197,20.79
721,1377365202,20.78
721,1377365207,20.79
721,1377365212,20.78
721,1377365217,20.78
721,1377365222,20.78
721,1377365227,20.78
721,1377365232,20.78
721,1377365237,20.79
721,1377365242,20.78
721,1377365247,20.78
721,1377365252,20.78
721,1377365257,20.78
721,1377365262,20.79
721,1377365267,20.79
721,1377365272,20.8
721,1377365277,20.8
721,1377365282,20.79
721,1377365287,20.8
721,1377365292,20.78
721,1377365297,20.79
721,1377365302,20.8
721,1377365307,20.8
721,1377365312,20.8
721,1377365317,20.78
721,1377365322,20.8
721,1377365327,20.79
721,1377365332,20.79
721,1377365337,20.81
721,1377365342,20.8
721,1377365347,20.8
721,1377365352,20.8
721,1377365357,20.8
721,1377365362,20.8
721,1377365367,20.79
721,1377365372,20.8
721,1377365377,20.8
721,1377365382,20.8
721,1377365387,20.8
721,1377365392,20.79
721,1377365397,20.8
721,1377365402,20.8
721,1377365407,20.79
721,1377365412,20.8
721,1377365417,20.8
721,1377365422,20.79
721,1377365427,20.79
721,1377365432,20.8
721,1377365437,20.8
721,1377365442,20.81
721,1377365447,20.8
721,1377365452,20.8
721,1377365457,20.8
721,1377365462,20.8
721,1377365467,20.8
721,1377365472,20.8
721,1377365477,20.8
721,1377365482,20.82
721,1377365487,20.81
721,1377365492,20.81
721,1377365497,20.81
721,1377365502,20.8
721,1377365507,20.81
721,1377365512,20.81
721,1377365517,20.8
721,1377365522,20.8
721,1377365527,20.8
721,1377365532,20.81
721,1377365537,20.81
721,1377365542,20.81
721,1377365547,20.81
721,1377365552,20.8
721,1377365557,20.81
721,1377365562,20.82
721,1377365567,20.81
721,1377365572,20.82
721,1377365577,20.81
721,1377365582,20.83
721,1377365587,20.82
721,1377365592,20.8
721,1377365597,20.81
721,1377365602,20.82
721,1377365607,20.82
721,1377365612,20.82
721,1377365617,20.82
721,1377365622,20.81
721,1377365627,20.81
721,1377365632,20.82
721,1377365637,20.82
721,1377365642,20.82
721,1377365647,20.81
721,1377365652,20.82
721,1377365657,20.83
721,1377365662,20.82
721,1377365667,20.82
721,1377365672,20.82
721,1377365677,20.83
721,1377365682,20.82
721,1377365687,20.82
721,1377365692,20.82
721,1377365697,20.82
721,1377365702,20.82
721,1377365707,20.82
721,1377365712,20.82
721,1377365717,20.82
721,1377365722,20.82
721,1377365727,20.83
721,1377365732,20.84
721,1377365737,20.83
721,1377365742,20.82
721,1377365747,20.83
721,1377365752,20.82
721,1377365757,20.83
721,1377365762,20.84
721,1377365767,20.83
721,1377365772,20.83
721,1377365777,20.84
721,1377365782,20.82
721,1377365787,20.83
721,1377365792,20.84
721,1377365797,20.83
721,1377365802,20.82
721,1377365807,20.83
721,1377365812,20.83
721,1377365817,20.83
721,1377365822,20.84
721,1377365827,20.83
721,1377365832,20.82
721,1377365837,20.83
721,1377365842,20.82
721,1377365847,20.84
721,1377365852,20.83
721,1377365857,20.83
721,1377365862,20.83
721,1377365867,20.84
721,1377365872,20.82
721,1377365877,20.83
721,1377365882,20.83
721,1377365887,20.83
721,1377365892,20.83
721,1377365897,20.84
721,1377365902,20.84
721,1377365907,20.84
721,1377365912,20.83
721,1377365917,20.84
721,1377365922,20.84
721,1377365927,20.84
721,1377365932,20.84
721,1377365937,20.84
721,1377365942,20.83
721,1377365947,20.84
721,1377365952,20.84
721,1377365957,20.84
721,1377365962,20.84
721,1377365967,20.85
721,1377365972,20.85
721,1377365977,20.84
721,1377365982,20.84
721,1377365987,20.85
721,1377365992,20.85
721,1377365997,20.84
721,1377366002,20.84
721,1377366007,20.86
721,1377366012,20.85
721,1377366017,20.85
721,1377366022,20.84
721,1377366027,20.86
721,1377366032,20.85
721,1377366037,20.85
721,1377366042,20.86
721,1377366047,20.85
721,1377366052,20.85
721,1377366057,20.85
721,1377366062,20.86
721,1377366067,20.85
721,1377366072,20.86
721,1377366077,20.86
721,1377366082,20.86
721,1377366087,20.86
721,1377366092,20.86
721,1377366097,20.86
721,1377366102,20.85
721,1377366107,20.86
721,1377366112,20.86
721,1377366117,20.86
721,1377366122,20.86
721,1377366127,20.86
721,1377366132,20.85
721,1377366137,20.86
721,1377366142,20.86
721,1377366147,20.86
721,1377366152,20.86
721,1377366157,20.86
721,1377366162,20.87
721,1377366167,20.86
721,1377366172,20.86
721,1377366177,20.86
721,1377366182,20.86
721,1377366187,20.87
721,1377366192,20.86
721,1377366197,20.86
721,1377366202,20.86
721,1377366207,20.88
721,1377366212,20.87
721,1377366217,20.87
721,1377366222,20.87
721,1377366227,20.87
721,1377366232,20.88
721,1377366237,20.87
721,1377366242,20.88
721,1377366247,20.87
721,1377366252,20.87
721,1377366257,20.87
721,1377366262,20.87
721,1377366267,20.87
721,1377366272,20.88
721,1377366277,20.88
721,1377366282,20.88
721,1377366287,20.87
721,1377366292,20.87
721,1377366297,20.88
721,1377366302,20.88
721,1377366307,20.87
721,1377366312,20.88
721,1377366317,20.88
721,1377366322,20.86
721,1377366327,20.88
721,1377366332,20.88
721,1377366337,20.87
721,1377366342,20.88
721,1377366347,20.88
721,1377366352,20.88
721,1377366357,20.88
721,1377366362,20.88
721,1377366367,20.88
721,1377366372,20.88
721,1377366377,20.88
721,1377366382,20.88
721,1377366387,20.89
721,1377366392,20.88
721,1377366397,20.88
721,1377366402,20.88
721,1377366407,20.88
721,1377366412,20.89
721,1377366417,20.88
721,1377366422,20.88
721,1377366427,20.88
721,1377366432,20.89
721,1377366437,20.89
721,1377366442,20.88
721,1377366447,20.88
721,1377366452,20.9
721,1377366457,20.89
721,1377366462,20.89
721,1377366467,20.89
721,1377366472,20.89
721,1377366477,20.9
721,1377366482,20.88
721,1377366487,20.9
721,1377366492,20.9
721,1377366497,20.9
721,1377366502,20.89
721,1377366507,20.9
721,1377366512,20.9
721,1377366517,20.89
721,1377366522,20.89
721,1377366527,20.89
721,1377366532,20.9
721,1377366537,20.89
721,1377366542,20.9
721,1377366547,20.9
721,1377366552,20.9
721,1377366557,20.9
721,1377366562,20.91
721,1377366567,20.91
721,1377366572,20.9
721,1377366577,20.91
721,1377366582,20.9
721,1377366587,20.9
721,1377366592,20.9
721,1377366597,20.9
721,1377366602,20.91
721,1377366607,20.9
721,1377366612,20.91
721,1377366617,20.91
721,1377366622,20.91
721,1377366627,20.9
721,1377366632,20.92
721,1377366637,20.9
721,1377366642,20.9
721,1377366647,20.91
721,1377366652,20.91
721,1377366657,20.91
721,1377366662,20.92
721,1377366667,20.92
721,1377366672,20.91
721,1377366677,20.91
721,1377366682,20.91
721,1377366687,20.91
721,1377366692,20.92
721,1377366697,20.93
721,1377366702,20.92
721,1377366707,20.92
721,1377366712,20.91
721,1377366717,20.93
721,1377366722,20.92
721,1377366727,20.92
721,1377366732,20.92
721,1377366737,20.92
721,1377366742,20.91
721,1377366747,20.93
721,1377366752,20.91
721,1377366757,20.9
721,1377366762,20.92
721,1377366767,20.92
721,1377366772,20.92
721,1377366777,20.92
721,1377366782,20.91
721,1377366787,20.92
721,1377366792,20.92
721,1377366797,20.92
721,1377366802,20.93
721,1377366807,20.92
721,1377366812,20.92
721,1377366817,20.93
721,1377366822,20.92
721,1377366827,20.92
721,1377366832,20.93
721,1377366837,20.93
721,1377366842,20.93
721,1377366847,20.92
721,1377366852,20.93
721,1377366857,20.93
721,1377366862,20.94
721,1377366867,20.92
721,1377366872,20.93
721,1377366877,20.93
721,1377366882,20.94
721,1377366887,20.92
721,1377366892,20.92
721,1377366897,20.94
721,1377366902,20.94
721,1377366907,20.94
721,1377366912,20.93
721,1377366917,20.95
721,1377366922,20.94
721,1377366927,20.94
721,1377366932,20.93
721,1377366937,20.94
721,1377366942,20.94
721,1377366947,20.95
721,1377366952,20.94
721,1377366957,20.94
721,1377366962,20.94
721,1377366967,20.94
721,1377366972,20.96
721,1377366977,20.95
721,1377366982,20.94
721,1377366987,20.94
721,1377366992,20.95
721,1377366997,20.94
721,1377367002,20.94
721,1377367007,20.94
721,1377367012,20.95
721,1377367017,20.96
721,1377367022,20.97
721,1377367027,20.96
721,1377367032,20.95
721,1377367037,20.95
721,1377367042,20.95
721,1377367047,20.95
721,1377367052,20.97
721,1377367057,20.95
721,1377367062,20.96
721,1377367067,20.96
721,1377367072,20.97
721,1377367077,20.97
721,1377367082,20.96
721,1377367087,20.94
721,1377367092,20.96
721,1377367097,20.96
721,1377367102,20.96
721,1377367107,20.96
721,1377367112,20.96
721,1377367117,20.96
721,1377367122,20.95
721,1377367127,20.97
721,1377367132,20.96
721,1377367137,20.96
721,1377367142,20.96
721,1377367147,20.97
721,1377367152,20.97
721,1377367157,20.96
721,1377367162,20.96
721,1377367167,20.96
721,1377367172,20.96
721,1377367177,20.97
721,1377367182,20.96
721,1377367187,20.96
721,1377367192,20.98
721,1377367197,20.96
721,1377367202,20.98
721,1377367207,20.98
721,1377367212,20.96
721,1377367217,20.98
721,1377367222,20.97
721,1377367227,20.98
721,1377367232,20.97
721,1377367237,20.97
721,1377367242,20.97
721,1377367247,20.98
721,1377367252,20.98
721,1377367257,20.98
721,1377367262,20.98
721,1377367267,20.98
721,1377367272,20.98
721,1377367277,20.98
721,1377367282,20.99
721,1377367287,20.99
721,1377367292,20.98
721,1377367297,20.98
721,1377367302,20.98
721,1377367307,20.98
721,1377367312,20.99
721,1377367317,20.99
721,1377367322,20.99
721,1377367327,20.98
721,1377367332,20.99
721,1377367337,21.0
721,1377367342,20.98
721,1377367347,20.99
721,1377367352,20.98
721,1377367357,21.0
721,1377367362,21.0
721,1377367367,21.0
721,1377367372,20.99
721,1377367377,21.0
721,1377367382,21.0
721,1377367387,21.0
721,1377367392,21.0
721,1377367397,21.0
721,1377367402,21.0
721,1377367407,21.0
721,1377367412,21.0
721,1377367417,21.01
721,1377367422,21.0
721,1377367427,21.0
721,1377367432,21.02
721,1377367437,21.0
721,1377367442,21.0
721,1377367447,21.0
721,1377367452,21.0
721,1377367457,21.01
721,1377367462,21.0
721,1377367467,21.01
721,1377367472,21.02
721,1377367477,21.01
721,1377367482,21.0
721,1377367487,21.0
721,1377367492,21.01
721,1377367497,21.0
721,1377367502,21.01
721,1377367507,21.0
721,1377367512,21.01
721,1377367517,21.02
721,1377367522,21.02
721,1377367527,21.01
721,1377367532,21.0
721,1377367537,21.01
721,1377367542,21.02
721,1377367547,21.03
721,1377367552,21.02
721,1377367557,21.03
721,1377367562,21.02
721,1377367567,21.01
721,1377367572,21.02
721,1377367577,21.02
721,1377367582,21.03
721,1377367587,21.03
721,1377367592,21.03
721,1377367597,21.03
721,1377367602,21.04
721,1377367607,21.03
721,1377367612,21.03
721,1377367617,21.02
721,1377367622,21.04
721,1377367627,21.04
721,1377367632,21.04
721,1377367637,21.04
721,1377367642,21.04
721,1377367647,21.04
721,1377367652,21.04
721,1377367657,21.04
721,1377367662,21.04
721,1377367667,21.04
721,1377367672,21.02
721,1377367677,21.04
721,1377367682,21.04
721,1377367687,21.04
721,1377367692,21.04
721,1377367697,21.04
721,1377367702,21.04
721,1377367707,21.04
721,1377367712,21.04
721,1377367717,21.04
721,1377367722,21.04
721,1377367727,21.04
721,1377367732,21.04
721,1377367737,21.04
721,1377367742,21.04
721,1377367747,21.05
721,1377367752,21.06
721,1377367757,21.05
721,1377367762,21.04
721,1377367767,21.04
721,1377367772,21.05
721,1377367777,21.05
721,1377367782,21.04
721,1377367787,21.04
721,1377367792,21.05
721,1377367797,21.05
721,1377367802,21.05
721,1377367807,21.07
721,1377367812,21.06
721,1377367817,21.06
721,1377367822,21.06
721,1377367827,21.06
721,1377367832,21.06
721,1377367837,21.06
721,1377367842,21.07
721,1377367847,21.06
721,1377367852,21.08
721,1377367857,21.07
721,1377367862,21.07
721,1377367867,21.07
721,1377367872,21.07
721,1377367877,21.07
721,1377367882,21.08
721,1377367887,21.08
721,1377367892,21.08
721,1377367897,21.08
721,1377367902,21.08
721,1377367907,21.07
721,1377367912,21.06
721,1377367917,21.08
721,1377367922,21.07
721,1377367927,21.08
721,1377367932,21.09
721,1377367937,21.07
721,1377367942,21.07
721,1377367947,21.08
721,1377367952,21.08
721,1377367957,21.08
721,1377367962,21.08
721,1377367967,21.08
721,1377367972,21.09
721,1377367977,21.08
721,1377367982,21.09
721,1377367987,21.07
721,1377367992,21.08
721,1377367997,21.09
721,1377368002,21.08
721,1377368007,21.08
721,1377368012,21.08
721,1377368017,21.08
721,1377368022,21.09
721,1377368027,21.07
721,1377368032,21.09
721,1377368037,21.1
721,1377368042,21.1
721,1377368047,21.09
721,1377368052,21.08
721,1377368057,21.09
721,1377368062,21.09
721,1377368067,21.1
721,1377368072,21.1
721,1377368077,21.1
721,1377368082,21.1
721,1377368087,21.1
721,1377368092,21.1
721,1377368097,21.1
721,1377368102,21.1
721,1377368107,21.09
721,1377368112,21.1
721,1377368117,21.09
721,1377368122,21.11
721,1377368127,21.1
721,1377368132,21.09
721,1377368137,21.1
721,1377368142,21.11
721,1377368147,21.09
721,1377368152,21.1
721,1377368157,21.1
721,1377368162,21.11
721,1377368167,21.1
721,1377368172,21.12
721,1377368177,21.11
721,1377368182,21.1
721,1377368187,21.11
721,1377368192,21.11
721,1377368197,21.1
721,1377368202,21.1
721,1377368207,21.11
721,1377368212,21.11
721,1377368217,21.11
721,1377368222,21.12
721,1377368227,21.12
721,1377368232,21.12
721,1377368237,21.12
721,1377368242,21.12
721,1377368247,21.12
721,1377368252,21.12
721,1377368257,21.12
721,1377368262,21.13
721,1377368267,21.12
721,1377368272,21.12
721,1377368277,21.11
721,1377368282,21.12
721,1377368287,21.13
721,1377368292,21.13
721,1377368297,21.12
721,1377368302,21.12
721,1377368307,21.14
721,1377368312,21.12
721,1377368317,21.12
721,1377368322,21.13
721,1377368327,21.14
721,1377368332,21.13
721,1377368337,21.13
721,1377368342,21.12
721,1377368347,21.12
721,1377368352,21.13
721,1377368357,21.13
721,1377368362,21.12
721,1377368367,21.13
721,1377368372,21.14
721,1377368377,21.12
721,1377368382,21.13
721,1377368387,21.13
721,1377368392,21.13
721,1377368397,21.13
721,1377368402,21.13
721,1377368407,21.13
721,1377368412,21.13
721,1377368417,21.14
721,1377368422,21.13
721,1377368427,21.14
721,1377368432,21.14
721,1377368437,21.14
721,1377368442,21.14
721,1377368447,21.14
721,1377368452,21.14
721,1377368457,21.14
721,1377368462,21.15
721,1377368467,21.14
721,1377368472,21.15
721,1377368477,21.14
721,1377368482,21.15
721,1377368487,21.14
721,1377368492,21.16
721,1377368497,21.14
721,1377368502,21.14
721,1377368507,21.14
721,1377368512,21.16
721,1377368517,21.16
721,1377368522,21.15
721,1377368527,21.14
721,1377368532,21.14
721,1377368537,21.14
721,1377368542,21.16
721,1377368547,21.16
721,1377368552,21.15
721,1377368557,21.16
721,1377368562,21.14
721,1377368567,21.16
721,1377368572,21.15
721,1377368577,21.16
721,1377368582,21.16
721,1377368587,21.16
721,1377368592,21.16
721,1377368597,21.16
721,1377368602,21.17
721,1377368607,21.17
721,1377368612,21.17
721,1377368617,21.16
721,1377368622,21.16
721,1377368627,21.16
721,1377368632,21.16
721,1377368637,21.17
721,1377368642,21.16
721,1377368647,21.17
721,1377368652,21.16
721,1377368657,21.16
721,1377368662,21.16
721,1377368667,21.17
721,1377368672,21.17
721,1377368677,21.17
721,1377368682,21.16
721,1377368687,21.17
721,1377368692,21.17
721,1377368697,21.17
721,1377368702,21.16
721,1377368707,21.18
721,1377368712,21.17
721,1377368717,21.18
721,1377368722,21.16
721,1377368727,21.16
721,1377368732,21.16
721,1377368737,21.16
721,1377368742,21.18
721,1377368747,21.18
721,1377368752,21.17
721,1377368757,21.18
721,1377368762,21.18
721,1377368767,21.17
721,1377368772,21.17
721,1377368777,21.17
721,1377368782,21.18
721,1377368787,21.19
721,1377368792,21.17
721,1377368797,21.18
721,1377368802,21.18
721,1377368807,21.18
721,1377368812,21.18
721,1377368817,21.17
721,1377368822,21.18
721,1377368827,21.18
721,1377368832,21.18
721,1377368837,21.18
721,1377368842,21.17
721,1377368847,21.18
721,1377368852,21.18
721,1377368857,21.18
721,1377368862,21.18
721,1377368867,21.19
721,1377368872,21.2
721,1377368877,21.19
721,1377368882,21.18
721,1377368887,21.18
721,1377368892,21.18
721,1377368897,21.18
721,1377368902,21.19
721,1377368907,21.18
721,1377368912,21.19
721,1377368917,21.19
721,1377368922,21.18
721,1377368927,21.18
721,1377368932,21.18
721,1377368937,21.2
721,1377368942,21.19
721,1377368947,21.18
721,1377368952,21.18
721,1377368957,21.19
721,1377368962,21.19
721,1377368967,21.19
721,1377368972,21.2
721,1377368977,21.19
721,1377368982,21.19
721,1377368987,21.19
721,1377368992,21.19
721,1377368997,21.2
721,1377369002,21.19
721,1377369007,21.2
721,1377369012,21.2
721,1377369017,21.2
721,1377369022,21.19
721,1377369027,21.2
721,1377369032,21.2
721,1377369037,21.2
721,1377369042,21.2
721,1377369047,21.2
721,1377369052,21.21
721,1377369057,21.2
721,1377369062,21.19
721,1377369067,21.21
721,1377369072,21.2
721,1377369077,21.21
721,1377369082,21.21
721,1377369087,21.2
721,1377369092,21.21
721,1377369097,21.19
721,1377369102,21.2
721,1377369107,21.2
721,1377369112,21.21
721,1377369117,21.21
721,1377369122,21.22
721,1377369127,21.21
721,1377369132,21.2
721,1377369137,21.2
721,1377369142,21.2
721,1377369147,21.2
721,1377369152,21.21
721,1377369157,21.21
721,1377369162,21.2
721,1377369167,21.21
721,1377369172,21.21
721,1377369177,21.22
721,1377369182,21.21
721,1377369187,21.21
721,1377369192,21.21
721,1377369197,21.21
721,1377369202,21.21
721,1377369207,21.22
721,1377369212,21.22
721,1377369217,21.21
721,1377369222,21.23
721,1377369227,21.22
721,1377369232,21.21
721,1377369237,21.21
721,1377369242,21.22
721,1377369247,21.22
721,1377369252,21.21
721,1377369257,21.22
721,1377369262,21.22
721,1377369267,21.22
721,1377369272,21.22
721,1377369277,21.22
721,1377369282,21.23
721,1377369287,21.22
721,1377369292,21.22
721,1377369297,21.23
721,1377369302,21.22
721,1377369307,21.22
721,1377369312,21.23
721,1377369317,21.23
721,1377369322,21.22
721,1377369327,21.22
721,1377369332,21.23
721,1377369337,21.22
721,1377369342,21.23
721,1377369347,21.22
721,1377369352,21.23
721,1377369357,21.23
721,1377369362,21.22
721,1377369367,21.23
721,1377369372,21.22
721,1377369377,21.24
721,1377369382,21.23
721,1377369387,21.23
721,1377369392,21.24
721,1377369397,21.23
721,1377369402,21.22
721,1377369407,21.22
721,1377369412,21.23
721,1377369417,21.24
721,1377369422,21.23
721,1377369427,21.24
721,1377369432,21.23
721,1377369437,21.24
721,1377369442,21.23
721,1377369447,21.23
721,1377369452,21.24
721,1377369457,21.23
721,1377369462,21.24
721,1377369467,21.24
721,1377369472,21.24
721,1377369477,21.24
721,1377369482,21.25
721,1377369487,21.24
721,1377369492,21.25
721,1377369497,21.25
721,1377369502,21.25
721,1377369507,21.24
721,1377369512,21.24
721,1377369517,21.25
721,1377369522,21.25
721,1377369527,21.23
721,1377369532,21.24
721,1377369537,21.24
721,1377369542,21.24
721,1377369547,21.24
721,1377369552,21.23
721,1377369557,21.24
721,1377369562,21.24
721,1377369567,21.24
721,1377369572,21.26
721,1377369577,21.24
721,1377369582,21.25
721,1377369587,21.25
721,1377369592,21.24
721,1377369597,21.25
721,1377369602,21.24
721,1377369607,21.24
721,1377369612,21.25
721,1377369617,21.25
721,1377369622,21.25
721,1377369627,21.26
721,1377369632,21.25
721,1377369637,21.25
721,1377369642,21.26
721,1377369647,21.25
721,1377369652,21.25
721,1377369657,21.26
721,1377369662,21.25
721,1377369667,21.26
721,1377369672,21.25
721,1377369677,21.26
721,1377369682,21.26
721,1377369687,21.26
721,1377369692,21.26
721,1377369697,21.27
721,1377369702,21.26
721,1377369707,21.26
721,1377369712,21.26
721,1377369717,21.26
721,1377369722,21.26
721,1377369727,21.26
721,1377369732,21.26
721,1377369737,21.26
721,1377369742,21.26
721,1377369747,21.26
721,1377369752,21.26
721,1377369757,21.25
721,1377369762,21.26
721,1377369767,21.26
721,1377369772,21.26
721,1377369777,21.26
721,1377369782,21.26
721,1377369787,21.27
721,1377369792,21.26
721,1377369797,21.26
721,1377369802,21.26
721,1377369807,21.26
721,1377369812,21.26
721,1377369817,21.26
721,1377369822,21.26
721,1377369827,21.26
721,1377369832,21.26
721,1377369837,21.26
721,1377369842,21.27
721,1377369847,21.27
721,1377369852,21.26
721,1377369857,21.26
721,1377369862,21.27
721,1377369867,21.27
721,1377369872,21.26
721,1377369877,21.26
721,1377369882,21.27
721,1377369887,21.28
721,1377369892,21.26
721,1377369897,21.27
721,1377369902,21.27
721,1377369907,21.26
721,1377369912,21.28
721,1377369917,21.27
721,1377369922,21.26
721,1377369927,21.26
721,1377369932,21.28
721,1377369937,21.28
721,1377369942,21.28
721,1377369947,21.28
721,1377369952,21.28
721,1377369957,21.28
721,1377369962,21.28
721,1377369967,21.28
721,1377369972,21.28
721,1377369977,21.28
721,1377369982,21.28
721,1377369987,21.28
721,1377369992,21.27
721,1377369997,21.28
721,1377370002,21.28
721,1377370007,21.28
721,1377370012,21.28
721,1377370017,21.28
721,1377370022,21.28
721,1377370027,21.28
721,1377370032,21.28
721,1377370037,21.29
721,1377370042,21.29
721,1377370047,21.28
721,1377370052,21.29
721,1377370057,21.28
721,1377370062,21.28
721,1377370067,21.28
721,1377370072,21.28
721,1377370077,21.29
721,1377370082,21.29
721,1377370087,21.29
721,1377370092,21.3
721,1377370097,21.29
721,1377370102,21.3
721,1377370107,21.3
721,1377370112,21.3
721,1377370117,21.29
721,1377370122,21.3
721,1377370127,21.3
721,1377370132,21.29
721,1377370137,21.29
721,1377370142,21.29
721,1377370147,21.3
721,1377370152,21.3
721,1377370157,21.29
721,1377370162,21.3
721,1377370167,21.3
721,1377370172,21.3
721,1377370177,21.29
721,1377370182,21.28
721,1377370187,21.29
721,1377370192,21.3
721,1377370197,21.3
721,1377370202,21.3
721,1377370207,21.29
721,1377370212,21.3
721,1377370217,21.3
721,1377370222,21.3
721,1377370227,21.3
721,1377370232,21.3
721,1377370237,21.3
721,1377370242,21.3
721,1377370247,21.29
721,1377370252,21.3
721,1377370257,21.31
721,1377370262,21.3
721,1377370267,21.3
721,1377370272,21.31
721,1377370277,21.31
721,1377370282,21.32
721,1377370287,21.3
721,1377370292,21.3
721,1377370297,21.31
721,1377370302,21.31
721,1377370307,21.31
721,1377370312,21.32
721,1377370317,21.3
721,1377370322,21.3
721,1377370327,21.31
721,1377370332,21.31
721,1377370337,21.32
721,1377370342,21.3
721,1377370347,21.3
721,1377370352,21.32
721,1377370357,21.32
721,1377370362,21.31
721,1377370367,21.32
721,1377370372,21.31
721,1377370377,21.32
721,1377370382,21.32
721,1377370387,21.31
721,1377370392,21.33
721,1377370397,21.31
721,1377370402,21.31
721,1377370407,21.32
721,1377370412,21.3
721,1377370417,21.32
721,1377370422,21.3
721,1377370427,21.31
721,1377370432,21.32
721,1377370437,21.32
721,1377370442,21.31
721,1377370447,21.32
721,1377370452,21.31
721,1377370457,21.32
721,1377370462,21.32
721,1377370467,21.32
721,1377370472,21.32
721,1377370477,21.31
721,1377370482,21.31
721,1377370487,21.32
721,1377370492,21.32
721,1377370497,21.32
721,1377370502,21.33
721,1377370507,21.33
721,1377370512,21.32
721,1377370517,21.33
721,1377370522,21.33
721,1377370527,21.32
721,1377370532,21.32
721,1377370537,21.31
721,1377370542,21.32
721,1377370547,21.32
721,1377370552,21.32
721,1377370557,21.32
721,1377370562,21.32
721,1377370567,21.32
721,1377370572,21.33
721,1377370577,21.33
721,1377370582,21.32
721,1377370587,21.32
721,1377370592,21.32
721,1377370597,21.33
721,1377370602,21.32
721,1377370607,21.32
721,1377370612,21.33
721,1377370617,21.33
721,1377370622,21.32
721,1377370627,21.33
721,1377370632,21.34
721,1377370637,21.33
721,1377370642,21.33
721,1377370647,21.33
721,1377370652,21.34
721,1377370657,21.34
721,1377370662,21.34
721,1377370667,21.34
721,1377370672,21.34
721,1377370677,21.33
721,1377370682,21.34
721,1377370687,21.34
721,1377370692,21.34
721,1377370697,21.34
721,1377370702,21.33
721,1377370707,21.34
721,1377370712,21.33
721,1377370717,21.34
721,1377370722,21.34
721,1377370727,21.34
721,1377370732,21.35
721,1377370737,21.34
721,1377370742,21.34
721,1377370747,21.35
721,1377370752,21.34
721,1377370757,21.34
721,1377370762,21.34
721,1377370767,21.34
721,1377370772,21.35
721,1377370777,21.34
721,1377370782,21.35
721,1377370787,21.35
721,1377370792,21.35
721,1377370797,21.36
721,1377370802,21.36
721,1377370807,21.34
721,1377370812,21.34
721,1377370817,21.36
721,1377370822,21.36
721,1377370827,21.34
721,1377370832,21.36
721,1377370837,21.36
721,1377370842,21.35
721,1377370847,21.35
721,1377370852,21.36
721,1377370857,21.36
721,1377370862,21.36
721,1377370867,21.36
721,1377370872,21.36
721,1377370877,21.36
721,1377370882,21.36
721,1377370887,21.37
721,1377370892,21.36
721,1377370897,21.37
721,1377370902,21.36
721,1377370907,21.36
721,1377370912,21.36
721,1377370917,21.35
721,1377370922,21.37
721,1377370927,21.37
721,1377370932,21.35
721,1377370937,21.36
721,1377370942,21.36
721,1377370947,21.37
721,1377370952,21.36
721,1377370957,21.37
721,1377370962,21.37
721,1377370967,21.36
721,1377370972,21.38
721,1377370977,21.36
721,1377370982,21.37
721,1377370987,21.38
721,1377370992,21.35
721,1377370997,21.36
721,1377371002,21.36
721,1377371007,21.37
721,1377371012,21.36
721,1377371017,21.37
721,1377371022,21.38
721,1377371027,21.36
721,1377371032,21.38
721,1377371037,21.38
721,1377371042,21.38
721,1377371047,21.38
721,1377371052,21.37
721,1377371057,21.37
721,1377371062,21.38
721,1377371067,21.37
721,1377371072,21.38
721,1377371077,21.38
721,1377371082,21.38
721,1377371087,21.38
721,1377371092,21.38
721,1377371097,21.39
721,1377371102,21.39
721,1377371107,21.38
721,1377371112,21.38
721,1377371117,21.39
721,1377371122,21.4
721,1377371127,21.38
721,1377371132,21.39
721,1377371137,21.39
721,1377371142,21.38
721,1377371147,21.38
721,1377371152,21.38
721,1377371157,21.39
721,1377371162,21.38
721,1377371167,21.38
721,1377371172,21.39
721,1377371177,21.4
721,1377371182,21.4
721,1377371187,21.39
721,1377371192,21.41
721,1377371197,21.4
721,1377371202,21.39
721,1377371207,21.4
721,1377371212,21.39
721,1377371217,21.4
721,1377371222,21.4
721,1377371226,21.4
721,1377371232,21.4
721,1377371237,21.39
721,1377371242,21.39
721,1377371247,21.4
721,1377371252,21.4
721,1377371257,21.39
721,1377371262,21.39
721,1377371267,21.4
721,1377371272,21.39
721,1377371277,21.4
721,1377371282,21.4
721,1377371287,21.4
721,1377371292,21.4
721,1377371297,21.4
721,1377371302,21.4
721,1377371307,21.4
721,1377371312,21.41
721,1377371317,21.4
721,1377371322,21.41
721,1377371327,21.41
721,1377371332,21.4
721,1377371337,21.4
721,1377371342,21.41
721,1377371347,21.4
721,1377371352,21.4
721,1377371357,21.4
721,1377371362,21.4
721,1377371367,21.4
721,1377371372,21.41
721,1377371377,21.41
721,1377371382,21.4
721,1377371387,21.41
721,1377371392,21.41
721,1377371397,21.4
721,1377371402,21.41
721,1377371407,21.41
721,1377371412,21.41
721,1377371417,21.41
721,1377371422,21.42
721,1377371427,21.41
721,1377371432,21.42
721,1377371437,21.43
721,1377371442,21.42
721,1377371447,21.43
721,1377371452,21.42
721,1377371457,21.42
721,1377371462,21.43
721,1377371467,21.42
721,1377371472,21.43
721,1377371477,21.44
721,1377371482,21.43
721,1377371487,21.44
721,1377371492,21.43
721,1377371497,21.42
721,1377371502,21.43
721,1377371507,21.44
721,1377371512,21.42
721,1377371517,21.42
721,1377371522,21.42
721,1377371527,21.42
721,1377371532,21.42
721,1377371537,21.42
721,1377371542,21.42
721,1377371547,21.42
721,1377371552,21.43
721,1377371557,21.42
721,1377371562,21.42
721,1377371567,21.43
721,1377371572,21.42
721,1377371577,21.43
721,1377371582,21.43
721,1377371587,21.43
721,1377371592,21.43
721,1377371597,21.43
721,1377371602,21.44
721,1377371607,21.44
721,1377371612,21.43
721,1377371617,21.44
721,1377371622,21.45
721,1377371627,21.44
721,1377371632,21.44
721,1377371637,21.44
721,1377371642,21.44
721,1377371647,21.44
721,1377371652,21.44
721,1377371657,21.44
721,1377371662,21.42
721,1377371667,21.45
721,1377371672,21.45
721,1377371677,21.44
721,1377371682,21.45
721,1377371687,21.45
721,1377371692,21.44
721,1377371697,21.45
721,1377371702,21.44
721,1377371707,21.44
721,1377371712,21.44
721,1377371717,21.44
721,1377371722,21.45
721,1377371727,21.45
721,1377371732,21.44
721,1377371737,21.46
721,1377371742,21.44
721,1377371747,21.45
721,1377371751,21.45
721,1377371757,21.45
721,1377371762,21.45
721,1377371767,21.45
721,1377371772,21.45
721,1377371777,21.46
721,1377371782,21.46
721,1377371787,21.46
721,1377371792,21.44
721,1377371797,21.46
721,1377371801,21.45
721,1377371806,21.47
721,1377371812,21.45
721,1377371817,21.47
721,1377371822,21.46
721,1377371827,21.45
721,1377371832,21.46
721,1377371837,21.45
721,1377371842,21.45
721,1377371847,21.45
721,1377371852,21.45
721,1377371857,21.46
721,1377371862,21.45
721,1377371867,21.45
721,1377371872,21.46
721,1377371877,21.46
721,1377371882,21.46
721,1377371887,21.47
721,1377371892,21.47
721,1377371897,21.46
721,1377371902,21.46
721,1377371907,21.46
721,1377371912,21.46
721,1377371917,21.45
721,1377371921,21.46
721,1377371927,21.45
721,1377371931,21.46
721,1377371937,21.46
721,1377371942,21.46
721,1377371947,21.46
721,1377371952,21.47
721,1377371957,21.46
721,1377371961,21.46
721,1377371966,21.46
721,1377371972,21.46
721,1377371977,21.46
721,1377371982,21.46
721,1377371987,21.45
721,1377371991,21.46
721,1377371997,21.46
721,1377372001,21.46
721,1377372007,21.47
721,1377372011,21.46
721,1377372017,21.46
721,1377372021,21.47
721,1377372026,21.47
721,1377372032,21.46
721,1377372037,21.46
721,1377372042,21.48
721,1377372047,21.47
721,1377372051,21.46
721,1377372057,21.48
721,1377372062,21.48
721,1377372067,21.48
721,1377372071,21.47
721,1377372076,21.48
721,1377372081,21.47
721,1377372087,21.47
721,1377372092,21.47
721,1377372097,21.48
721,1377372101,21.48
721,1377372106,21.48
721,1377372111,21.48
721,1377372117,21.48
721,1377372122,21.49
721,1377372126,21.48
721,1377372131,21.47
721,1377372137,21.48
721,1377372142,21.48
721,1377372147,21.48
721,1377372151,21.48
721,1377372156,21.49
721,1377372162,21.49
721,1377372167,21.49
721,1377372171,21.48
721,1377372177,21.49
721,1377372181,21.48
721,1377372187,21.48
721,1377372191,21.48
721,1377372196,21.48
721,1377372201,21.49
721,1377372207,21.49
721,1377372211,21.48
721,1377372216,21.48
721,1377372221,21.48
721,1377372227,21.5
721,1377372231,21.48
721,1377372237,21.48
721,1377372241,21.48
721,1377372247,21.49
721,1377372251,21.49
721,1377372257,21.48
721,1377372261,21.49
721,1377372267,21.48
721,1377372271,21.49
721,1377372276,21.48
721,1377372281,21.49
721,1377372286,21.5
721,1377372292,21.49
721,1377372297,21.49
721,1377372301,21.49
721,1377372306,21.49
721,1377372311,21.5
721,1377372316,21.5
721,1377372322,21.5
721,1377372327,21.5
721,1377372331,21.5
721,1377372336,21.5
721,1377372342,21.5
721,1377372347,21.5
721,1377372351,21.49
721,1377372356,21.49
721,1377372361,21.49
721,1377372367,21.5
721,1377372371,21.5
721,1377372376,21.5
721,1377372381,21.49
721,1377372387,21.48
721,1377372391,21.49
721,1377372396,21.5
721,1377372401,21.5
721,1377372407,21.5
721,1377372411,21.5
721,1377372416,21.5
721,1377372421,21.5
721,1377372426,21.51
721,1377372431,21.5
721,1377372436,21.49
721,1377372441,21.5
721,1377372446,21.5
721,1377372451,21.52
721,1377372456,21.5
721,1377372461,21.5
721,1377372466,21.51
721,1377372472,21.52
721,1377372477,21.51
721,1377372481,21.51
721,1377372486,21.5
721,1377372491,21.51
721,1377372496,21.52
721,1377372502,21.52
721,1377372506,21.51
721,1377372511,21.52
721,1377372516,21.51
721,1377372521,21.52
721,1377372527,21.52
721,1377372531,21.51
721,1377372536,21.52
721,1377372541,21.52
721,1377372546,21.51
721,1377372551,21.51
721,1377372556,21.51
721,1377372561,21.52
721,1377372566,21.51
721,1377372571,21.52
721,1377372576,21.52
721,1377372581,21.52
721,1377372586,21.51
721,1377372591,21.52
721,1377372596,21.52
721,1377372601,21.52
721,1377372606,21.52
721,1377372611,21.52
721,1377372616,21.51
721,1377372621,21.52
721,1377372626,21.52
721,1377372631,21.52
721,1377372636,21.52
721,1377372642,21.52
721,1377372646,21.52
721,1377372651,21.52
721,1377372656,21.52
721,1377372661,21.52
721,1377372666,21.52
721,1377372671,21.52
721,1377372676,21.52
721,1377372681,21.53
721,1377372686,21.53
721,1377372691,21.53
721,1377372697,21.54
721,1377372701,21.54
721,1377372706,21.54
721,1377372711,21.53
721,1377372716,21.53
721,1377372721,21.53
721,1377372726,21.53
721,1377372731,21.54
721,1377372736,21.53
721,1377372741,21.53
721,1377372746,21.54
721,1377372751,21.54
721,1377372756,21.53
721,1377372762,21.54
721,1377372766,21.54
721,1377372771,21.54
721,1377372776,21.54
721,1377372781,21.54
721,1377372787,21.54
721,1377372791,21.54
721,1377372796,21.55
721,1377372801,21.54
721,1377372806,21.54
721,1377372811,21.55
721,1377372816,21.55
721,1377372821,21.54
721,1377372826,21.54
721,1377372831,21.53
721,1377372836,21.54
721,1377372841,21.54
721,1377372846,21.54
721,1377372851,21.55
721,1377372856,21.54
721,1377372861,21.55
721,1377372866,21.55
721,1377372871,21.54
721,1377372876,21.56
721,1377372881,21.55
721,1377372886,21.55
721,1377372891,21.56
721,1377372896,21.55
721,1377372901,21.56
721,1377372906,21.56
721,1377372912,21.56
721,1377372916,21.56
721,1377372921,21.56
721,1377372926,21.55
721,1377372931,21.56
721,1377372936,21.55
721,1377372941,21.56
721,1377372946,21.56
721,1377372951,21.56
721,1377372956,21.56
721,1377372961,21.56
721,1377372966,21.56
721,1377372971,21.56
721,1377372976,21.56
721,1377372981,21.57
721,1377372986,21.56
721,1377372991,21.56
721,1377372996,21.55
721,1377373001,21.56
721,1377373006,21.56
721,1377373011,21.56
721,1377373016,21.58
721,1377373021,21.56
721,1377373026,21.56
721,1377373031,21.56
721,1377373036,21.56
721,1377373041,21.56
721,1377373046,21.56
721,1377373051,21.57
721,1377373056,21.57
721,1377373061,21.56
721,1377373066,21.56
721,1377373071,21.57
721,1377373076,21.58
721,1377373081,21.58
721,1377373086,21.57
721,1377373091,21.57
721,1377373096,21.57
721,1377373101,21.57
721,1377373106,21.58
721,1377373111,21.56
721,1377373116,21.57
721,1377373121,21.57
721,1377373126,21.57
721,1377373131,21.58
721,1377373136,21.58
721,1377373141,21.58
721,1377373146,21.58
721,1377373151,21.59
721,1377373157,21.58
721,1377373161,21.58
721,1377373166,21.57
721,1377373171,21.58
721,1377373176,21.58
721,1377373181,21.58
721,1377373186,21.58
721,1377373191,21.58
721,1377373196,21.59
721,1377373201,21.58
721,1377373206,21.58
721,1377373211,21.57
721,1377373216,21.59
721,1377373221,21.58
721,1377373226,21.59
721,1377373231,21.58
721,1377373236,21.58
721,1377373241,21.58
721,1377373246,21.58
721,1377373251,21.58
721,1377373256,21.59
721,1377373261,21.59
721,1377373266,21.59
721,1377373271,21.59
721,1377373276,21.58
721,1377373281,21.59
721,1377373286,21.6
721,1377373291,21.6
721,1377373297,21.6
721,1377373301,21.6
721,1377373306,21.58
721,1377373311,21.59
721,1377373316,21.59
721,1377373321,21.6
721,1377373326,21.6
721,1377373331,21.6
721,1377373336,21.6
721,1377373341,21.6
721,1377373346,21.61
721,1377373351,21.6
721,1377373356,21.6
721,1377373361,21.6
721,1377373366,21.6
721,1377373371,21.6
721,1377373376,21.61
721,1377373381,21.61
721,1377373386,21.6
721,1377373391,21.61
721,1377373396,21.61
721,1377373401,21.61
721,1377373406,21.61
721,1377373411,21.6
721,1377373416,21.6
721,1377373421,21.6
721,1377373426,21.62
721,1377373431,21.61
721,1377373436,21.6
721,1377373441,21.61
721,1377373446,21.6
721,1377373451,21.62
721,1377373456,21.61
721,1377373461,21.61
721,1377373466,21.61
721,1377373471,21.62
721,1377373476,21.62
721,1377373481,21.63
721,1377373486,21.61
721,1377373491,21.62
721,1377373496,21.61
721,1377373501,21.62
721,1377373506,21.61
721,1377373511,21.61
721,1377373516,21.62
721,1377373521,21.63
721,1377373526,21.61
721,1377373531,21.63
721,1377373536,21.62
721,1377373541,21.62
721,1377373546,21.62
721,1377373551,21.62
721,1377373556,21.61
721,1377373561,21.63
721,1377373566,21.62
721,1377373571,21.62
721,1377373576,21.62
721,1377373581,21.62
721,1377373586,21.62
721,1377373591,21.62
721,1377373596,21.62
721,1377373601,21.62
721,1377373606,21.62
721,1377373611,21.62
721,1377373616,21.62
721,1377373621,21.62
721,1377373626,21.64
721,1377373631,21.62
721,1377373636,21.62
721,1377373641,21.62
721,1377373646,21.63
721,1377373651,21.62
721,1377373656,21.63
721,1377373661,21.63
721,1377373666,21.62
721,1377373671,21.64
721,1377373676,21.62
721,1377373681,21.64
721,1377373686,21.63
721,1377373691,21.64
721,1377373696,21.64
721,1377373701,21.63
721,1377373706,21.63
721,1377373711,21.63
721,1377373716,21.63
721,1377373721,21.64
721,1377373726,21.62
721,1377373731,21.64
721,1377373736,21.63
721,1377373741,21.64
721,1377373746,21.63
721,1377373751,21.65
721,1377373756,21.64
721,1377373761,21.65
721,1377373766,21.64
721,1377373771,21.64
721,1377373776,21.64
721,1377373781,21.64
721,1377373786,21.65
721,1377373791,21.64
721,1377373796,21.64
721,1377373801,21.64
721,1377373806,21.65
721,1377373811,21.64
721,1377373816,21.64
721,1377373821,21.64
721,1377373826,21.64
721,1377373831,21.65
721,1377373836,21.64
721,1377373841,21.64
721,1377373846,21.64
721,1377373851,21.64
721,1377373856,21.64
721,1377373861,21.65
721,1377373866,21.63
721,1377373871,21.64
721,1377373876,21.64
721,1377373881,21.65
721,1377373886,21.65
721,1377373891,21.65
721,1377373896,21.66
721,1377373901,21.65
721,1377373906,21.66
721,1377373911,21.65
721,1377373916,21.64
721,1377373921,21.65
721,1377373926,21.66
721,1377373931,21.65
721,1377373936,21.65
721,1377373941,21.66
721,1377373946,21.66
721,1377373951,21.66
721,1377373956,21.65
721,1377373961,21.65
721,1377373966,21.66
721,1377373971,21.65
721,1377373976,21.64
721,1377373981,21.65
721,1377373986,21.65
721,1377373991,21.66
721,1377373996,21.66
721,1377374001,21.65
721,1377374006,21.66
721,1377374011,21.66
721,1377374016,21.66
721,1377374021,21.68
721,1377374026,21.66
721,1377374031,21.68
721,1377374036,21.66
721,1377374041,21.66
721,1377374046,21.66
721,1377374051,21.67
721,1377374056,21.66
721,1377374061,21.66
721,1377374066,21.66
721,1377374071,21.66
721,1377374076,21.67
721,1377374081,21.66
721,1377374086,21.68
721,1377374091,21.67
721,1377374096,21.67
721,1377374101,21.67
721,1377374106,21.68
721,1377374111,21.68
721,1377374116,21.67
721,1377374121,21.67
721,1377374126,21.68
721,1377374131,21.67
721,1377374136,21.67
721,1377374141,21.68
721,1377374146,21.68
721,1377374151,21.68
721,1377374156,21.68
721,1377374161,21.67
721,1377374166,21.67
721,1377374171,21.67
721,1377374176,21.69
721,1377374181,21.68
721,1377374186,21.69
721,1377374191,21.68
721,1377374196,21.68
721,1377374201,21.68
721,1377374206,21.68
721,1377374211,21.69
721,1377374216,21.68
721,1377374221,21.68
721,1377374226,21.68
721,1377374231,21.68
721,1377374236,21.68
721,1377374241,21.68
721,1377374246,21.68
721,1377374251,21.69
721,1377374256,21.69
721,1377374261,21.68
721,1377374266,21.68
721,1377374271,21.68
721,1377374276,21.69
721,1377374281,21.68
721,1377374286,21.69
721,1377374291,21.68
721,1377374296,21.68
721,1377374301,21.68
721,1377374306,21.68
721,1377374311,21.69
721,1377374316,21.68
721,1377374321,21.7
721,1377374326,21.69
721,1377374331,21.69
721,1377374336,21.68
721,1377374341,21.7
721,1377374346,21.69
721,1377374351,21.69
721,1377374356,21.68
721,1377374361,21.69
721,1377374366,21.7
721,1377374371,21.69
721,1377374376,21.7
721,1377374381,21.7
721,1377374386,21.7
721,1377374391,21.7
721,1377374396,21.68
721,1377374401,21.69
721,1377374406,21.7
721,1377374411,21.7
721,1377374416,21.7
721,1377374421,21.69
721,1377374426,21.68
721,1377374431,21.71
721,1377374436,21.7
721,1377374441,21.69
721,1377374446,21.7
721,1377374451,21.7
721,1377374456,21.7
721,1377374461,21.7
721,1377374466,21.7
721,1377374471,21.7
721,1377374476,21.7
721,1377374481,21.7
721,1377374486,21.7
721,1377374491,21.69
721,1377374496,21.71
721,1377374501,21.7
721,1377374506,21.72
721,1377374511,21.7
721,1377374516,21.7
721,1377374521,21.69
721,1377374526,21.7
721,1377374531,21.7
721,1377374536,21.7
721,1377374541,21.7
721,1377374546,21.72
721,1377374551,21.7
721,1377374556,21.71
721,1377374561,21.7
721,1377374566,21.71
721,1377374571,21.7
721,1377374576,21.7
721,1377374581,21.7
721,1377374586,21.71
721,1377374591,21.7
721,1377374596,21.7
721,1377374601,21.71
721,1377374606,21.71
721,1377374611,21.72
721,1377374616,21.7
721,1377374621,21.71
721,1377374626,21.7
721,1377374631,21.7
721,1377374636,21.71
721,1377374641,21.71
721,1377374646,21.71
721,1377374651,21.72
721,1377374656,21.71
721,1377374661,21.72
721,1377374666,21.7
721,1377374671,21.72
721,1377374676,21.71
721,1377374681,21.72
721,1377374686,21.72
721,1377374691,21.72
721,1377374696,21.71
721,1377374701,21.72
721,1377374706,21.72
721,1377374711,21.72
721,1377374716,21.72
721,1377374721,21.72
721,1377374726,21.71
721,1377374731,21.71
721,1377374736,21.72
721,1377374741,21.72
721,1377374746,21.73
721,1377374751,21.72
721,1377374756,21.71
721,1377374761,21.72
721,1377374766,21.72
721,1377374771,21.72
721,1377374776,21.72
721,1377374781,21.71
721,1377374786,21.73
721,1377374791,21.72
721,1377374796,21.72
721,1377374801,21.72
721,1377374806,21.72
721,1377374811,21.72
721,1377374816,21.72
721,1377374821,21.72
721,1377374826,21.72
721,1377374831,21.72
721,1377374836,21.73
721,1377374841,21.72
721,1377374846,21.73
721,1377374851,21.72
721,1377374856,21.74
721,1377374861,21.72
721,1377374866,21.72
721,1377374871,21.73
721,1377374876,21.74
721,1377374881,21.72
721,1377374886,21.73
721,1377374891,21.73
721,1377374896,21.74
721,1377374901,21.72
721,1377374906,21.75
721,1377374911,21.72
721,1377374916,21.73
721,1377374921,21.72
721,1377374926,21.72
721,1377374931,21.73
721,1377374936,21.73
721,1377374941,21.73
721,1377374946,21.73
721,1377374951,21.73
721,1377374956,21.72
721,1377374961,21.73
721,1377374966,21.73
721,1377374971,21.74
721,1377374976,21.74
721,1377374981,21.74
721,1377374986,21.74
721,1377374991,21.73
721,1377374996,21.73
721,1377375001,21.73
721,1377375006,21.74
721,1377375011,21.74
721,1377375016,21.74
721,1377375021,21.74
721,1377375026,21.73
721,1377375031,21.73
721,1377375036,21.74
721,1377375041,21.74
721,1377375046,21.74
721,1377375051,21.74
721,1377375056,21.74
721,1377375061,21.74
721,1377375066,21.74
721,1377375071,21.74
721,1377375076,21.74
721,1377375081,21.74
721,1377375086,21.74
721,1377375091,21.75
721,1377375096,21.74
721,1377375101,21.75
721,1377375106,21.75
721,1377375111,21.74
721,1377375116,21.74
721,1377375121,21.75
721,1377375126,21.74
721,1377375131,21.75
721,1377375136,21.75
721,1377375141,21.75
721,1377375146,21.73
721,1377375151,21.75
721,1377375156,21.75
721,1377375161,21.74
721,1377375166,21.75
721,1377375171,21.74
721,1377375176,21.76
721,1377375181,21.76
721,1377375186,21.75
721,1377375191,21.74
721,1377375196,21.74
721,1377375201,21.75
721,1377375206,21.74
721,1377375211,21.75
721,1377375216,21.75
721,1377375221,21.74
721,1377375226,21.74
721,1377375231,21.74
721,1377375236,21.76
721,1377375241,21.75
721,1377375246,21.76
721,1377375251,21.75
721,1377375256,21.75
721,1377375261,21.76
721,1377375266,21.76
721,1377375271,21.75
721,1377375276,21.76
721,1377375281,21.77
721,1377375286,21.75
721,1377375291,21.75
721,1377375296,21.75
721,1377375301,21.76
721,1377375306,21.76
721,1377375311,21.77
721,1377375316,21.76
721,1377375321,21.76
721,1377375326,21.76
721,1377375331,21.76
721,1377375336,21.76
721,1377375341,21.76
721,1377375346,21.76
721,1377375351,21.76
721,1377375356,21.76
721,1377375361,21.76
721,1377375366,21.76
721,1377375371,21.76
721,1377375376,21.76
721,1377375381,21.75
721,1377375386,21.76
721,1377375391,21.75
721,1377375396,21.76
721,1377375401,21.75
721,1377375406,21.77
721,1377375411,21.76
721,1377375416,21.76
721,1377375421,21.76
721,1377375426,21.76
721,1377375431,21.76
721,1377375436,21.76
721,1377375441,21.76
721,1377375446,21.78
721,1377375451,21.77
721,1377375456,21.76
721,1377375461,21.75
721,1377375466,21.76
721,1377375471,21.77
721,1377375476,21.76
721,1377375481,21.76
721,1377375486,21.76
721,1377375491,21.75
721,1377375496,21.77
721,1377375501,21.77
721,1377375506,21.77
721,1377375511,21.76
721,1377375516,21.77
721,1377375521,21.76
721,1377375526,21.77
721,1377375531,21.77
721,1377375536,21.77
721,1377375541,21.77
721,1377375546,21.76
721,1377375551,21.77
721,1377375556,21.77
721,1377375561,21.77
721,1377375566,21.76
721,1377375571,21.77
721,1377375576,21.77
721,1377375581,21.77
721,1377375586,21.76
721,1377375591,21.76
721,1377375596,21.77
721,1377375601,21.77
721,1377375606,21.77
721,1377375611,21.78
721,1377375616,21.77
721,1377375621,21.77
721,1377375626,21.77
721,1377375631,21.77
721,1377375636,21.76
721,1377375641,21.78
721,1377375646,21.77
721,1377375651,21.78
721,1377375656,21.78
721,1377375661,21.78
721,1377375666,21.77
721,1377375671,21.76
721,1377375676,21.78
721,1377375681,21.78
721,1377375686,21.77
721,1377375691,21.78
721,1377375696,21.78
721,1377375701,21.77
721,1377375706,21.78
721,1377375711,21.79
721,1377375716,21.78
721,1377375721,21.78
721,1377375726,21.78
721,1377375731,21.78
721,1377375736,21.79
721,1377375741,21.78
721,1377375746,21.78
721,1377375751,21.79
721,1377375756,21.78
721,1377375761,21.78
721,1377375766,21.79
721,1377375771,21.77
721,1377375776,21.78
721,1377375781,21.8
721,1377375786,21.79
721,1377375791,21.77
721,1377375796,21.77
721,1377375801,21.79
721,1377375806,21.79
721,1377375811,21.79
721,1377375816,21.79
721,1377375821,21.78
721,1377375826,21.8
721,1377375831,21.78
721,1377375836,21.78
721,1377375841,21.78
721,1377375846,21.78
721,1377375851,21.79
721,1377375856,21.78
721,1377375861,21.79
721,1377375866,21.78
721,1377375871,21.78
721,1377375876,21.8
721,1377375881,21.79
721,1377375886,21.79
721,1377375891,21.79
721,1377375896,21.78
721,1377375901,21.79
721,1377375906,21.79
721,1377375911,21.79
721,1377375916,21.78
721,1377375921,21.79
721,1377375926,21.79
721,1377375931,21.79
721,1377375936,21.79
721,1377375941,21.8
721,1377375946,21.79
721,1377375951,21.8
721,1377375956,21.79
721,1377375961,21.79
721,1377375966,21.79
721,1377375971,21.79
721,1377375976,21.8
721,1377375981,21.8
721,1377375986,21.78
721,1377375991,21.79
721,1377375996,21.8
721,1377376001,21.8
721,1377376006,21.79
721,1377376011,21.8
721,1377376016,21.8
721,1377376021,21.79
721,1377376026,21.8
721,1377376031,21.8
721,1377376036,21.8
721,1377376041,21.8
721,1377376046,21.79
721,1377376051,21.79
721,1377376056,21.8
721,1377376061,21.79
721,1377376066,21.8
721,1377376071,21.79
721,1377376076,21.79
721,1377376081,21.8
721,1377376086,21.8
721,1377376091,21.8
721,1377376096,21.8
721,1377376101,21.8
721,1377376106,21.8
721,1377376111,21.79
721,1377376116,21.8
721,1377376121,21.8
721,1377376126,21.8
721,1377376131,21.8
721,1377376136,21.81
721,1377376141,21.8
721,1377376146,21.8
721,1377376151,21.79
721,1377376156,21.81
721,1377376161,21.8
721,1377376166,21.8
721,1377376171,21.8
721,1377376176,21.8
721,1377376181,21.8
721,1377376186,21.8
721,1377376191,21.79
721,1377376196,21.81
721,1377376201,21.8
721,1377376206,21.8
721,1377376211,21.81
721,1377376216,21.81
721,1377376221,21.81
721,1377376226,21.81
721,1377376231,21.82
721,1377376236,21.8
721,1377376241,21.81
721,1377376246,21.8
721,1377376251,21.82
721,1377376256,21.81
721,1377376261,21.82
721,1377376266,21.82
721,1377376271,21.81
721,1377376276,21.81
721,1377376281,21.81
721,1377376286,21.81
721,1377376291,21.81
721,1377376296,21.81
721,1377376301,21.81
721,1377376306,21.81
721,1377376311,21.82
721,1377376316,21.82
721,1377376321,21.81
721,1377376326,21.81
721,1377376331,21.82
721,1377376336,21.8
721,1377376341,21.82
721,1377376346,21.81
721,1377376351,21.81
721,1377376356,21.82
721,1377376361,21.82
721,1377376366,21.82
721,1377376371,21.82
721,1377376376,21.82
721,1377376381,21.81
721,1377376386,21.82
721,1377376391,21.81
721,1377376396,21.82
721,1377376401,21.81
721,1377376406,21.82
721,1377376411,21.8
721,1377376416,21.82
721,1377376421,21.82
721,1377376426,21.82
721,1377376431,21.82
721,1377376436,21.84
721,1377376441,21.81
721,1377376446,21.82
721,1377376451,21.82
721,1377376456,21.82
721,1377376461,21.82
721,1377376466,21.82
721,1377376471,21.82
721,1377376476,21.82
721,1377376481,21.83
721,1377376486,21.83
721,1377376491,21.82
721,1377376496,21.81
721,1377376501,21.83
721,1377376506,21.82
721,1377376511,21.82
721,1377376516,21.83
721,1377376521,21.82
721,1377376526,21.82
721,1377376531,21.83
721,1377376536,21.82
721,1377376541,21.82
721,1377376546,21.84
721,1377376551,21.82
721,1377376556,21.82
721,1377376561,21.82
721,1377376566,21.83
721,1377376571,21.83
721,1377376576,21.84
721,1377376581,21.84
721,1377376586,21.83
721,1377376591,21.83
721,1377376596,21.83
721,1377376601,21.83
721,1377376606,21.83
721,1377376611,21.83
721,1377376616,21.83
721,1377376621,21.83
721,1377376626,21.83
721,1377376631,21.84
721,1377376636,21.83
721,1377376641,21.84
721,1377376646,21.84
721,1377376651,21.83
721,1377376656,21.84
721,1377376661,21.84
721,1377376666,21.85
721,1377376671,21.83
721,1377376676,21.84
721,1377376681,21.84
721,1377376686,21.84
721,1377376691,21.84
721,1377376696,21.83
721,1377376701,21.84
721,1377376706,21.84
721,1377376711,21.84
721,1377376716,21.84
721,1377376721,21.82
721,1377376726,21.84
721,1377376731,21.83
721,1377376736,21.84
721,1377376741,21.84
721,1377376746,21.84
721,1377376751,21.84
721,1377376756,21.84
721,1377376761,21.85
721,1377376766,21.85
721,1377376771,21.83
721,1377376776,21.84
721,1377376781,21.84
721,1377376786,21.85
721,1377376791,21.85
721,1377376796,21.84
721,1377376801,21.84
721,1377376806,21.84
721,1377376811,21.85
721,1377376816,21.84
721,1377376821,21.86
721,1377376826,21.85
721,1377376831,21.85
721,1377376836,21.84
721,1377376841,21.86
721,1377376846,21.84
721,1377376851,21.84
721,1377376856,21.85
721,1377376861,21.84
721,1377376866,21.84
721,1377376871,21.85
721,1377376876,21.85
721,1377376881,21.85
721,1377376886,21.86
721,1377376891,21.86
721,1377376896,21.85
721,1377376901,21.84
721,1377376906,21.84
721,1377376911,21.86
721,1377376916,21.86
721,1377376921,21.85
721,1377376926,21.86
721,1377376931,21.84
721,1377376936,21.85
721,1377376941,21.85
721,1377376946,21.84
721,1377376951,21.85
721,1377376956,21.85
721,1377376961,21.85
721,1377376966,21.85
721,1377376971,21.85
721,1377376976,21.85
721,1377376981,21.86
721,1377376986,21.84
721,1377376991,21.86
721,1377376996,21.86
721,1377377001,21.85
721,1377377006,21.86
721,1377377011,21.86
721,1377377016,21.86
721,1377377021,21.85
721,1377377026,21.85
721,1377377031,21.86
721,1377377036,21.85
721,1377377041,21.85
721,1377377046,21.87
721,1377377051,21.85
721,1377377056,21.86
721,1377377061,21.86
721,1377377066,21.86
721,1377377071,21.86
721,1377377076,21.86
721,1377377081,21.86
721,1377377086,21.86
721,1377377091,21.86
721,1377377096,21.86
721,1377377101,21.86
721,1377377106,21.86
721,1377377111,21.87
721,1377377116,21.87
721,1377377121,21.86
721,1377377126,21.87
721,1377377131,21.86
721,1377377136,21.86
721,1377377141,21.87
721,1377377146,21.86
721,1377377151,21.87
721,1377377156,21.87
721,1377377161,21.87
721,1377377166,21.86
721,1377377171,21.87
721,1377377176,21.87
721,1377377181,21.86
721,1377377186,21.87
721,1377377191,21.87
721,1377377196,21.87
721,1377377201,21.87
721,1377377206,21.87
721,1377377211,21.87
721,1377377216,21.88
721,1377377221,21.88
721,1377377226,21.87
721,1377377231,21.88
721,1377377236,21.88
721,1377377241,21.87
721,1377377246,21.87
721,1377377251,21.87
721,1377377256,21.87
721,1377377261,21.88
721,1377377266,21.88
721,1377377271,21.87
721,1377377276,21.88
721,1377377281,21.88
721,1377377286,21.87
721,1377377291,21.86
721,1377377296,21.87
721,1377377301,21.88
721,1377377306,21.88
721,1377377311,21.87
721,1377377316,21.86
721,1377377321,21.88
721,1377377326,21.88
721,1377377331,21.88
721,1377377336,21.88
721,1377377341,21.88
721,1377377346,21.88
721,1377377351,21.88
721,1377377356,21.88
721,1377377361,21.89
721,1377377366,21.88
721,1377377371,21.87
721,1377377376,21.88
721,1377377381,21.87
721,1377377386,21.88
721,1377377391,21.88
721,1377377396,21.89
721,1377377401,21.88
721,1377377406,21.88
721,1377377411,21.87
721,1377377416,21.88
721,1377377421,21.88
721,1377377426,21.88
721,1377377431,21.88
721,1377377436,21.88
721,1377377441,21.88
721,1377377446,21.88
721,1377377451,21.88
721,1377377456,21.89
721,1377377461,21.89
721,1377377466,21.88
721,1377377471,21.88
721,1377377476,21.88
721,1377377481,21.89
721,1377377486,21.9
721,1377377491,21.89
721,1377377496,21.89
721,1377377501,21.89
721,1377377506,21.89
721,1377377511,21.9
721,1377377516,21.9
721,1377377521,21.9
721,1377377526,21.9
721,1377377531,21.9
721,1377377536,21.88
721,1377377541,21.88
721,1377377546,21.88
721,1377377551,21.88
721,1377377556,21.88
721,1377377561,21.9
721,1377377566,21.89
721,1377377571,21.89
721,1377377576,21.9
721,1377377581,21.9
721,1377377586,21.9
721,1377377591,21.89
721,1377377596,21.9
721,1377377601,21.89
721,1377377606,21.89
721,1377377611,21.89
721,1377377616,21.88
721,1377377621,21.89
721,1377377626,21.9
721,1377377631,21.9
721,1377377636,21.9
721,1377377641,21.91
721,1377377646,21.9
721,1377377651,21.9
721,1377377656,21.89
721,1377377661,21.9
721,1377377666,21.9
721,1377377671,21.89
721,1377377676,21.9
721,1377377681,21.9
721,1377377686,21.9
721,1377377691,21.9
721,1377377696,21.9
721,1377377701,21.89
721,1377377706,21.9
721,1377377711,21.9
721,1377377716,21.9
721,1377377721,21.9
721,1377377726,21.9
721,1377377731,21.91
721,1377377736,21.9
721,1377377741,21.91
721,1377377746,21.91
721,1377377751,21.91
721,1377377756,21.91
721,1377377761,21.9
721,1377377766,21.9
721,1377377771,21.88
721,1377377776,21.9
721,1377377781,21.91
721,1377377786,21.9
721,1377377791,21.9
721,1377377796,21.9
721,1377377801,21.9
721,1377377806,21.9
721,1377377811,21.9
721,1377377816,21.91
721,1377377821,21.9
721,1377377826,21.9
721,1377377831,21.9
721,1377377836,21.91
721,1377377841,21.91
721,1377377846,21.9
721,1377377851,21.9
721,1377377856,21.91
721,1377377861,21.9
721,1377377866,21.9
721,1377377871,21.91
721,1377377876,21.92
721,1377377881,21.92
721,1377377886,21.91
721,1377377891,21.9
721,1377377896,21.91
721,1377377901,21.9
721,1377377906,21.91
721,1377377911,21.92
721,1377377916,21.91
721,1377377921,21.9
721,1377377926,21.91
721,1377377931,21.9
721,1377377936,21.91
721,1377377941,21.91
721,1377377946,21.91
721,1377377951,21.92
721,1377377956,21.92
721,1377377961,21.91
721,1377377966,21.91
721,1377377971,21.92
721,1377377976,21.91
721,1377377981,21.92
721,1377377986,21.92
721,1377377991,21.92
721,1377377996,21.91
721,1377378001,21.92
721,1377378006,21.91
721,1377378011,21.92
721,1377378016,21.92
721,1377378021,21.92
721,1377378026,21.93
721,1377378031,21.92
721,1377378036,21.93
721,1377378041,21.94
721,1377378046,21.93
721,1377378051,21.92
721,1377378056,21.93
721,1377378061,21.92
721,1377378066,21.92
721,1377378071,21.93
721,1377378076,21.94
721,1377378081,21.93
721,1377378086,21.92
721,1377378091,21.93
721,1377378096,21.94
721,1377378101,21.93
721,1377378106,21.92
721,1377378111,21.93
721,1377378116,21.93
721,1377378121,21.93
721,1377378126,21.92
721,1377378131,21.93
721,1377378136,21.93
721,1377378141,21.92
721,1377378146,21.94
721,1377378151,21.92
721,1377378156,21.93
721,1377378161,21.93
721,1377378166,21.93
721,1377378171,21.94
721,1377378176,21.93
721,1377378181,21.94
721,1377378186,21.94
721,1377378191,21.94
721,1377378196,21.92
721,1377378201,21.93
721,1377378206,21.93
721,1377378211,21.94
721,1377378216,21.94
721,1377378221,21.93
721,1377378226,21.93
721,1377378231,21.92
721,1377378236,21.94
721,1377378241,21.94
721,1377378246,21.93
721,1377378251,21.94
721,1377378256,21.93
721,1377378261,21.94
721,1377378266,21.93
721,1377378271,21.94
721,1377378276,21.94
721,1377378281,21.94
721,1377378286,21.94
721,1377378291,21.94
721,1377378296,21.95
721,1377378301,21.94
721,1377378306,21.94
721,1377378311,21.94
721,1377378316,21.95
721,1377378321,21.96
721,1377378326,21.94
721,1377378331,21.94
721,1377378336,21.94
721,1377378341,21.94
721,1377378346,21.94
721,1377378351,21.94
721,1377378356,21.95
721,1377378361,21.94
721,1377378366,21.95
721,1377378371,21.96
721,1377378376,21.95
721,1377378381,21.94
721,1377378386,21.95
721,1377378391,21.95
721,1377378396,21.94
721,1377378401,21.95
721,1377378406,21.95
721,1377378411,21.95
721,1377378416,21.96
721,1377378421,21.95
721,1377378426,21.95
721,1377378431,21.95
721,1377378436,21.95
721,1377378441,21.94
721,1377378446,21.96
721,1377378451,21.94
721,1377378456,21.95
721,1377378461,21.96
721,1377378466,21.96
721,1377378471,21.96
721,1377378476,21.96
721,1377378481,21.96
721,1377378486,21.95
721,1377378491,21.96
721,1377378496,21.97
721,1377378501,21.96
721,1377378506,21.96
721,1377378511,21.96
721,1377378516,21.96
721,1377378521,21.96
721,1377378526,21.96
721,1377378531,21.96
721,1377378536,21.95
721,1377378541,21.96
721,1377378546,21.94
721,1377378551,21.96
721,1377378556,21.96
721,1377378561,21.95
721,1377378566,21.96
721,1377378571,21.97
721,1377378576,21.96
721,1377378581,21.96
721,1377378586,21.96
721,1377378591,21.96
721,1377378596,21.96
721,1377378601,21.96
721,1377378606,21.97
721,1377378611,21.97
721,1377378616,21.96
721,1377378621,21.97
721,1377378626,21.95
721,1377378631,21.96
721,1377378636,21.96
721,1377378641,21.96
721,1377378646,21.96
721,1377378651,21.97
721,1377378656,21.96
721,1377378661,21.97
721,1377378666,21.97
721,1377378671,21.97
721,1377378676,21.96
721,1377378681,21.97
721,1377378686,21.97
721,1377378691,21.97
721,1377378696,21.97
721,1377378701,21.97
721,1377378706,21.98
721,1377378711,21.96
721,1377378716,21.97
721,1377378721,21.97
721,1377378726,21.98
721,1377378731,21.97
721,1377378736,21.99
721,1377378741,21.98
721,1377378746,21.98
721,1377378751,21.97
721,1377378756,21.97
721,1377378761,21.98
721,1377378766,21.98
721,1377378771,21.98
721,1377378776,21.96
721,1377378781,21.97
721,1377378786,21.98
721,1377378791,21.98
721,1377378796,21.98
721,1377378801,21.98
721,1377378806,21.97
721,1377378811,22.0
721,1377378816,21.98
721,1377378821,21.98
721,1377378826,21.98
721,1377378831,21.98
721,1377378836,21.98
721,1377378841,21.97
721,1377378846,21.99
721,1377378851,21.98
721,1377378856,21.99
721,1377378861,21.99
721,1377378866,21.98
721,1377378871,21.99
721,1377378876,21.98
721,1377378881,21.98
721,1377378886,21.98
721,1377378891,21.99
721,1377378896,21.98
721,1377378901,22.0
721,1377378906,21.99
721,1377378911,21.99
721,1377378916,22.01
721,1377378921,21.99
721,1377378926,22.0
721,1377378931,21.99
721,1377378936,21.99
721,1377378941,22.0
721,1377378946,21.98
721,1377378951,21.99
721,1377378956,21.99
721,1377378961,21.99
721,1377378966,22.0
721,1377378971,21.99
721,1377378976,22.0
721,1377378981,21.99
721,1377378986,21.99
721,1377378991,22.0
721,1377378996,22.0
721,1377379001,22.0
721,1377379006,21.99
721,1377379011,21.99
721,1377379016,22.0
721,1377379021,22.0
721,1377379026,22.0
721,1377379031,22.01
721,1377379036,22.0
721,1377379041,22.0
721,1377379046,22.0
721,1377379051,22.0
721,1377379056,22.0
721,1377379061,22.02
721,1377379066,22.01
721,1377379071,22.01
721,1377379076,22.0
721,1377379081,22.02
721,1377379086,22.01
721,1377379091,22.0
721,1377379096,22.0
721,1377379101,22.01
721,1377379106,22.01
721,1377379111,22.01
721,1377379116,22.0
721,1377379121,22.0
721,1377379126,22.0
721,1377379131,22.0
721,1377379136,22.01
721,1377379141,22.0
721,1377379146,22.0
721,1377379151,22.0
721,1377379156,22.01
721,1377379161,22.01
721,1377379166,22.01
721,1377379171,22.02
721,1377379176,22.0
721,1377379181,22.0
721,1377379186,22.0
721,1377379191,22.02
721,1377379196,22.01
721,1377379201,22.01
721,1377379206,22.02
721,1377379211,22.03
721,1377379216,22.02
721,1377379221,22.01
721,1377379226,22.02
721,1377379231,22.0
721,1377379236,22.01
721,1377379241,22.01
721,1377379246,22.02
721,1377379251,22.02
721,1377379256,22.01
721,1377379261,22.01
721,1377379266,22.01
721,1377379271,22.01
721,1377379276,22.01
721,1377379281,22.02
721,1377379286,22.02
721,1377379291,22.02
721,1377379296,22.02
721,1377379301,22.02
721,1377379306,22.03
721,1377379311,22.02
721,1377379316,22.03
721,1377379321,22.01
721,1377379326,22.02
721,1377379331,22.02
721,1377379336,22.02
721,1377379341,22.02
721,1377379346,22.03
721,1377379351,22.01
721,1377379356,22.0
721,1377379361,22.02
721,1377379366,22.02
721,1377379371,22.02
721,1377379376,22.02
721,1377379381,22.01
721,1377379386,22.02
721,1377379391,22.02
721,1377379396,22.02
721,1377379401,22.01
721,1377379406,22.02
721,1377379411,22.02
721,1377379416,22.03
721,1377379421,22.02
721,1377379426,22.02
721,1377379431,22.02
721,1377379436,22.01
721,1377379441,22.03
721,1377379446,22.03
721,1377379451,22.02
721,1377379456,22.03
721,1377379461,22.03
721,1377379466,22.02
721,1377379471,22.03
721,1377379476,22.03
721,1377379481,22.03
721,1377379486,22.03
721,1377379491,22.03
721,1377379496,22.04
721,1377379501,22.04
721,1377379506,22.03
721,1377379511,22.03
721,1377379516,22.03
721,1377379521,22.03
721,1377379526,22.04
721,1377379531,22.03
721,1377379536,22.03
721,1377379541,22.04
721,1377379546,22.04
721,1377379551,22.04
721,1377379556,22.04
721,1377379561,22.02
721,1377379566,22.03
721,1377379571,22.03
721,1377379576,22.04
721,1377379581,22.03
721,1377379586,22.03
721,1377379591,22.04
721,1377379596,22.04
721,1377379601,22.03
721,1377379606,22.04
721,1377379611,22.02
721,1377379616,22.04
721,1377379621,22.04
721,1377379626,22.03
721,1377379631,22.04
721,1377379636,22.04
721,1377379641,22.04
721,1377379646,22.04
721,1377379651,22.03
721,1377379656,22.04
721,1377379661,22.04
721,1377379666,22.04
721,1377379671,22.04
721,1377379676,22.04
721,1377379681,22.04
721,1377379686,22.04
721,1377379691,22.04
721,1377379696,22.04
721,1377379701,22.04
721,1377379706,22.04
721,1377379711,22.04
721,1377379716,22.05
721,1377379721,22.05
721,1377379726,22.04
721,1377379731,22.05
721,1377379736,22.05
721,1377379741,22.05
721,1377379746,22.04
721,1377379751,22.03
721,1377379756,22.06
721,1377379761,22.06
721,1377379766,22.05
721,1377379771,22.05
721,1377379776,22.04
721,1377379781,22.05
721,1377379786,22.06
721,1377379791,22.04
721,1377379796,22.06
721,1377379801,22.04
721,1377379806,22.06
721,1377379811,22.06
721,1377379816,22.06
721,1377379821,22.06
721,1377379826,22.06
721,1377379831,22.06
721,1377379836,22.05
721,1377379841,22.06
721,1377379846,22.06
721,1377379851,22.06
721,1377379856,22.06
721,1377379861,22.05
721,1377379866,22.06
721,1377379871,22.06
721,1377379876,22.07
721,1377379881,22.05
721,1377379886,22.06
721,1377379891,22.06
721,1377379896,22.06
721,1377379901,22.06
721,1377379906,22.06
721,1377379911,22.06
721,1377379916,22.06
721,1377379922,22.07
721,1377379926,22.06
721,1377379931,22.07
721,1377379936,22.05
721,1377379941,22.07
721,1377379946,22.06
721,1377379951,22.06
721,1377379956,22.07
721,1377379961,22.06
721,1377379966,22.06
721,1377379971,22.06
721,1377379976,22.06
721,1377379981,22.06
721,1377379986,22.06
721,1377379991,22.07
721,1377379996,22.06
721,1377380001,22.07
721,1377380006,22.06
721,1377380011,22.06
721,1377380016,22.07
721,1377380021,22.06
721,1377380026,22.07
721,1377380031,22.07
721,1377380036,22.07
721,1377380041,22.07
721,1377380046,22.07
721,1377380051,22.08
721,1377380056,22.07
721,1377380061,22.07
721,1377380066,22.09
721,1377380071,22.06
721,1377380076,22.08
721,1377380081,22.07
721,1377380086,22.08
721,1377380091,22.07
721,1377380096,22.08
721,1377380101,22.07
721,1377380106,22.07
721,1377380111,22.07
721,1377380116,22.08
721,1377380121,22.08
721,1377380126,22.08
721,1377380131,22.07
721,1377380136,22.08
721,1377380141,22.08
721,1377380146,22.08
721,1377380151,22.08
721,1377380156,22.09
721,1377380161,22.08
721,1377380166,22.09
721,1377380171,22.08
721,1377380176,22.09
721,1377380181,22.08
721,1377380186,22.07
721,1377380191,22.09
721,1377380196,22.09
721,1377380201,22.08
721,1377380206,22.08
721,1377380211,22.09
721,1377380216,22.09
721,1377380221,22.09
721,1377380226,22.08
721,1377380231,22.08
721,1377380236,22.08
721,1377380241,22.08
721,1377380246,22.09
721,1377380251,22.09
721,1377380256,22.08
721,1377380261,22.08
721,1377380266,22.09
721,1377380271,22.08
721,1377380276,22.08
721,1377380281,22.09
721,1377380286,22.08
721,1377380291,22.1
721,1377380296,22.09
721,1377380301,22.1
721,1377380306,22.1
721,1377380311,22.1
721,1377380316,22.08
721,1377380321,22.08
721,1377380326,22.08
721,1377380331,22.1
721,1377380336,22.09
721,1377380341,22.08
721,1377380346,22.09
721,1377380351,22.08
721,1377380356,22.09
721,1377380361,22.09
721,1377380366,22.08
721,1377380371,22.09
721,1377380376,22.1
721,1377380381,22.09
721,1377380386,22.09
721,1377380391,22.09
721,1377380396,22.1
721,1377380401,22.09
721,1377380406,22.11
721,1377380411,22.1
721,1377380416,22.1
721,1377380421,22.1
721,1377380426,22.1
721,1377380431,22.1
721,1377380436,22.1
721,1377380441,22.1
721,1377380446,22.1
721,1377380451,22.1
721,1377380456,22.1
721,1377380461,22.1
721,1377380466,22.1
721,1377380471,22.1
721,1377380476,22.11
721,1377380481,22.09
721,1377380486,22.1
721,1377380491,22.1
721,1377380496,22.1
721,1377380501,22.11
721,1377380506,22.1
721,1377380511,22.1
721,1377380516,22.1
721,1377380521,22.11
721,1377380526,22.1
721,1377380531,22.11
721,1377380536,22.11
721,1377380541,22.11
721,1377380546,22.1
721,1377380551,22.11
721,1377380556,22.11
721,1377380561,22.11
721,1377380566,22.1
721,1377380571,22.11
721,1377380576,22.11
721,1377380581,22.11
721,1377380586,22.11
721,1377380591,22.12
721,1377380596,22.12
721,1377380601,22.12
721,1377380606,22.11
721,1377380611,22.12
721,1377380616,22.11
721,1377380621,22.12
721,1377380627,22.1
721,1377380631,22.11
721,1377380636,22.12
721,1377380641,22.11
721,1377380646,22.12
721,1377380651,22.12
721,1377380656,22.12
721,1377380661,22.12
721,1377380666,22.11
721,1377380671,22.12
721,1377380676,22.12
721,1377380681,22.13
721,1377380686,22.13
721,1377380691,22.11
721,1377380696,22.12
721,1377380701,22.12
721,1377380706,22.12
721,1377380711,22.12
721,1377380716,22.12
721,1377380721,22.12
721,1377380726,22.13
721,1377380731,22.12
721,1377380736,22.12
721,1377380741,22.12
721,1377380746,22.13
721,1377380751,22.13
721,1377380756,22.12
721,1377380761,22.13
721,1377380766,22.12
721,1377380771,22.13
721,1377380776,22.12
721,1377380781,22.12
721,1377380786,22.13
721,1377380791,22.12
721,1377380796,22.12
721,1377380801,22.13
721,1377380806,22.13
721,1377380811,22.13
721,1377380816,22.12
721,1377380821,22.12
721,1377380826,22.13
721,1377380831,22.13
721,1377380836,22.12
721,1377380841,22.13
721,1377380846,22.13
721,1377380851,22.13
721,1377380856,22.13
721,1377380861,22.13
721,1377380866,22.12
721,1377380871,22.13
721,1377380876,22.14
721,1377380881,22.13
721,1377380886,22.13
721,1377380891,22.14
721,1377380896,22.14
721,1377380901,22.13
721,1377380906,22.14
721,1377380911,22.14
721,1377380916,22.14
721,1377380921,22.14
721,1377380926,22.14
721,1377380931,22.14
721,1377380936,22.14
721,1377380941,22.14
721,1377380946,22.15
721,1377380951,22.14
721,1377380956,22.14
721,1377380961,22.14
721,1377380966,22.14
721,1377380971,22.14
721,1377380976,22.15
721,1377380981,22.16
721,1377380986,22.14
721,1377380991,22.14
721,1377380996,22.15
721,1377381001,22.15
721,1377381006,22.16
721,1377381011,22.14
721,1377381016,22.15
721,1377381021,22.14
721,1377381026,22.15
721,1377381031,22.15
721,1377381036,22.16
721,1377381041,22.15
721,1377381046,22.14
721,1377381051,22.14
721,1377381056,22.15
721,1377381061,22.15
721,1377381066,22.16
721,1377381071,22.15
721,1377381076,22.15
721,1377381081,22.15
721,1377381086,22.16
721,1377381091,22.16
721,1377381096,22.15
721,1377381101,22.15
721,1377381106,22.16
721,1377381111,22.15
721,1377381116,22.16
721,1377381121,22.15
721,1377381126,22.16
721,1377381131,22.16
721,1377381136,22.15
721,1377381141,22.16
721,1377381146,22.16
721,1377381151,22.17
721,1377381156,22.16
721,1377381161,22.16
721,1377381166,22.16
721,1377381171,22.15
721,1377381176,22.15
721,1377381181,22.16
721,1377381186,22.16
721,1377381191,22.16
721,1377381196,22.15
721,1377381201,22.16
721,1377381206,22.16
721,1377381211,22.16
721,1377381216,22.16
721,1377381221,22.16
721,1377381226,22.16
721,1377381231,22.17
721,1377381236,22.16
721,1377381241,22.16
721,1377381246,22.16
721,1377381251,22.16
721,1377381256,22.16
721,1377381261,22.18
721,1377381266,22.17
721,1377381271,22.17
721,1377381276,22.16
721,1377381281,22.17
721,1377381286,22.16
721,1377381291,22.17
721,1377381296,22.16
721,1377381301,22.16
721,1377381306,22.17
721,1377381311,22.16
721,1377381316,22.16
721,1377381321,22.17
721,1377381326,22.17
721,1377381331,22.17
721,1377381336,22.18
721,1377381341,22.16
721,1377381346,22.17
721,1377381351,22.18
721,1377381356,22.18
721,1377381361,22.18
721,1377381366,22.18
721,1377381371,22.18
721,1377381376,22.18
721,1377381381,22.17
721,1377381386,22.17
721,1377381391,22.18
721,1377381396,22.18
721,1377381401,22.18
721,1377381406,22.18
721,1377381411,22.18
721,1377381416,22.17
721,1377381421,22.18
721,1377381426,22.16
721,1377381431,22.19
721,1377381436,22.18
721,1377381441,22.17
721,1377381446,22.18
721,1377381451,22.19
721,1377381456,22.18
721,1377381461,22.18
721,1377381466,22.18
721,1377381471,22.18
721,1377381476,22.18
721,1377381481,22.18
721,1377381486,22.18
721,1377381491,22.18
721,1377381496,22.19
721,1377381501,22.18
721,1377381506,22.18
721,1377381511,22.18
721,1377381516,22.18
721,1377381521,22.19
721,1377381526,22.19
721,1377381531,22.2
721,1377381536,22.2
721,1377381541,22.2
721,1377381546,22.19
721,1377381551,22.18
721,1377381556,22.19
721,1377381561,22.18
721,1377381566,22.18
721,1377381571,22.18
721,1377381576,22.19
721,1377381581,22.18
721,1377381586,22.2
721,1377381591,22.19
721,1377381596,22.19
721,1377381601,22.2
721,1377381606,22.19
721,1377381611,22.2
721,1377381616,22.2
721,1377381621,22.19
721,1377381626,22.2
721,1377381631,22.19
721,1377381636,22.19
721,1377381641,22.18
721,1377381646,22.19
721,1377381651,22.19
721,1377381656,22.2
721,1377381661,22.2
721,1377381666,22.19
721,1377381671,22.2
721,1377381676,22.2
721,1377381681,22.2
721,1377381686,22.2
721,1377381691,22.2
721,1377381696,22.2
721,1377381701,22.19
721,1377381706,22.19
721,1377381711,22.2
721,1377381716,22.2
721,1377381721,22.2
721,1377381726,22.19
721,1377381731,22.2
721,1377381736,22.2
721,1377381741,22.2
721,1377381746,22.2
721,1377381751,22.19
721,1377381756,22.19
721,1377381761,22.21
721,1377381766,22.2
721,1377381771,22.2
721,1377381776,22.2
721,1377381781,22.2
721,1377381786,22.21
721,1377381791,22.21
721,1377381796,22.21
721,1377381801,22.2
721,1377381806,22.2
721,1377381811,22.19
721,1377381816,22.21
721,1377381821,22.22
721,1377381826,22.21
721,1377381831,22.2
721,1377381836,22.21
721,1377381841,22.19
721,1377381846,22.21
721,1377381851,22.21
721,1377381856,22.2
721,1377381861,22.21
721,1377381866,22.21
721,1377381871,22.22
721,1377381876,22.2
721,1377381881,22.21
721,1377381886,22.21
721,1377381891,22.22
721,1377381896,22.21
721,1377381901,22.2
721,1377381906,22.21
721,1377381911,22.22
721,1377381916,22.22
721,1377381921,22.21
721,1377381926,22.22
721,1377381931,22.22
721,1377381936,22.21
721,1377381941,22.22
721,1377381946,22.21
721,1377381951,22.21
721,1377381956,22.22
721,1377381961,22.22
721,1377381966,22.21
721,1377381971,22.2
721,1377381976,22.22
721,1377381981,22.22
721,1377381986,22.22
721,1377381991,22.22
721,1377381996,22.22
721,1377382001,22.21
721,1377382006,22.21
721,1377382011,22.2
721,1377382016,22.22
721,1377382021,22.21
721,1377382026,22.22
721,1377382031,22.22
721,1377382036,22.22
721,1377382041,22.22
721,1377382046,22.22
721,1377382051,22.22
721,1377382056,22.21
721,1377382061,22.22
721,1377382066,22.22
721,1377382071,22.22
721,1377382076,22.22
721,1377382081,22.22
721,1377382086,22.23
721,1377382091,22.22
721,1377382096,22.23
721,1377382101,22.23
721,1377382106,22.22
721,1377382111,22.23
721,1377382116,22.23
721,1377382121,22.22
721,1377382126,22.23
721,1377382131,22.22
721,1377382136,22.23
721,1377382141,22.22
721,1377382146,22.23
721,1377382151,22.23
721,1377382156,22.22
721,1377382161,22.22
721,1377382166,22.22
721,1377382171,22.22
721,1377382176,22.23
721,1377382181,22.23
721,1377382186,22.23
721,1377382191,22.22
721,1377382196,22.23
721,1377382201,22.23
721,1377382206,22.23
721,1377382211,22.23
721,1377382216,22.22
721,1377382221,22.22
721,1377382226,22.24
721,1377382231,22.23
721,1377382236,22.22
721,1377382241,22.24
721,1377382246,22.24
721,1377382251,22.24
721,1377382256,22.24
721,1377382261,22.23
721,1377382266,22.22
721,1377382271,22.23
721,1377382276,22.24
721,1377382281,22.24
721,1377382286,22.24
721,1377382291,22.24
721,1377382296,22.24
721,1377382301,22.24
721,1377382306,22.24
721,1377382311,22.24
721,1377382316,22.24
721,1377382321,22.24
721,1377382326,22.24
721,1377382331,22.24
721,1377382336,22.23
721,1377382341,22.24
721,1377382346,22.24
721,1377382351,22.25
721,1377382356,22.24
721,1377382361,22.25
721,1377382366,22.24
721,1377382371,22.24
721,1377382376,22.24
721,1377382381,22.25
721,1377382386,22.24
721,1377382391,22.25
721,1377382396,22.25
721,1377382401,22.26
721,1377382406,22.25
721,1377382411,22.24
721,1377382416,22.25
721,1377382421,22.24
721,1377382426,22.24
721,1377382431,22.24
721,1377382436,22.25
721,1377382441,22.24
721,1377382446,22.25
721,1377382451,22.25
721,1377382456,22.25
721,1377382461,22.25
721,1377382466,22.25
721,1377382471,22.25
721,1377382476,22.24
721,1377382481,22.25
721,1377382486,22.25
721,1377382491,22.25
721,1377382496,22.24
721,1377382501,22.24
721,1377382506,22.25
721,1377382511,22.25
721,1377382516,22.26
721,1377382521,22.25
721,1377382526,22.26
721,1377382531,22.25
721,1377382536,22.25
721,1377382541,22.25
721,1377382546,22.26
721,1377382551,22.26
721,1377382556,22.25
721,1377382561,22.26
721,1377382566,22.26
721,1377382571,22.26
721,1377382576,22.26
721,1377382581,22.26
721,1377382586,22.26
721,1377382591,22.26
721,1377382596,22.26
721,1377382601,22.26
721,1377382606,22.26
721,1377382611,22.25
721,1377382616,22.25
721,1377382621,22.26
721,1377382626,22.25
721,1377382631,22.27
721,1377382636,22.26
721,1377382641,22.26
721,1377382646,22.27
721,1377382651,22.26
721,1377382656,22.28
721,1377382661,22.27
721,1377382666,22.27
721,1377382671,22.26
721,1377382676,22.27
721,1377382681,22.25
721,1377382686,22.26
721,1377382691,22.26
721,1377382696,22.26
721,1377382701,22.26
721,1377382706,22.27
721,1377382711,22.26
721,1377382716,22.27
721,1377382721,22.26
721,1377382726,22.26
721,1377382731,22.26
721,1377382736,22.28
721,1377382741,22.28
721,1377382746,22.27
721,1377382751,22.28
721,1377382756,22.26
721,1377382761,22.28
721,1377382766,22.26
721,1377382771,22.28
721,1377382776,22.27
721,1377382781,22.27
721,1377382786,22.28
721,1377382791,22.28
721,1377382796,22.28
721,1377382801,22.28
721,1377382806,22.28
721,1377382811,22.28
721,1377382816,22.28
721,1377382821,22.28
721,1377382826,22.29
721,1377382831,22.28
721,1377382836,22.28
721,1377382841,22.28
721,1377382846,22.28
721,1377382851,22.28
721,1377382856,22.28
721,1377382861,22.28
721,1377382866,22.28
721,1377382871,22.28
721,1377382876,22.28
721,1377382881,22.28
721,1377382886,22.29
721,1377382891,22.29
721,1377382896,22.29
721,1377382901,22.28
721,1377382906,22.29
721,1377382911,22.29
721,1377382916,22.28
721,1377382921,22.28
721,1377382926,22.29
721,1377382931,22.27
721,1377382936,22.29
721,1377382941,22.29
721,1377382946,22.28
721,1377382951,22.3
721,1377382956,22.28
721,1377382961,22.29
721,1377382966,22.29
721,1377382971,22.29
721,1377382976,22.29
721,1377382981,22.28
721,1377382986,22.29
721,1377382991,22.28
721,1377382996,22.29
721,1377383001,22.29
721,1377383006,22.3
721,1377383011,22.29
721,1377383016,22.3
721,1377383021,22.29
721,1377383026,22.29
721,1377383031,22.29
721,1377383036,22.3
721,1377383041,22.29
721,1377383046,22.29
721,1377383051,22.3
721,1377383056,22.3
721,1377383061,22.3
721,1377383066,22.3
721,1377383071,22.3
721,1377383076,22.31
721,1377383081,22.3
721,1377383086,22.3
721,1377383091,22.3
721,1377383096,22.3
721,1377383101,22.3
721,1377383106,22.3
721,1377383111,22.3
721,1377383116,22.3
721,1377383121,22.32
721,1377383126,22.3
721,1377383131,22.31
721,1377383136,22.3
721,1377383141,22.3
721,1377383146,22.31
721,1377383151,22.3
721,1377383156,22.3
721,1377383161,22.3
721,1377383166,22.3
721,1377383171,22.3
721,1377383176,22.3
721,1377383181,22.3
721,1377383186,22.3
721,1377383191,22.3
721,1377383196,22.3
721,1377383201,22.3
721,1377383206,22.31
721,1377383211,22.32
721,1377383216,22.31
721,1377383221,22.31
721,1377383226,22.32
721,1377383231,22.32
721,1377383236,22.31
721,1377383241,22.3
721,1377383246,22.3
721,1377383251,22.31
721,1377383256,22.31
721,1377383261,22.3
721,1377383266,22.31
721,1377383271,22.31
721,1377383276,22.31
721,1377383281,22.3
721,1377383286,22.32
721,1377383291,22.31
721,1377383296,22.32
721,1377383301,22.32
721,1377383306,22.31
721,1377383311,22.32
721,1377383316,22.31
721,1377383321,22.32
721,1377383326,22.32
721,1377383331,22.32
721,1377383336,22.32
721,1377383341,22.31
721,1377383346,22.32
721,1377383351,22.31
721,1377383356,22.32
721,1377383361,22.32
721,1377383366,22.32
721,1377383371,22.31
721,1377383376,22.32
721,1377383382,22.33
721,1377383386,22.32
721,1377383391,22.31
721,1377383396,22.31
721,1377383401,22.31
721,1377383406,22.31
721,1377383411,22.32
721,1377383416,22.32
721,1377383421,22.32
721,1377383426,22.31
721,1377383431,22.33
721,1377383436,22.32
721,1377383441,22.32
721,1377383446,22.32
721,1377383451,22.34
721,1377383456,22.34
721,1377383461,22.32
721,1377383466,22.34
721,1377383471,22.34
721,1377383476,22.32
721,1377383481,22.33
721,1377383486,22.32
721,1377383491,22.34
721,1377383496,22.32
721,1377383501,22.32
721,1377383506,22.32
721,1377383511,22.33
721,1377383516,22.33
721,1377383521,22.33
721,1377383526,22.32
721,1377383531,22.32
721,1377383536,22.32
721,1377383541,22.32
721,1377383546,22.33
721,1377383551,22.32
721,1377383556,22.32
721,1377383561,22.32
721,1377383566,22.32
721,1377383571,22.33
721,1377383576,22.33
721,1377383581,22.33
721,1377383586,22.33
721,1377383591,22.34
721,1377383596,22.32
721,1377383601,22.34
721,1377383606,22.33
721,1377383611,22.32
721,1377383616,22.33
721,1377383621,22.34
721,1377383626,22.34
721,1377383631,22.34
721,1377383636,22.33
721,1377383641,22.32
721,1377383646,22.33
721,1377383651,22.32
721,1377383656,22.33
721,1377383661,22.32
721,1377383666,22.34
721,1377383671,22.35
721,1377383676,22.33
721,1377383681,22.34
721,1377383686,22.34
721,1377383691,22.34
721,1377383696,22.33
721,1377383701,22.34
721,1377383706,22.33
721,1377383711,22.34
721,1377383716,22.33
721,1377383721,22.33
721,1377383726,22.34
721,1377383731,22.35
721,1377383736,22.34
721,1377383741,22.34
721,1377383746,22.34
721,1377383751,22.34
721,1377383756,22.34
721,1377383761,22.33
721,1377383766,22.34
721,1377383771,22.34
721,1377383776,22.34
721,1377383781,22.34
721,1377383786,22.33
721,1377383791,22.34
721,1377383796,22.34
721,1377383801,22.34
721,1377383806,22.36
721,1377383811,22.34
721,1377383816,22.35
721,1377383821,22.33
721,1377383826,22.34
721,1377383831,22.35
721,1377383836,22.35
721,1377383841,22.34
721,1377383846,22.35
721,1377383851,22.35
721,1377383856,22.35
721,1377383861,22.35
721,1377383866,22.34
721,1377383871,22.35
721,1377383876,22.34
721,1377383881,22.35
721,1377383886,22.35
721,1377383891,22.35
721,1377383896,22.34
721,1377383901,22.35
721,1377383906,22.34
721,1377383911,22.36
721,1377383916,22.36
721,1377383921,22.34
721,1377383926,22.36
721,1377383931,22.34
721,1377383936,22.34
721,1377383941,22.35
721,1377383946,22.36
721,1377383951,22.36
721,1377383956,22.34
721,1377383961,22.35
721,1377383966,22.35
721,1377383971,22.36
721,1377383976,22.34
721,1377383981,22.35
721,1377383986,22.35
721,1377383991,22.35
721,1377383996,22.36
721,1377384001,22.34
721,1377384006,22.35
721,1377384011,22.35
721,1377384016,22.35
721,1377384021,22.36
721,1377384026,22.36
721,1377384031,22.35
721,1377384036,22.34
721,1377384041,22.36
721,1377384046,22.35
721,1377384051,22.36
721,1377384056,22.36
721,1377384061,22.36
721,1377384066,22.35
721,1377384071,22.36
721,1377384076,22.36
721,1377384081,22.36
721,1377384086,22.36
721,1377384091,22.36
721,1377384096,22.36
721,1377384101,22.36
721,1377384106,22.36
721,1377384111,22.35
721,1377384116,22.36
721,1377384121,22.34
721,1377384126,22.36
721,1377384131,22.36
721,1377384136,22.36
721,1377384141,22.36
721,1377384146,22.37
721,1377384151,22.36
721,1377384156,22.36
721,1377384161,22.34
721,1377384166,22.35
721,1377384171,22.36
721,1377384176,22.36
721,1377384181,22.35
721,1377384186,22.35
721,1377384191,22.36
721,1377384196,22.36
721,1377384201,22.36
721,1377384206,22.35
721,1377384211,22.35
721,1377384216,22.35
721,1377384221,22.36
721,1377384226,22.36
721,1377384231,22.36
721,1377384236,22.36
721,1377384241,22.36
721,1377384246,22.36
721,1377384251,22.35
721,1377384256,22.36
721,1377384261,22.36
721,1377384266,22.36
721,1377384271,22.36
721,1377384276,22.35
721,1377384281,22.36
721,1377384286,22.37
721,1377384291,22.36
721,1377384296,22.36
721,1377384301,22.36
721,1377384306,22.37
721,1377384311,22.36
721,1377384316,22.36
721,1377384321,22.36
721,1377384326,22.35
721,1377384331,22.36
721,1377384336,22.35
721,1377384341,22.36
721,1377384346,22.36
721,1377384351,22.36
721,1377384356,22.35
721,1377384361,22.36
721,1377384366,22.36
721,1377384371,22.37
721,1377384376,22.36
721,1377384381,22.35
721,1377384386,22.36
721,1377384391,22.35
721,1377384396,22.35
721,1377384401,22.36
721,1377384406,22.36
721,1377384411,22.36
721,1377384416,22.35
721,1377384421,22.36
721,1377384426,22.36
721,1377384431,22.37
721,1377384436,22.36
721,1377384441,22.36
721,1377384446,22.36
721,1377384451,22.36
721,1377384456,22.36
721,1377384461,22.36
721,1377384466,22.36
721,1377384471,22.36
721,1377384476,22.36
721,1377384481,22.35
721,1377384486,22.36
721,1377384491,22.36
721,1377384496,22.35
721,1377384501,22.36
721,1377384506,22.36
721,1377384511,22.35
721,1377384516,22.35
721,1377384521,22.36
721,1377384526,22.36
721,1377384531,22.37
721,1377384536,22.36
721,1377384541,22.36
721,1377384546,22.36
721,1377384551,22.35
721,1377384556,22.36
721,1377384561,22.36
721,1377384566,22.36
721,1377384571,22.36
721,1377384576,22.37
721,1377384581,22.36
721,1377384586,22.36
721,1377384591,22.37
721,1377384596,22.37
721,1377384601,22.37
721,1377384606,22.36
721,1377384611,22.36
721,1377384616,22.37
721,1377384621,22.36
721,1377384626,22.37
721,1377384631,22.37
721,1377384636,22.37
721,1377384641,22.36
721,1377384646,22.36
721,1377384651,22.36
721,1377384656,22.36
721,1377384661,22.37
721,1377384666,22.36
721,1377384671,22.37
721,1377384676,22.36
721,1377384681,22.34
721,1377384686,22.37
721,1377384691,22.37
721,1377384696,22.36
721,1377384701,22.36
721,1377384706,22.36
721,1377384711,22.36
721,1377384716,22.35
721,1377384721,22.36
721,1377384726,22.37
721,1377384731,22.36
721,1377384736,22.37
721,1377384741,22.36
721,1377384746,22.36
721,1377384751,22.36
721,1377384756,22.37
721,1377384761,22.36
721,1377384766,22.36
721,1377384771,22.36
721,1377384776,22.37
721,1377384781,22.36
721,1377384786,22.37
721,1377384791,22.36
721,1377384796,22.36
721,1377384801,22.36
721,1377384806,22.37
721,1377384811,22.37
721,1377384816,22.36
721,1377384821,22.36
721,1377384826,22.36
721,1377384831,22.37
721,1377384836,22.36
721,1377384841,22.37
721,1377384846,22.36
721,1377384851,22.37
721,1377384856,22.37
721,1377384861,22.36
721,1377384866,22.37
721,1377384871,22.38
721,1377384876,22.37
721,1377384881,22.36
721,1377384886,22.36
721,1377384891,22.37
721,1377384896,22.36
721,1377384901,22.38
721,1377384906,22.36
721,1377384911,22.36
721,1377384916,22.36
721,1377384921,22.37
721,1377384926,22.36
721,1377384931,22.37
721,1377384936,22.37
721,1377384941,22.38
721,1377384946,22.38
721,1377384951,22.37
721,1377384956,22.36
721,1377384961,22.37
721,1377384966,22.37
721,1377384971,22.37
721,1377384976,22.38
721,1377384981,22.37
721,1377384986,22.37
721,1377384991,22.37
721,1377384996,22.37
721,1377385001,22.38
721,1377385006,22.38
721,1377385011,22.37
721,1377385016,22.38
721,1377385021,22.38
721,1377385026,22.39
721,1377385031,22.38
721,1377385036,22.38
721,1377385041,22.37
721,1377385046,22.37
721,1377385051,22.38
721,1377385056,22.38
721,1377385061,22.38
721,1377385066,22.37
721,1377385071,22.38
721,1377385076,22.37
721,1377385081,22.38
721,1377385086,22.37
721,1377385091,22.38
721,1377385096,22.37
721,1377385101,22.38
721,1377385106,22.36
721,1377385111,22.36
721,1377385116,22.37
721,1377385121,22.36
721,1377385126,22.38
721,1377385131,22.38
721,1377385136,22.37
721,1377385141,22.38
721,1377385146,22.38
721,1377385151,22.38
721,1377385156,22.38
721,1377385161,22.38
721,1377385166,22.38
721,1377385171,22.38
721,1377385176,22.38
721,1377385181,22.38
721,1377385186,22.39
721,1377385191,22.38
721,1377385196,22.38
721,1377385201,22.37
721,1377385206,22.38
721,1377385211,22.37
721,1377385216,22.38
721,1377385221,22.38
721,1377385226,22.38
721,1377385231,22.37
721,1377385236,22.39
721,1377385241,22.39
721,1377385246,22.38
721,1377385251,22.36
721,1377385256,22.38
721,1377385261,22.39
721,1377385266,22.38
721,1377385271,22.39
721,1377385276,22.38
721,1377385281,22.38
721,1377385286,22.38
721,1377385291,22.37
721,1377385296,22.38
721,1377385301,22.38
721,1377385306,22.38
721,1377385311,22.38
721,1377385316,22.38
721,1377385321,22.38
721,1377385326,22.39
721,1377385331,22.4
721,1377385336,22.39
721,1377385341,22.38
721,1377385346,22.38
721,1377385351,22.39
721,1377385356,22.39
721,1377385361,22.38
721,1377385366,22.39
721,1377385371,22.39
721,1377385376,22.4
721,1377385381,22.39
721,1377385386,22.38
721,1377385391,22.38
721,1377385396,22.38
721,1377385401,22.38
721,1377385406,22.38
721,1377385411,22.37
721,1377385416,22.38
721,1377385421,22.39
721,1377385426,22.38
721,1377385431,22.38
721,1377385436,22.38
721,1377385441,22.38
721,1377385446,22.38
721,1377385451,22.39
721,1377385456,22.39
721,1377385461,22.4
721,1377385466,22.39
721,1377385471,22.38
721,1377385476,22.4
721,1377385481,22.39
721,1377385486,22.39
721,1377385491,22.39
721,1377385496,22.39
721,1377385501,22.38
721,1377385506,22.38
721,1377385511,22.39
721,1377385516,22.38
721,1377385521,22.39
721,1377385526,22.4
721,1377385531,22.39
721,1377385536,22.39
721,1377385541,22.39
721,1377385546,22.38
721,1377385551,22.39
721,1377385556,22.39
721,1377385561,22.4
721,1377385566,22.39
721,1377385571,22.4
721,1377385576,22.39
721,1377385581,22.4
721,1377385586,22.4
721,1377385591,22.4
721,1377385596,22.4
721,1377385601,22.39
721,1377385606,22.38
721,1377385611,22.4
721,1377385616,22.39
721,1377385621,22.4
721,1377385626,22.4
721,1377385631,22.4
721,1377385636,22.38
721,1377385641,22.4
721,1377385646,22.4
721,1377385651,22.4
721,1377385656,22.4
721,1377385661,22.4
721,1377385666,22.4
721,1377385671,22.4
721,1377385676,22.4
721,1377385681,22.4
721,1377385686,22.4
721,1377385691,22.41
721,1377385696,22.4
721,1377385701,22.41
721,1377385706,22.4
721,1377385711,22.4
721,1377385716,22.4
721,1377385721,22.4
721,1377385726,22.4
721,1377385731,22.4
721,1377385736,22.4
721,1377385741,22.41
721,1377385746,22.41
721,1377385751,22.42
721,1377385756,22.4
721,1377385761,22.41
721,1377385766,22.4
721,1377385771,22.4
721,1377385776,22.4
721,1377385781,22.39
721,1377385786,22.4
721,1377385791,22.4
721,1377385796,22.4
721,1377385801,22.4
721,1377385806,22.4
721,1377385811,22.41
721,1377385816,22.4
721,1377385821,22.41
721,1377385826,22.4
721,1377385831,22.41
721,1377385836,22.41
721,1377385841,22.42
721,1377385846,22.41
721,1377385851,22.39
721,1377385856,22.4
721,1377385861,22.4
721,1377385866,22.41
721,1377385871,22.41
721,1377385876,22.4
721,1377385881,22.4
721,1377385886,22.41
721,1377385891,22.4
721,1377385896,22.41
721,1377385901,22.41
721,1377385906,22.42
721,1377385911,22.41
721,1377385916,22.41
721,1377385921,22.4
721,1377385926,22.42
721,1377385931,22.4
721,1377385936,22.4
721,1377385941,22.42
721,1377385946,22.42
721,1377385951,22.42
721,1377385956,22.41
721,1377385961,22.42
721,1377385966,22.42
721,1377385971,22.42
721,1377385976,22.42
721,1377385981,22.42
721,1377385986,22.42
721,1377385991,22.41
721,1377385996,22.41
721,1377386001,22.41
721,1377386006,22.41
721,1377386011,22.42
721,1377386016,22.42
721,1377386021,22.41
721,1377386026,22.42
721,1377386031,22.42
721,1377386036,22.42
721,1377386041,22.42
721,1377386046,22.42
721,1377386051,22.42
721,1377386056,22.43
721,1377386061,22.42
721,1377386066,22.42
721,1377386071,22.43
721,1377386076,22.42
721,1377386081,22.42
721,1377386086,22.42
721,1377386091,22.42
721,1377386096,22.42
721,1377386101,22.42
721,1377386106,22.42
721,1377386111,22.42
721,1377386116,22.42
721,1377386121,22.41
721,1377386126,22.41
721,1377386131,22.42
721,1377386136,22.42
721,1377386141,22.42
721,1377386146,22.43
721,1377386151,22.43
721,1377386156,22.42
721,1377386161,22.42
721,1377386166,22.41
721,1377386171,22.41
721,1377386176,22.42
721,1377386181,22.42
721,1377386186,22.42
721,1377386191,22.42
721,1377386196,22.41
721,1377386201,22.42
721,1377386206,22.43
721,1377386211,22.43
721,1377386216,22.42
721,1377386221,22.43
721,1377386226,22.42
721,1377386231,22.42
721,1377386236,22.42
721,1377386241,22.42
721,1377386246,22.42
721,1377386251,22.43
721,1377386256,22.42
721,1377386261,22.43
721,1377386266,22.42
721,1377386271,22.42
721,1377386276,22.42
721,1377386281,22.42
721,1377386286,22.42
721,1377386291,22.42
721,1377386296,22.42
721,1377386301,22.42
721,1377386306,22.44
721,1377386311,22.42
721,1377386316,22.44
721,1377386321,22.43
721,1377386326,22.42
721,1377386331,22.42
721,1377386336,22.42
721,1377386341,22.42
721,1377386346,22.42
721,1377386351,22.42
721,1377386356,22.41
721,1377386361,22.41
721,1377386366,22.42
721,1377386371,22.42
721,1377386376,22.42
721,1377386381,22.42
721,1377386386,22.42
721,1377386391,22.42
721,1377386396,22.42
721,1377386401,22.43
721,1377386406,22.42
721,1377386411,22.42
721,1377386416,22.42
721,1377386421,22.43
721,1377386426,22.43
721,1377386431,22.42
721,1377386436,22.42
721,1377386441,22.42
721,1377386446,22.43
721,1377386451,22.43
721,1377386456,22.42
721,1377386461,22.43
721,1377386466,22.42
721,1377386471,22.42
721,1377386476,22.42
721,1377386481,22.42
721,1377386486,22.43
721,1377386491,22.42
721,1377386496,22.42
721,1377386501,22.42
721,1377386506,22.43
721,1377386511,22.43
721,1377386516,22.42
721,1377386521,22.42
721,1377386526,22.43
721,1377386531,22.43
721,1377386536,22.43
721,1377386541,22.42
721,1377386546,22.42
721,1377386551,22.43
721,1377386556,22.42
721,1377386561,22.42
721,1377386566,22.41
721,1377386571,22.42
721,1377386576,22.43
721,1377386581,22.42
721,1377386586,22.42
721,1377386591,22.42
721,1377386596,22.43
721,1377386601,22.43
721,1377386606,22.42
721,1377386611,22.42
721,1377386616,22.42
721,1377386621,22.42
721,1377386626,22.42
721,1377386631,22.43
721,1377386636,22.42
721,1377386641,22.44
721,1377386646,22.43
721,1377386651,22.43
721,1377386656,22.42
721,1377386661,22.42
721,1377386666,22.44
721,1377386671,22.43
721,1377386676,22.42
721,1377386681,22.43
721,1377386686,22.43
721,1377386691,22.42
721,1377386696,22.42
721,1377386701,22.43
721,1377386706,22.42
721,1377386711,22.42
721,1377386716,22.42
721,1377386721,22.43
721,1377386726,22.43
721,1377386731,22.43
721,1377386736,22.42
721,1377386741,22.44
721,1377386746,22.43
721,1377386751,22.43
721,1377386756,22.43
721,1377386761,22.43
721,1377386766,22.42
721,1377386771,22.43
721,1377386776,22.42
721,1377386781,22.42
721,1377386786,22.43
721,1377386791,22.44
721,1377386796,22.43
721,1377386801,22.44
721,1377386806,22.43
721,1377386811,22.42
721,1377386816,22.42
721,1377386821,22.43
721,1377386826,22.44
721,1377386831,22.44
721,1377386836,22.44
721,1377386841,22.43
721,1377386846,22.43
721,1377386851,22.43
721,1377386856,22.43
721,1377386861,22.44
721,1377386866,22.42
721,1377386871,22.43
721,1377386876,22.43
721,1377386881,22.43
721,1377386886,22.42
721,1377386891,22.44
721,1377386896,22.43
721,1377386901,22.42
721,1377386906,22.43
721,1377386911,22.44
721,1377386916,22.43
721,1377386921,22.44
721,1377386926,22.42
721,1377386931,22.44
721,1377386936,22.43
721,1377386941,22.44
721,1377386946,22.44
721,1377386951,22.44
721,1377386956,22.43
721,1377386961,22.44
721,1377386966,22.43
721,1377386971,22.43
721,1377386976,22.44
721,1377386981,22.42
721,1377386986,22.43
721,1377386991,22.43
721,1377386996,22.44
721,1377387001,22.42
721,1377387006,22.42
721,1377387011,22.43
721,1377387016,22.44
721,1377387021,22.43
721,1377387026,22.44
721,1377387031,22.44
721,1377387036,22.44
721,1377387041,22.43
721,1377387046,22.42
721,1377387051,22.44
721,1377387056,22.43
721,1377387061,22.43
721,1377387066,22.44
721,1377387071,22.43
721,1377387076,22.44
721,1377387081,22.43
721,1377387086,22.43
721,1377387091,22.43
721,1377387096,22.43
721,1377387101,22.44
721,1377387106,22.44
721,1377387111,22.43
721,1377387116,22.44
721,1377387121,22.44
721,1377387126,22.44
721,1377387131,22.44
721,1377387136,22.43
721,1377387141,22.42
721,1377387146,22.43
721,1377387151,22.42
721,1377387156,22.44
721,1377387161,22.44
721,1377387166,22.43
721,1377387171,22.43
721,1377387176,22.44
721,1377387181,22.43
721,1377387186,22.44
721,1377387191,22.44
721,1377387196,22.44
721,1377387201,22.43
721,1377387206,22.44
721,1377387211,22.44
721,1377387216,22.42
721,1377387221,22.43
721,1377387226,22.44
721,1377387231,22.42
721,1377387236,22.43
721,1377387241,22.43
721,1377387246,22.42
721,1377387251,22.44
721,1377387256,22.44
721,1377387261,22.44
721,1377387266,22.44
721,1377387271,22.44
721,1377387276,22.44
721,1377387281,22.44
721,1377387286,22.44
721,1377387291,22.44
721,1377387296,22.44
721,1377387301,22.44
721,1377387306,22.45
721,1377387311,22.44
721,1377387316,22.45
721,1377387321,22.44
721,1377387326,22.44
721,1377387331,22.44
721,1377387336,22.44
721,1377387341,22.44
721,1377387346,22.45
721,1377387351,22.44
721,1377387356,22.44
721,1377387361,22.44
721,1377387366,22.44
721,1377387371,22.44
721,1377387376,22.44
721,1377387381,22.44
721,1377387386,22.44
721,1377387391,22.44
721,1377387396,22.44
721,1377387401,22.44
721,1377387406,22.44
721,1377387411,22.44
721,1377387416,22.44
721,1377387421,22.43
721,1377387426,22.44
721,1377387431,22.44
721,1377387436,22.44
721,1377387441,22.44
721,1377387446,22.43
721,1377387451,22.43
721,1377387456,22.44
721,1377387461,22.43
721,1377387466,22.43
721,1377387471,22.44
721,1377387476,22.44
721,1377387481,22.44
721,1377387486,22.44
721,1377387491,22.44
721,1377387496,22.43
721,1377387501,22.44
721,1377387506,22.44
721,1377387511,22.44
721,1377387516,22.44
721,1377387521,22.44
721,1377387526,22.44
721,1377387531,22.44
721,1377387536,22.43
721,1377387541,22.44
721,1377387546,22.43
721,1377387551,22.43
721,1377387556,22.44
721,1377387561,22.44
721,1377387566,22.43
721,1377387571,22.44
721,1377387576,22.44
721,1377387581,22.44
721,1377387586,22.44
721,1377387591,22.44
721,1377387596,22.44
721,1377387601,22.44
721,1377387606,22.43
721,1377387611,22.44
721,1377387616,22.44
721,1377387621,22.44
721,1377387626,22.44
721,1377387631,22.44
721,1377387636,22.44
721,1377387641,22.43
721,1377387646,22.43
721,1377387651,22.43
721,1377387656,22.44
721,1377387661,22.44
721,1377387666,22.44
721,1377387671,22.44
721,1377387676,22.44
721,1377387681,22.44
721,1377387686,22.44
721,1377387691,22.44
721,1377387696,22.44
721,1377387701,22.43
721,1377387706,22.43
721,1377387711,22.44
721,1377387716,22.43
721,1377387721,22.44
721,1377387726,22.44
721,1377387731,22.43
721,1377387736,22.44
721,1377387741,22.44
721,1377387746,22.44
721,1377387751,22.44
721,1377387756,22.44
721,1377387761,22.44
721,1377387766,22.45
721,1377387771,22.44
721,1377387776,22.43
721,1377387781,22.43
721,1377387786,22.43
721,1377387791,22.43
721,1377387796,22.44
721,1377387801,22.44
721,1377387806,22.43
721,1377387811,22.42
721,1377387816,22.44
721,1377387821,22.43
721,1377387826,22.43
721,1377387831,22.44
721,1377387836,22.44
721,1377387841,22.43
721,1377387846,22.43
721,1377387851,22.43
721,1377387856,22.42
721,1377387861,22.43
721,1377387866,22.44
721,1377387871,22.43
721,1377387876,22.44
721,1377387881,22.43
721,1377387886,22.44
721,1377387891,22.43
721,1377387896,22.44
721,1377387901,22.43
721,1377387906,22.43
721,1377387911,22.44
721,1377387916,22.43
721,1377387921,22.44
721,1377387926,22.44
721,1377387931,22.44
721,1377387936,22.44
721,1377387941,22.44
721,1377387946,22.43
721,1377387951,22.44
721,1377387956,22.44
721,1377387961,22.44
721,1377387966,22.44
721,1377387971,22.44
721,1377387976,22.44
721,1377387981,22.44
721,1377387986,22.43
721,1377387991,22.44
721,1377387996,22.44
721,1377388001,22.43
721,1377388006,22.44
721,1377388011,22.43
721,1377388016,22.44
721,1377388021,22.44
721,1377388026,22.44
721,1377388031,22.44
721,1377388036,22.43
721,1377388041,22.43
721,1377388046,22.43
721,1377388051,22.44
721,1377388056,22.44
721,1377388061,22.43
721,1377388066,22.44
721,1377388071,22.43
721,1377388076,22.45
721,1377388081,22.44
721,1377388086,22.44
721,1377388091,22.44
721,1377388096,22.42
721,1377388101,22.44
721,1377388106,22.44
721,1377388111,22.43
721,1377388116,22.44
721,1377388121,22.44
721,1377388126,22.45
721,1377388131,22.44
721,1377388136,22.43
721,1377388141,22.44
721,1377388146,22.44
721,1377388151,22.43
721,1377388156,22.42
721,1377388161,22.44
721,1377388166,22.44
721,1377388171,22.46
721,1377388176,22.44
721,1377388181,22.44
721,1377388186,22.43
721,1377388191,22.42
721,1377388196,22.43
721,1377388201,22.43
721,1377388206,22.43
721,1377388211,22.44
721,1377388216,22.44
721,1377388221,22.44
721,1377388226,22.44
721,1377388231,22.43
721,1377388236,22.44
721,1377388241,22.43
721,1377388246,22.45
721,1377388251,22.43
721,1377388256,22.44
721,1377388261,22.44
721,1377388266,22.44
721,1377388271,22.44
721,1377388276,22.43
721,1377388281,22.44
721,1377388286,22.44
721,1377388291,22.44
721,1377388296,22.43
721,1377388301,22.44
721,1377388306,22.44
721,1377388311,22.43
721,1377388316,22.44
721,1377388321,22.44
721,1377388326,22.44
721,1377388331,22.44
721,1377388336,22.44
721,1377388341,22.43
721,1377388346,22.44
721,1377388351,22.44
721,1377388356,22.44
721,1377388361,22.44
721,1377388366,22.43
721,1377388371,22.44
721,1377388376,22.44
721,1377388381,22.44
721,1377388386,22.44
721,1377388391,22.45
721,1377388396,22.44
721,1377388401,22.44
721,1377388406,22.44
721,1377388411,22.44
721,1377388416,22.44
721,1377388421,22.43
721,1377388426,22.44
721,1377388431,22.45
721,1377388436,22.44
721,1377388441,22.45
721,1377388446,22.44
721,1377388451,22.44
721,1377388456,22.44
721,1377388461,22.44
721,1377388466,22.42
721,1377388471,22.44
721,1377388476,22.44
721,1377388481,22.44
721,1377388486,22.43
721,1377388491,22.44
721,1377388496,22.44
721,1377388501,22.44
721,1377388506,22.44
721,1377388511,22.45
721,1377388516,22.45
721,1377388521,22.43
721,1377388526,22.44
721,1377388531,22.42
721,1377388536,22.44
721,1377388541,22.44
721,1377388546,22.44
721,1377388551,22.44
721,1377388556,22.44
721,1377388561,22.44
721,1377388566,22.44
721,1377388571,22.44
721,1377388576,22.44
721,1377388581,22.44
721,1377388586,22.45
721,1377388591,22.44
721,1377388596,22.44
721,1377388601,22.44
721,1377388606,22.45
721,1377388611,22.44
721,1377388616,22.43
721,1377388621,22.43
721,1377388626,22.45
721,1377388631,22.44
721,1377388636,22.44
721,1377388641,22.45
721,1377388646,22.44
721,1377388651,22.44
721,1377388656,22.44
721,1377388661,22.44
721,1377388666,22.46
721,1377388671,22.44
721,1377388676,22.44
721,1377388681,22.44
721,1377388686,22.45
721,1377388691,22.44
721,1377388696,22.44
721,1377388701,22.45
721,1377388706,22.44
721,1377388711,22.44
721,1377388716,22.43
721,1377388721,22.44
721,1377388726,22.45
721,1377388731,22.44
721,1377388736,22.44
721,1377388741,22.44
721,1377388746,22.44
721,1377388751,22.44
721,1377388756,22.45
721,1377388761,22.44
721,1377388766,22.44
721,1377388771,22.44
721,1377388776,22.44
721,1377388781,22.44
721,1377388786,22.45
721,1377388791,22.44
721,1377388796,22.45
721,1377388801,22.45
721,1377388806,22.44
721,1377388811,22.44
721,1377388816,22.44
721,1377388821,22.44
721,1377388826,22.44
721,1377388831,22.44
721,1377388836,22.44
721,1377388841,22.45
721,1377388846,22.44
721,1377388851,22.44
721,1377388856,22.44
721,1377388861,22.44
721,1377388866,22.45
721,1377388871,22.44
721,1377388876,22.44
721,1377388881,22.44
721,1377388886,22.46
721,1377388891,22.44
721,1377388896,22.45
721,1377388901,22.45
721,1377388906,22.46
721,1377388911,22.46
721,1377388916,22.46
721,1377388921,22.46
721,1377388926,22.45
721,1377388931,22.45
721,1377388936,22.45
721,1377388941,22.45
721,1377388946,22.45
721,1377388951,22.45
721,1377388956,22.45
721,1377388961,22.44
721,1377388966,22.44
721,1377388971,22.45
721,1377388976,22.45
721,1377388981,22.46
721,1377388986,22.44
721,1377388991,22.45
721,1377388996,22.46
721,1377389001,22.46
721,1377389006,22.46
721,1377389011,22.45
721,1377389016,22.45
721,1377389021,22.44
721,1377389026,22.45
721,1377389031,22.44
721,1377389036,22.45
721,1377389041,22.45
721,1377389046,22.45
721,1377389051,22.45
721,1377389056,22.46
721,1377389061,22.45
721,1377389066,22.46
721,1377389071,22.45
721,1377389076,22.46
721,1377389081,22.46
721,1377389086,22.45
721,1377389091,22.45
721,1377389096,22.45
721,1377389101,22.46
721,1377389106,22.46
721,1377389111,22.46
721,1377389116,22.46
721,1377389121,22.46
721,1377389126,22.45
721,1377389131,22.44
721,1377389136,22.45
721,1377389141,22.46
721,1377389146,22.45
721,1377389151,22.44
721,1377389156,22.46
721,1377389161,22.45
721,1377389166,22.46
721,1377389171,22.46
721,1377389176,22.45
721,1377389181,22.46
721,1377389186,22.45
721,1377389191,22.45
721,1377389196,22.46
721,1377389201,22.46
721,1377389206,22.44
721,1377389211,22.45
721,1377389216,22.45
721,1377389221,22.46
721,1377389226,22.45
721,1377389231,22.45
721,1377389236,22.46
721,1377389241,22.45
721,1377389246,22.46
721,1377389251,22.45
721,1377389256,22.45
721,1377389261,22.44
721,1377389266,22.45
721,1377389271,22.45
721,1377389276,22.45
721,1377389281,22.45
721,1377389286,22.46
721,1377389291,22.46
721,1377389296,22.46
721,1377389301,22.45
721,1377389306,22.44
721,1377389311,22.46
721,1377389316,22.45
721,1377389321,22.45
721,1377389326,22.45
721,1377389331,22.45
721,1377389336,22.45
721,1377389341,22.45
721,1377389346,22.46
721,1377389351,22.47
721,1377389356,22.45
721,1377389361,22.45
721,1377389366,22.44
721,1377389371,22.45
721,1377389376,22.46
721,1377389381,22.46
721,1377389386,22.46
721,1377389391,22.46
721,1377389396,22.46
721,1377389401,22.46
721,1377389406,22.46
721,1377389411,22.45
721,1377389416,22.44
721,1377389421,22.45
721,1377389426,22.46
721,1377389431,22.46
721,1377389436,22.46
721,1377389441,22.45
721,1377389446,22.45
721,1377389451,22.45
721,1377389456,22.46
721,1377389461,22.45
721,1377389466,22.45
721,1377389471,22.44
721,1377389476,22.44
721,1377389481,22.45
721,1377389486,22.45
721,1377389491,22.46
721,1377389496,22.45
721,1377389501,22.46
721,1377389506,22.46
721,1377389511,22.44
721,1377389516,22.44
721,1377389521,22.45
721,1377389526,22.46
721,1377389531,22.46
721,1377389536,22.46
721,1377389541,22.46
721,1377389546,22.46
721,1377389551,22.46
721,1377389556,22.45
721,1377389561,22.47
721,1377389566,22.45
721,1377389571,22.46
721,1377389576,22.46
721,1377389581,22.45
721,1377389586,22.46
721,1377389591,22.45
721,1377389596,22.46
721,1377389601,22.46
721,1377389606,22.46
721,1377389611,22.46
721,1377389616,22.46
721,1377389621,22.45
721,1377389626,22.46
721,1377389631,22.46
721,1377389636,22.45
721,1377389641,22.46
721,1377389646,22.45
721,1377389651,22.46
721,1377389656,22.46
721,1377389661,22.45
721,1377389666,22.45
721,1377389671,22.45
721,1377389676,22.45
721,1377389681,22.46
721,1377389686,22.46
721,1377389691,22.46
721,1377389696,22.46
721,1377389701,22.46
721,1377389706,22.45
721,1377389711,22.45
721,1377389716,22.44
721,1377389721,22.46
721,1377389726,22.46
721,1377389731,22.46
721,1377389736,22.46
721,1377389741,22.46
721,1377389746,22.46
721,1377389751,22.45
721,1377389756,22.46
721,1377389761,22.46
721,1377389766,22.46
721,1377389771,22.46
721,1377389776,22.46
721,1377389781,22.45
721,1377389786,22.46
721,1377389791,22.45
721,1377389796,22.45
721,1377389801,22.46
721,1377389806,22.46
721,1377389811,22.46
721,1377389816,22.46
721,1377389821,22.47
721,1377389826,22.46
721,1377389831,22.46
721,1377389836,22.45
721,1377389841,22.46
721,1377389846,22.46
721,1377389851,22.46
721,1377389856,22.46
721,1377389861,22.46
721,1377389866,22.46
721,1377389871,22.45
721,1377389876,22.46
721,1377389881,22.46
721,1377389886,22.45
721,1377389891,22.46
721,1377389896,22.46
721,1377389901,22.46
721,1377389906,22.46
721,1377389911,22.46
721,1377389916,22.45
721,1377389921,22.46
721,1377389926,22.46
721,1377389931,22.46
721,1377389936,22.46
721,1377389941,22.45
721,1377389946,22.46
721,1377389951,22.45
721,1377389956,22.46
721,1377389961,22.46
721,1377389966,22.46
721,1377389971,22.45
721,1377389976,22.46
721,1377389981,22.46
721,1377389986,22.45
721,1377389991,22.46
721,1377389996,22.44
721,1377390001,22.45
721,1377390006,22.46
721,1377390011,22.46
721,1377390016,22.45
721,1377390021,22.46
721,1377390026,22.46
721,1377390031,22.46
721,1377390036,22.46
721,1377390041,22.46
721,1377390046,22.45
721,1377390051,22.45
721,1377390056,22.46
721,1377390061,22.45
721,1377390066,22.46
721,1377390071,22.46
721,1377390076,22.46
721,1377390081,22.45
721,1377390086,22.45
721,1377390091,22.46
721,1377390096,22.44
721,1377390101,22.45
721,1377390106,22.46
721,1377390111,22.46
721,1377390116,22.46
721,1377390121,22.46
721,1377390126,22.46
721,1377390131,22.46
721,1377390136,22.45
721,1377390141,22.45
721,1377390146,22.45
721,1377390151,22.46
721,1377390156,22.46
721,1377390161,22.46
721,1377390166,22.46
721,1377390171,22.46
721,1377390176,22.46
721,1377390181,22.46
721,1377390186,22.45
721,1377390191,22.46
721,1377390196,22.46
721,1377390201,22.46
721,1377390206,22.46
721,1377390211,22.46
721,1377390216,22.47
721,1377390221,22.46
721,1377390226,22.45
721,1377390231,22.46
721,1377390236,22.46
721,1377390241,22.45
721,1377390246,22.46
721,1377390251,22.46
721,1377390256,22.45
721,1377390261,22.46
721,1377390266,22.46
721,1377390271,22.45
721,1377390276,22.46
721,1377390281,22.45
721,1377390286,22.46
721,1377390291,22.46
721,1377390296,22.45
721,1377390301,22.45
721,1377390306,22.46
721,1377390311,22.46
721,1377390316,22.45
721,1377390321,22.46
721,1377390326,22.46
721,1377390331,22.44
721,1377390336,22.46
721,1377390341,22.46
721,1377390346,22.45
721,1377390351,22.45
721,1377390356,22.47
721,1377390361,22.46
721,1377390366,22.46
721,1377390371,22.46
721,1377390376,22.46
721,1377390381,22.46
721,1377390386,22.44
721,1377390391,22.46
721,1377390396,22.46
721,1377390401,22.47
721,1377390406,22.46
721,1377390411,22.46
721,1377390416,22.46
721,1377390421,22.46
721,1377390426,22.46
721,1377390431,22.46
721,1377390436,22.45
721,1377390441,22.46
721,1377390446,22.46
721,1377390451,22.46
721,1377390456,22.46
721,1377390461,22.46
721,1377390466,22.46
721,1377390471,22.46
721,1377390476,22.44
721,1377390481,22.46
721,1377390486,22.45
721,1377390491,22.45
721,1377390496,22.45
721,1377390501,22.45
721,1377390506,22.45
721,1377390511,22.47
721,1377390516,22.46
721,1377390521,22.45
721,1377390526,22.45
721,1377390531,22.45
721,1377390536,22.46
721,1377390541,22.45
721,1377390546,22.46
721,1377390551,22.46
721,1377390556,22.46
721,1377390561,22.45
721,1377390566,22.45
721,1377390571,22.46
721,1377390576,22.46
721,1377390581,22.46
721,1377390586,22.46
721,1377390591,22.46
721,1377390596,22.45
721,1377390601,22.46
721,1377390606,22.46
721,1377390611,22.46
721,1377390616,22.45
721,1377390621,22.45
721,1377390626,22.46
721,1377390631,22.46
721,1377390636,22.46
721,1377390641,22.44
721,1377390646,22.45
721,1377390651,22.46
721,1377390656,22.46
721,1377390661,22.46
721,1377390666,22.46
721,1377390671,22.45
721,1377390676,22.44
721,1377390681,22.46
721,1377390686,22.45
721,1377390691,22.44
721,1377390696,22.45
721,1377390701,22.45
721,1377390706,22.45
721,1377390711,22.46
721,1377390716,22.45
721,1377390721,22.46
721,1377390726,22.45
721,1377390731,22.46
721,1377390736,22.46
721,1377390741,22.45
721,1377390746,22.45
721,1377390751,22.46
721,1377390756,22.46
721,1377390761,22.46
721,1377390766,22.45
721,1377390771,22.46
721,1377390776,22.45
721,1377390781,22.46
721,1377390786,22.46
721,1377390791,22.46
721,1377390796,22.46
721,1377390801,22.46
721,1377390806,22.44
721,1377390811,22.46
721,1377390816,22.45
721,1377390821,22.45
721,1377390826,22.46
721,1377390831,22.45
721,1377390836,22.46
721,1377390841,22.44
721,1377390846,22.46
721,1377390851,22.46
721,1377390856,22.46
721,1377390861,22.45
721,1377390866,22.45
721,1377390871,22.45
721,1377390876,22.46
721,1377390881,22.44
721,1377390886,22.46
721,1377390891,22.46
721,1377390896,22.45
721,1377390901,22.45
721,1377390906,22.45
721,1377390911,22.46
721,1377390916,22.46
721,1377390921,22.46
721,1377390926,22.45
721,1377390931,22.45
721,1377390936,22.45
721,1377390941,22.46
721,1377390946,22.45
721,1377390951,22.46
721,1377390956,22.46
721,1377390961,22.46
721,1377390966,22.45
721,1377390971,22.46
721,1377390976,22.44
721,1377390981,22.45
721,1377390986,22.45
721,1377390991,22.46
721,1377390996,22.46
721,1377391001,22.45
721,1377391006,22.46
721,1377391011,22.45
721,1377391016,22.45
721,1377391021,22.45
721,1377391026,22.46
721,1377391031,22.45
721,1377391036,22.46
721,1377391041,22.46
721,1377391046,22.45
721,1377391051,22.46
721,1377391056,22.45
721,1377391061,22.45
721,1377391066,22.46
721,1377391071,22.44
721,1377391076,22.45
721,1377391081,22.46
721,1377391086,22.45
721,1377391091,22.45
721,1377391096,22.46
721,1377391101,22.45
721,1377391106,22.46
721,1377391111,22.45
721,1377391116,22.45
721,1377391121,22.46
721,1377391126,22.46
721,1377391131,22.46
721,1377391136,22.46
721,1377391141,22.46
721,1377391146,22.45
721,1377391151,22.46
721,1377391156,22.46
721,1377391161,22.44
721,1377391166,22.46
721,1377391171,22.46
721,1377391176,22.46
721,1377391181,22.45
721,1377391186,22.46
721,1377391191,22.45
721,1377391196,22.47
721,1377391201,22.46
721,1377391206,22.46
721,1377391211,22.46
721,1377391216,22.45
721,1377391221,22.46
721,1377391226,22.47
721,1377391231,22.46
721,1377391236,22.46
721,1377391241,22.46
721,1377391246,22.46
721,1377391252,22.46
721,1377391256,22.46
721,1377391261,22.46
721,1377391266,22.45
721,1377391271,22.46
721,1377391276,22.46
721,1377391281,22.46
721,1377391286,22.46
721,1377391291,22.46
721,1377391296,22.47
721,1377391301,22.46
721,1377391306,22.46
721,1377391311,22.46
721,1377391316,22.46
721,1377391321,22.46
721,1377391326,22.46
721,1377391331,22.46
721,1377391336,22.46
721,1377391341,22.46
721,1377391346,22.46
721,1377391351,22.46
721,1377391356,22.46
721,1377391361,22.46
721,1377391366,22.47
721,1377391371,22.46
721,1377391376,22.47
721,1377391381,22.46
721,1377391386,22.46
721,1377391391,22.46
721,1377391396,22.47
721,1377391401,22.47
721,1377391406,22.47
721,1377391411,22.48
721,1377391416,22.47
721,1377391421,22.48
721,1377391426,22.48
721,1377391431,22.48
721,1377391436,22.48
721,1377391441,22.48
721,1377391446,22.47
721,1377391451,22.47
721,1377391456,22.47
721,1377391461,22.48
721,1377391466,22.48
721,1377391471,22.48
721,1377391476,22.48
721,1377391481,22.47
721,1377391486,22.47
721,1377391491,22.47
721,1377391496,22.47
721,1377391501,22.47
721,1377391506,22.48
721,1377391511,22.48
721,1377391516,22.48
721,1377391521,22.48
721,1377391526,22.47
721,1377391531,22.47
721,1377391536,22.47
721,1377391541,22.48
721,1377391546,22.48
721,1377391551,22.47
721,1377391556,22.46
721,1377391561,22.48
721,1377391566,22.49
721,1377391571,22.47
721,1377391576,22.48
721,1377391581,22.47
721,1377391586,22.48
721,1377391591,22.48
721,1377391596,22.48
721,1377391601,22.48
721,1377391606,22.48
721,1377391611,22.49
721,1377391616,22.47
721,1377391621,22.48
721,1377391626,22.48
721,1377391631,22.48
721,1377391636,22.48
721,1377391641,22.48
721,1377391646,22.48
721,1377391651,22.48
721,1377391656,22.48
721,1377391661,22.48
721,1377391666,22.49
721,1377391671,22.48
721,1377391676,22.48
721,1377391681,22.48
721,1377391686,22.48
721,1377391691,22.49
721,1377391696,22.49
721,1377391701,22.48
721,1377391706,22.49
721,1377391711,22.48
721,1377391716,22.48
721,1377391721,22.48
721,1377391726,22.47
721,1377391731,22.48
721,1377391736,22.5
721,1377391741,22.49
721,1377391746,22.48
721,1377391751,22.48
721,1377391756,22.48
721,1377391761,22.48
721,1377391766,22.48
721,1377391771,22.49
721,1377391776,22.48
721,1377391781,22.48
721,1377391786,22.48
721,1377391791,22.49
721,1377391796,22.49
721,1377391801,22.48
721,1377391806,22.48
721,1377391811,22.48
721,1377391816,22.49
721,1377391821,22.48
721,1377391826,22.48
721,1377391831,22.49
721,1377391836,22.49
721,1377391841,22.48
721,1377391846,22.48
721,1377391851,22.49
721,1377391856,22.48
721,1377391861,22.49
721,1377391866,22.49
721,1377391871,22.48
721,1377391876,22.49
721,1377391881,22.5
721,1377391886,22.49
721,1377391891,22.5
721,1377391896,22.48
721,1377391901,22.48
721,1377391906,22.5
721,1377391911,22.49
721,1377391916,22.49
721,1377391921,22.49
721,1377391926,22.49
721,1377391931,22.49
721,1377391936,22.5
721,1377391941,22.5
721,1377391946,22.48
721,1377391951,22.5
721,1377391956,22.49
721,1377391961,22.49
721,1377391966,22.5
721,1377391971,22.49
721,1377391976,22.5
721,1377391981,22.5
721,1377391986,22.49
721,1377391991,22.5
721,1377391996,22.5
721,1377392001,22.5
721,1377392006,22.5
721,1377392011,22.5
721,1377392016,22.49
721,1377392021,22.5
721,1377392026,22.5
721,1377392031,22.51
721,1377392036,22.51
721,1377392041,22.5
721,1377392046,22.49
721,1377392051,22.5
721,1377392056,22.5
721,1377392061,22.5
721,1377392066,22.5
721,1377392071,22.51
721,1377392076,22.51
721,1377392081,22.51
721,1377392086,22.5
721,1377392091,22.5
721,1377392096,22.5
721,1377392101,22.51
721,1377392106,22.51
721,1377392111,22.51
721,1377392116,22.51
721,1377392121,22.52
721,1377392126,22.51
721,1377392131,22.5
721,1377392136,22.49
721,1377392141,22.51
721,1377392146,22.51
721,1377392151,22.51
721,1377392156,22.51
721,1377392161,22.51
721,1377392166,22.52
721,1377392171,22.51
721,1377392176,22.5
721,1377392181,22.51
721,1377392186,22.51
721,1377392191,22.51
721,1377392196,22.51
721,1377392201,22.51
721,1377392206,22.51
721,1377392211,22.52
721,1377392216,22.5
721,1377392221,22.52
721,1377392226,22.51
721,1377392231,22.5
721,1377392236,22.51
721,1377392241,22.51
721,1377392246,22.52
721,1377392251,22.52
721,1377392256,22.52
721,1377392261,22.51
721,1377392266,22.52
721,1377392271,22.52
721,1377392276,22.5
721,1377392281,22.52
721,1377392286,22.52
721,1377392291,22.52
721,1377392296,22.51
721,1377392301,22.52
721,1377392306,22.52
721,1377392311,22.51
721,1377392316,22.51
721,1377392321,22.52
721,1377392326,22.51
721,1377392331,22.51
721,1377392336,22.52
721,1377392341,22.53
721,1377392346,22.52
721,1377392351,22.52
721,1377392356,22.52
721,1377392361,22.52
721,1377392366,22.52
721,1377392371,22.51
721,1377392376,22.52
721,1377392381,22.53
721,1377392386,22.52
721,1377392391,22.54
721,1377392396,22.52
721,1377392401,22.52
721,1377392406,22.52
721,1377392411,22.52
721,1377392416,22.52
721,1377392421,22.52
721,1377392426,22.52
721,1377392431,22.52
721,1377392436,22.52
721,1377392441,22.52
721,1377392446,22.52
721,1377392451,22.52
721,1377392456,22.52
721,1377392461,22.53
721,1377392466,22.53
721,1377392471,22.53
721,1377392476,22.53
721,1377392481,22.53
721,1377392486,22.54
721,1377392491,22.52
721,1377392496,22.53
721,1377392501,22.53
721,1377392506,22.52
721,1377392511,22.54
721,1377392516,22.54
721,1377392521,22.54
721,1377392526,22.54
721,1377392531,22.52
721,1377392536,22.53
721,1377392541,22.54
721,1377392546,22.54
721,1377392551,22.53
721,1377392556,22.54
721,1377392561,22.54
721,1377392566,22.54
721,1377392571,22.54
721,1377392576,22.54
721,1377392581,22.53
721,1377392586,22.53
721,1377392591,22.54
721,1377392596,22.53
721,1377392601,22.53
721,1377392606,22.54
721,1377392611,22.53
721,1377392616,22.55
721,1377392621,22.54
721,1377392626,22.54
721,1377392631,22.54
721,1377392636,22.54
721,1377392641,22.55
721,1377392646,22.55
721,1377392651,22.54
721,1377392656,22.55
721,1377392661,22.56
721,1377392666,22.55
721,1377392671,22.54
721,1377392676,22.54
721,1377392681,22.55
721,1377392686,22.54
721,1377392691,22.55
721,1377392696,22.55
721,1377392701,22.54
721,1377392706,22.54
721,1377392711,22.54
721,1377392716,22.54
721,1377392721,22.55
721,1377392726,22.55
721,1377392731,22.55
721,1377392736,22.55
721,1377392741,22.56
721,1377392746,22.55
721,1377392751,22.56
721,1377392756,22.55
721,1377392761,22.55
721,1377392766,22.56
721,1377392771,22.55
721,1377392776,22.56
721,1377392781,22.55
721,1377392786,22.54
721,1377392791,22.56
721,1377392796,22.56
721,1377392801,22.56
721,1377392806,22.55
721,1377392811,22.56
721,1377392816,22.56
721,1377392821,22.55
721,1377392826,22.54
721,1377392831,22.56
721,1377392836,22.56
721,1377392841,22.56
721,1377392846,22.55
721,1377392851,22.55
721,1377392856,22.57
721,1377392861,22.55
721,1377392866,22.56
721,1377392871,22.55
721,1377392876,22.56
721,1377392881,22.56
721,1377392886,22.56
721,1377392891,22.56
721,1377392896,22.57
721,1377392901,22.57
721,1377392906,22.55
721,1377392911,22.56
721,1377392916,22.56
721,1377392921,22.56
721,1377392926,22.57
721,1377392931,22.56
721,1377392936,22.56
721,1377392941,22.56
721,1377392946,22.56
721,1377392951,22.56
721,1377392956,22.56
721,1377392961,22.57
721,1377392966,22.57
721,1377392971,22.57
721,1377392978,22.57
721,1377392981,22.56
721,1377392986,22.56
721,1377392991,22.56
721,1377392996,22.57
721,1377393001,22.56
721,1377393006,22.57
721,1377393011,22.56
721,1377393016,22.56
721,1377393021,22.57
721,1377393026,22.57
721,1377393031,22.57
721,1377393036,22.58
721,1377393041,22.57
721,1377393046,22.57
721,1377393051,22.58
721,1377393056,22.56
721,1377393061,22.57
721,1377393066,22.58
721,1377393071,22.57
721,1377393076,22.57
721,1377393081,22.56
721,1377393086,22.58
721,1377393091,22.57
721,1377393096,22.57
721,1377393101,22.58
721,1377393106,22.58
721,1377393111,22.57
721,1377393116,22.58
721,1377393121,22.59
721,1377393126,22.58
721,1377393131,22.58
721,1377393136,22.58
721,1377393141,22.58
721,1377393146,22.59
721,1377393151,22.58
721,1377393156,22.58
721,1377393161,22.58
721,1377393166,22.58
721,1377393171,22.58
721,1377393176,22.58
721,1377393181,22.57
721,1377393186,22.58
721,1377393191,22.58
721,1377393196,22.58
721,1377393201,22.59
721,1377393206,22.58
721,1377393211,22.59
721,1377393216,22.6
721,1377393221,22.58
721,1377393226,22.59
721,1377393231,22.58
721,1377393236,22.58
721,1377393241,22.58
721,1377393246,22.58
721,1377393251,22.58
721,1377393256,22.59
721,1377393261,22.58
721,1377393266,22.59
721,1377393271,22.58
721,1377393276,22.59
721,1377393281,22.59
721,1377393286,22.59
721,1377393291,22.59
721,1377393296,22.6
721,1377393301,22.58
721,1377393306,22.59
721,1377393311,22.59
721,1377393316,22.59
721,1377393321,22.6
721,1377393326,22.58
721,1377393331,22.59
721,1377393336,22.59
721,1377393341,22.59
721,1377393346,22.59
721,1377393351,22.6
721,1377393356,22.59
721,1377393361,22.6
721,1377393366,22.6
721,1377393371,22.6
721,1377393376,22.59
721,1377393381,22.58
721,1377393386,22.59
721,1377393391,22.59
721,1377393396,22.59
721,1377393401,22.59
721,1377393406,22.6
721,1377393411,22.59
721,1377393416,22.59
721,1377393421,22.59
721,1377393426,22.59
721,1377393431,22.59
721,1377393436,22.59
721,1377393441,22.58
721,1377393446,22.6
721,1377393451,22.59
721,1377393456,22.6
721,1377393461,22.59
721,1377393466,22.59
721,1377393471,22.6
721,1377393476,22.59
721,1377393481,22.59
721,1377393486,22.6
721,1377393491,22.58
721,1377393496,22.59
721,1377393501,22.58
721,1377393506,22.6
721,1377393511,22.59
721,1377393516,22.58
721,1377393521,22.59
721,1377393526,22.59
721,1377393531,22.59
721,1377393536,22.58
721,1377393541,22.58
721,1377393546,22.59
721,1377393551,22.59
721,1377393556,22.59
721,1377393561,22.6
721,1377393566,22.59
721,1377393571,22.59
721,1377393576,22.6
721,1377393581,22.6
721,1377393586,22.6
721,1377393591,22.58
721,1377393596,22.6
721,1377393601,22.59
721,1377393606,22.59
721,1377393611,22.6
721,1377393616,22.6
721,1377393621,22.6
721,1377393626,22.6
721,1377393631,22.6
721,1377393636,22.6
721,1377393641,22.6
721,1377393646,22.6
721,1377393651,22.6
721,1377393656,22.6
721,1377393661,22.59
721,1377393666,22.6
721,1377393671,22.6
721,1377393676,22.6
721,1377393681,22.61
721,1377393686,22.61
721,1377393691,22.61
721,1377393696,22.6
721,1377393701,22.6
721,1377393706,22.6
721,1377393711,22.6
721,1377393716,22.6
721,1377393721,22.61
721,1377393726,22.61
721,1377393731,22.61
721,1377393736,22.62
721,1377393741,22.61
721,1377393746,22.61
721,1377393751,22.6
721,1377393756,22.61
721,1377393761,22.6
721,1377393766,22.61
721,1377393771,22.61
721,1377393776,22.61
721,1377393781,22.61
721,1377393786,22.62
721,1377393791,22.62
721,1377393796,22.61
721,1377393801,22.62
721,1377393806,22.61
721,1377393811,22.61
721,1377393816,22.62
721,1377393821,22.6
721,1377393826,22.62
721,1377393831,22.62
721,1377393836,22.62
721,1377393841,22.61
721,1377393846,22.62
721,1377393851,22.62
721,1377393856,22.62
721,1377393861,22.62
721,1377393866,22.62
721,1377393871,22.62
721,1377393876,22.62
721,1377393881,22.62
721,1377393886,22.62
721,1377393891,22.62
721,1377393896,22.62
721,1377393901,22.62
721,1377393906,22.63
721,1377393911,22.62
721,1377393916,22.62
721,1377393921,22.62
721,1377393926,22.62
721,1377393931,22.63
721,1377393936,22.63
721,1377393941,22.64
721,1377393946,22.63
721,1377393951,22.63
721,1377393956,22.64
721,1377393961,22.63
721,1377393966,22.62
721,1377393971,22.63
721,1377393976,22.62
721,1377393981,22.62
721,1377393986,22.63
721,1377393991,22.63
721,1377393996,22.63
721,1377394001,22.63
721,1377394006,22.63
721,1377394011,22.63
721,1377394016,22.63
721,1377394021,22.63
721,1377394026,22.63
721,1377394031,22.63
721,1377394036,22.64
721,1377394041,22.62
721,1377394046,22.63
721,1377394051,22.63
721,1377394056,22.62
721,1377394061,22.62
721,1377394066,22.64
721,1377394071,22.64
721,1377394076,22.64
721,1377394081,22.63
721,1377394086,22.63
721,1377394091,22.64
721,1377394096,22.64
721,1377394101,22.64
721,1377394106,22.64
721,1377394111,22.63
721,1377394116,22.64
721,1377394121,22.64
721,1377394126,22.63
721,1377394131,22.63
721,1377394136,22.64
721,1377394141,22.64
721,1377394146,22.64
721,1377394151,22.64
721,1377394156,22.64
721,1377394161,22.64
721,1377394166,22.64
721,1377394171,22.64
721,1377394176,22.64
721,1377394181,22.64
721,1377394186,22.64
721,1377394191,22.64
721,1377394196,22.64
721,1377394201,22.64
721,1377394206,22.64
721,1377394211,22.64
721,1377394216,22.64
721,1377394221,22.63
721,1377394226,22.64
721,1377394231,22.64
721,1377394236,22.64
721,1377394241,22.64
721,1377394246,22.64
721,1377394251,22.63
721,1377394256,22.65
721,1377394261,22.64
721,1377394266,22.65
721,1377394271,22.64
721,1377394276,22.64
721,1377394281,22.64
721,1377394286,22.65
721,1377394291,22.64
721,1377394296,22.64
721,1377394301,22.65
721,1377394306,22.64
721,1377394311,22.64
721,1377394316,22.64
721,1377394321,22.64
721,1377394326,22.64
721,1377394331,22.64
721,1377394336,22.63
721,1377394341,22.64
721,1377394346,22.64
721,1377394351,22.64
721,1377394356,22.64
721,1377394361,22.65
721,1377394366,22.64
721,1377394371,22.65
721,1377394376,22.64
721,1377394381,22.64
721,1377394386,22.65
721,1377394391,22.65
721,1377394396,22.64
721,1377394401,22.64
721,1377394406,22.64
721,1377394411,22.64
721,1377394416,22.64
721,1377394421,22.64
721,1377394426,22.64
721,1377394431,22.65
721,1377394436,22.66
721,1377394441,22.64
721,1377394446,22.65
721,1377394451,22.64
721,1377394456,22.65
721,1377394461,22.65
721,1377394466,22.64
721,1377394471,22.65
721,1377394476,22.66
721,1377394481,22.65
721,1377394486,22.64
721,1377394491,22.65
721,1377394496,22.66
721,1377394501,22.65
721,1377394506,22.65
721,1377394511,22.65
721,1377394516,22.66
721,1377394521,22.64
721,1377394526,22.65
721,1377394531,22.65
721,1377394536,22.65
721,1377394541,22.66
721,1377394546,22.66
721,1377394551,22.66
721,1377394556,22.65
721,1377394561,22.65
721,1377394566,22.66
721,1377394571,22.66
721,1377394576,22.65
721,1377394581,22.64
721,1377394586,22.66
721,1377394591,22.66
721,1377394596,22.65
721,1377394601,22.64
721,1377394606,22.65
721,1377394611,22.66
721,1377394616,22.66
721,1377394621,22.65
721,1377394626,22.66
721,1377394631,22.66
721,1377394636,22.66
721,1377394641,22.66
721,1377394646,22.66
721,1377394651,22.66
721,1377394656,22.66
721,1377394661,22.66
721,1377394666,22.66
721,1377394671,22.67
721,1377394676,22.66
721,1377394681,22.66
721,1377394686,22.66
721,1377394691,22.67
721,1377394696,22.67
721,1377394701,22.68
721,1377394706,22.68
721,1377394711,22.67
721,1377394716,22.67
721,1377394721,22.67
721,1377394726,22.67
721,1377394731,22.67
721,1377394736,22.67
721,1377394741,22.67
721,1377394746,22.67
721,1377394751,22.67
721,1377394756,22.67
721,1377394761,22.67
721,1377394766,22.68
721,1377394771,22.67
721,1377394776,22.68
721,1377394781,22.67
721,1377394786,22.67
721,1377394791,22.68
721,1377394796,22.68
721,1377394801,22.68
721,1377394806,22.66
721,1377394811,22.67
721,1377394816,22.67
721,1377394821,22.68
721,1377394826,22.68
721,1377394831,22.68
721,1377394836,22.68
721,1377394841,22.68
721,1377394846,22.66
721,1377394851,22.68
721,1377394856,22.68
721,1377394861,22.68
721,1377394866,22.68
721,1377394871,22.69
721,1377394876,22.69
721,1377394881,22.67
721,1377394886,22.69
721,1377394891,22.68
721,1377394896,22.68
721,1377394901,22.69
721,1377394906,22.69
721,1377394911,22.69
721,1377394916,22.68
721,1377394921,22.68
721,1377394926,22.68
721,1377394931,22.69
721,1377394936,22.68
721,1377394941,22.68
721,1377394946,22.69
721,1377394951,22.68
721,1377394956,22.68
721,1377394961,22.69
721,1377394966,22.68
721,1377394971,22.68
721,1377394976,22.69
721,1377394981,22.68
721,1377394986,22.68
721,1377394991,22.69
721,1377394996,22.68
721,1377395001,22.69
721,1377395006,22.69
721,1377395011,22.7
721,1377395016,22.69
721,1377395021,22.69
721,1377395026,22.69
721,1377395031,22.69
721,1377395036,22.69
721,1377395041,22.69
721,1377395046,22.68
721,1377395051,22.69
721,1377395056,22.68
721,1377395061,22.69
721,1377395066,22.7
721,1377395071,22.68
721,1377395076,22.69
721,1377395081,22.7
721,1377395086,22.69
721,1377395091,22.69
721,1377395096,22.69
721,1377395101,22.7
721,1377395106,22.7
721,1377395111,22.7
721,1377395116,22.7
721,1377395121,22.69
721,1377395126,22.69
721,1377395131,22.7
721,1377395136,22.7
721,1377395141,22.7
721,1377395146,22.69
721,1377395151,22.7
721,1377395156,22.68
721,1377395161,22.7
721,1377395166,22.7
721,1377395171,22.7
721,1377395176,22.7
721,1377395181,22.71
721,1377395186,22.7
721,1377395191,22.7
721,1377395196,22.7
721,1377395201,22.7
721,1377395206,22.7
721,1377395211,22.71
721,1377395216,22.7
721,1377395221,22.7
721,1377395226,22.7
721,1377395231,22.7
721,1377395236,22.7
721,1377395241,22.7
721,1377395246,22.7
721,1377395251,22.71
721,1377395256,22.7
721,1377395261,22.7
721,1377395266,22.72
721,1377395271,22.7
721,1377395276,22.71
721,1377395281,22.71
721,1377395286,22.71
721,1377395291,22.7
721,1377395296,22.72
721,1377395301,22.71
721,1377395306,22.72
721,1377395311,22.71
721,1377395316,22.71
721,1377395321,22.71
721,1377395326,22.71
721,1377395331,22.72
721,1377395336,22.72
721,1377395341,22.72
721,1377395346,22.72
721,1377395351,22.72
721,1377395356,22.72
721,1377395361,22.71
721,1377395366,22.72
721,1377395371,22.72
721,1377395376,22.71
721,1377395381,22.74
721,1377395386,22.72
721,1377395391,22.71
721,1377395396,22.72
721,1377395401,22.72
721,1377395406,22.72
721,1377395411,22.71
721,1377395416,22.72
721,1377395421,22.73
721,1377395426,22.73
721,1377395431,22.72
721,1377395436,22.72
721,1377395441,22.72
721,1377395446,22.72
721,1377395451,22.73
721,1377395456,22.72
721,1377395461,22.73
721,1377395466,22.73
721,1377395471,22.73
721,1377395476,22.72
721,1377395481,22.72
721,1377395486,22.73
721,1377395491,22.73
721,1377395496,22.74
721,1377395501,22.74
721,1377395506,22.74
721,1377395511,22.74
721,1377395516,22.75
721,1377395521,22.73
721,1377395526,22.74
721,1377395531,22.74
721,1377395536,22.74
721,1377395541,22.74
721,1377395546,22.74
721,1377395551,22.74
721,1377395556,22.74
721,1377395561,22.74
721,1377395566,22.75
721,1377395571,22.74
721,1377395576,22.74
721,1377395581,22.74
721,1377395586,22.76
721,1377395591,22.74
721,1377395596,22.76
721,1377395601,22.74
721,1377395606,22.74
721,1377395611,22.75
721,1377395616,22.74
721,1377395621,22.76
721,1377395626,22.75
721,1377395631,22.76
721,1377395636,22.76
721,1377395641,22.74
721,1377395646,22.76
721,1377395651,22.76
721,1377395656,22.75
721,1377395661,22.76
721,1377395666,22.76
721,1377395671,22.76
721,1377395676,22.76
721,1377395681,22.76
721,1377395686,22.77
721,1377395691,22.76
721,1377395696,22.76
721,1377395701,22.76
721,1377395706,22.76
721,1377395711,22.77
721,1377395716,22.76
721,1377395721,22.75
721,1377395726,22.76
721,1377395731,22.76
721,1377395736,22.76
721,1377395741,22.76
721,1377395746,22.75
721,1377395751,22.76
721,1377395756,22.76
721,1377395761,22.77
721,1377395766,22.77
721,1377395771,22.76
721,1377395776,22.77
721,1377395781,22.76
721,1377395786,22.76
721,1377395791,22.76
721,1377395796,22.76
721,1377395801,22.77
721,1377395806,22.76
721,1377395811,22.78
721,1377395816,22.78
721,1377395821,22.76
721,1377395826,22.78
721,1377395831,22.77
721,1377395836,22.78
721,1377395841,22.77
721,1377395846,22.77
721,1377395851,22.77
721,1377395856,22.76
721,1377395861,22.77
721,1377395866,22.78
721,1377395871,22.78
721,1377395876,22.77
721,1377395881,22.78
721,1377395886,22.77
721,1377395891,22.77
721,1377395896,22.77
721,1377395901,22.78
721,1377395906,22.79
721,1377395911,22.76
721,1377395916,22.78
721,1377395921,22.76
721,1377395926,22.77
721,1377395931,22.78
721,1377395936,22.78
721,1377395941,22.77
721,1377395946,22.78
721,1377395951,22.77
721,1377395956,22.78
721,1377395961,22.78
721,1377395966,22.77
721,1377395971,22.77
721,1377395976,22.78
721,1377395981,22.78
721,1377395986,22.78
721,1377395991,22.79
721,1377395996,22.8
721,1377396001,22.78
721,1377396006,22.79
721,1377396011,22.79
721,1377396016,22.78
721,1377396021,22.79
721,1377396026,22.78
721,1377396031,22.79
721,1377396036,22.79
721,1377396041,22.79
721,1377396046,22.79
721,1377396051,22.78
721,1377396056,22.78
721,1377396061,22.78
721,1377396066,22.79
721,1377396071,22.78
721,1377396076,22.79
721,1377396081,22.78
721,1377396086,22.79
721,1377396091,22.79
721,1377396096,22.79
721,1377396101,22.8
721,1377396106,22.8
721,1377396111,22.79
721,1377396116,22.8
721,1377396121,22.79
721,1377396126,22.8
721,1377396131,22.8
721,1377396136,22.8
721,1377396141,22.8
721,1377396146,22.79
721,1377396151,22.79
721,1377396156,22.81
721,1377396161,22.8
721,1377396166,22.8
721,1377396171,22.8
721,1377396176,22.81
721,1377396181,22.79
721,1377396186,22.79
721,1377396191,22.8
721,1377396196,22.8
721,1377396201,22.8
721,1377396206,22.8
721,1377396211,22.8
721,1377396216,22.8
721,1377396221,22.8
721,1377396226,22.81
721,1377396231,22.8
721,1377396236,22.81
721,1377396241,22.8
721,1377396246,22.81
721,1377396251,22.8
721,1377396256,22.8
721,1377396261,22.81
721,1377396266,22.82
721,1377396271,22.8
721,1377396276,22.8
721,1377396281,22.82
721,1377396286,22.8
721,1377396291,22.81
721,1377396296,22.81
721,1377396301,22.81
721,1377396306,22.8
721,1377396311,22.81
721,1377396316,22.81
721,1377396321,22.82
721,1377396326,22.82
721,1377396331,22.82
721,1377396336,22.81
721,1377396341,22.81
721,1377396346,22.81
721,1377396351,22.82
721,1377396356,22.82
721,1377396361,22.81
721,1377396366,22.8
721,1377396371,22.81
721,1377396376,22.82
721,1377396381,22.82
721,1377396386,22.82
721,1377396391,22.81
721,1377396396,22.81
721,1377396401,22.83
721,1377396406,22.81
721,1377396411,22.81
721,1377396416,22.82
721,1377396421,22.81
721,1377396426,22.82
721,1377396431,22.82
721,1377396436,22.82
721,1377396441,22.81
721,1377396446,22.82
721,1377396451,22.82
721,1377396456,22.8
721,1377396461,22.82
721,1377396466,22.82
721,1377396471,22.82
721,1377396476,22.82
721,1377396481,22.81
721,1377396486,22.82
721,1377396491,22.82
721,1377396496,22.81
721,1377396501,22.82
721,1377396506,22.82
721,1377396511,22.82
721,1377396516,22.82
721,1377396521,22.82
721,1377396526,22.82
721,1377396531,22.82
721,1377396536,22.82
721,1377396541,22.82
721,1377396546,22.81
721,1377396551,22.82
721,1377396556,22.8
721,1377396561,22.81
721,1377396566,22.82
721,1377396571,22.81
721,1377396576,22.81
721,1377396581,22.82
721,1377396586,22.81
721,1377396591,22.82
721,1377396596,22.82
721,1377396601,22.82
721,1377396606,22.82
721,1377396611,22.82
721,1377396616,22.83
721,1377396621,22.82
721,1377396626,22.82
721,1377396631,22.82
721,1377396636,22.83
721,1377396641,22.84
721,1377396646,22.82
721,1377396651,22.82
721,1377396656,22.82
721,1377396661,22.82
721,1377396666,22.83
721,1377396671,22.83
721,1377396676,22.82
721,1377396681,22.82
721,1377396686,22.83
721,1377396691,22.83
721,1377396696,22.83
721,1377396701,22.83
721,1377396706,22.81
721,1377396711,22.82
721,1377396716,22.82
721,1377396721,22.84
721,1377396726,22.82
721,1377396731,22.82
721,1377396736,22.82
721,1377396741,22.82
721,1377396746,22.82
721,1377396751,22.82
721,1377396756,22.83
721,1377396761,22.82
721,1377396766,22.82
721,1377396771,22.82
721,1377396776,22.83
721,1377396781,22.82
721,1377396786,22.83
721,1377396791,22.82
721,1377396796,22.83
721,1377396801,22.83
721,1377396806,22.82
721,1377396811,22.82
721,1377396816,22.82
721,1377396821,22.84
721,1377396826,22.83
721,1377396831,22.82
721,1377396836,22.83
721,1377396841,22.83
721,1377396846,22.82
721,1377396851,22.83
721,1377396856,22.83
721,1377396861,22.83
721,1377396866,22.83
721,1377396871,22.82
721,1377396876,22.83
721,1377396881,22.83
721,1377396886,22.82
721,1377396891,22.82
721,1377396896,22.84
721,1377396901,22.83
721,1377396906,22.84
721,1377396911,22.83
721,1377396916,22.83
721,1377396921,22.83
721,1377396926,22.84
721,1377396931,22.84
721,1377396936,22.82
721,1377396941,22.84
721,1377396946,22.82
721,1377396951,22.83
721,1377396956,22.83
721,1377396961,22.84
721,1377396966,22.82
721,1377396971,22.84
721,1377396976,22.84
721,1377396981,22.83
721,1377396986,22.82
721,1377396991,22.83
721,1377396996,22.82
721,1377397001,22.83
721,1377397006,22.83
721,1377397011,22.83
721,1377397016,22.83
721,1377397021,22.82
721,1377397026,22.82
721,1377397031,22.84
721,1377397036,22.83
721,1377397041,22.82
721,1377397046,22.83
721,1377397051,22.84
721,1377397056,22.83
721,1377397061,22.84
721,1377397066,22.84
721,1377397071,22.84
721,1377397076,22.82
721,1377397081,22.84
721,1377397086,22.83
721,1377397091,22.85
721,1377397096,22.83
721,1377397101,22.83
721,1377397106,22.84
721,1377397111,22.84
721,1377397116,22.84
721,1377397121,22.83
721,1377397126,22.83
721,1377397131,22.84
721,1377397136,22.84
721,1377397141,22.83
721,1377397146,22.83
721,1377397151,22.84
721,1377397156,22.83
721,1377397161,22.83
721,1377397166,22.83
721,1377397171,22.83
721,1377397176,22.82
721,1377397181,22.83
721,1377397186,22.84
721,1377397191,22.83
721,1377397196,22.84
721,1377397201,22.84
721,1377397206,22.84
721,1377397211,22.82
721,1377397216,22.82
721,1377397221,22.83
721,1377397226,22.83
721,1377397231,22.83
721,1377397236,22.83
721,1377397241,22.82
721,1377397246,22.83
721,1377397251,22.83
721,1377397256,22.84
721,1377397261,22.82
721,1377397266,22.82
721,1377397271,22.83
721,1377397276,22.84
721,1377397281,22.83
721,1377397286,22.82
721,1377397291,22.84
721,1377397296,22.83
721,1377397301,22.83
721,1377397306,22.84
721,1377397311,22.83
721,1377397316,22.82
721,1377397321,22.82
721,1377397326,22.82
721,1377397331,22.83
721,1377397336,22.82
721,1377397341,22.83
721,1377397346,22.83
721,1377397351,22.83
721,1377397356,22.83
721,1377397361,22.82
721,1377397366,22.83
721,1377397371,22.83
721,1377397376,22.82
721,1377397381,22.83
721,1377397386,22.82
721,1377397391,22.83
721,1377397396,22.82
721,1377397401,22.82
721,1377397406,22.82
721,1377397411,22.84
721,1377397416,22.83
721,1377397421,22.82
721,1377397426,22.82
721,1377397431,22.82
721,1377397436,22.82
721,1377397441,22.82
721,1377397446,22.81
721,1377397451,22.83
721,1377397456,22.83
721,1377397461,22.82
721,1377397466,22.82
721,1377397471,22.82
721,1377397476,22.82
721,1377397481,22.82
721,1377397486,22.82
721,1377397491,22.82
721,1377397496,22.82
721,1377397501,22.8
721,1377397506,22.82
721,1377397511,22.82
721,1377397516,22.83
721,1377397521,22.81
721,1377397526,22.82
721,1377397531,22.82
721,1377397536,22.82
721,1377397541,22.82
721,1377397546,22.82
721,1377397551,22.82
721,1377397556,22.82
721,1377397561,22.82
721,1377397566,22.82
721,1377397571,22.82
721,1377397576,22.82
721,1377397581,22.8
721,1377397586,22.82
721,1377397591,22.82
721,1377397596,22.81
721,1377397601,22.82
721,1377397606,22.83
721,1377397611,22.82
721,1377397616,22.82
721,1377397621,22.81
721,1377397626,22.81
721,1377397631,22.81
721,1377397636,22.82
721,1377397641,22.82
721,1377397646,22.81
721,1377397651,22.82
721,1377397656,22.82
721,1377397661,22.81
721,1377397666,22.81
721,1377397671,22.81
721,1377397676,22.81
721,1377397681,22.8
721,1377397686,22.82
721,1377397691,22.81
721,1377397696,22.82
721,1377397701,22.81
721,1377397706,22.82
721,1377397711,22.82
721,1377397716,22.81
721,1377397721,22.81
721,1377397726,22.81
721,1377397731,22.8
721,1377397736,22.82
721,1377397741,22.82
721,1377397746,22.81
721,1377397751,22.81
721,1377397756,22.81
721,1377397761,22.81
721,1377397766,22.8
721,1377397771,22.81
721,1377397776,22.82
721,1377397781,22.81
721,1377397786,22.82
721,1377397791,22.81
721,1377397796,22.81
721,1377397801,22.82
721,1377397806,22.81
721,1377397811,22.81
721,1377397816,22.82
721,1377397821,22.82
721,1377397826,22.81
721,1377397831,22.8
721,1377397836,22.82
721,1377397841,22.82
721,1377397846,22.8
721,1377397851,22.8
721,1377397856,22.81
721,1377397861,22.81
721,1377397866,22.8
721,1377397871,22.82
721,1377397876,22.82
721,1377397881,22.8
721,1377397886,22.81
721,1377397891,22.8
721,1377397896,22.81
721,1377397901,22.8
721,1377397906,22.81
721,1377397911,22.8
721,1377397916,22.8
721,1377397921,22.81
721,1377397926,22.8
721,1377397931,22.8
721,1377397936,22.8
721,1377397941,22.8
721,1377397946,22.79
721,1377397951,22.8
721,1377397956,22.8
721,1377397961,22.8
721,1377397966,22.8
721,1377397971,22.81
721,1377397976,22.8
721,1377397981,22.8
721,1377397986,22.79
721,1377397991,22.79
721,1377397996,22.78
721,1377398001,22.8
721,1377398006,22.79
721,1377398011,22.79
721,1377398016,22.8
721,1377398021,22.8
721,1377398026,22.79
721,1377398031,22.8
721,1377398036,22.79
721,1377398041,22.8
721,1377398046,22.8
721,1377398051,22.8
721,1377398056,22.81
721,1377398061,22.8
721,1377398066,22.79
721,1377398071,22.79
721,1377398076,22.79
721,1377398081,22.8
721,1377398086,22.79
721,1377398091,22.8
721,1377398096,22.79
721,1377398101,22.79
721,1377398106,22.8
721,1377398111,22.79
721,1377398116,22.78
721,1377398121,22.78
721,1377398126,22.79
721,1377398131,22.78
721,1377398136,22.79
721,1377398141,22.79
721,1377398146,22.78
721,1377398151,22.78
721,1377398156,22.78
721,1377398161,22.78
721,1377398166,22.79
721,1377398171,22.78
721,1377398176,22.78
721,1377398181,22.78
721,1377398186,22.79
721,1377398191,22.79
721,1377398196,22.78
721,1377398201,22.79
721,1377398206,22.78
721,1377398211,22.78
721,1377398216,22.77
721,1377398221,22.78
721,1377398226,22.77
721,1377398231,22.77
721,1377398236,22.78
721,1377398241,22.79
721,1377398246,22.78
721,1377398251,22.78
721,1377398256,22.78
721,1377398261,22.78
721,1377398266,22.78
721,1377398271,22.77
721,1377398276,22.78
721,1377398281,22.77
721,1377398286,22.77
721,1377398291,22.76
721,1377398296,22.78
721,1377398301,22.78
721,1377398306,22.78
721,1377398311,22.79
721,1377398316,22.78
721,1377398321,22.78
721,1377398326,22.77
721,1377398331,22.77
721,1377398336,22.77
721,1377398341,22.78
721,1377398346,22.78
721,1377398351,22.76
721,1377398356,22.76
721,1377398361,22.77
721,1377398366,22.77
721,1377398371,22.76
721,1377398376,22.77
721,1377398381,22.77
721,1377398386,22.77
721,1377398391,22.77
721,1377398396,22.76
721,1377398401,22.77
721,1377398406,22.77
721,1377398411,22.76
721,1377398416,22.78
721,1377398421,22.76
721,1377398426,22.77
721,1377398431,22.76
721,1377398436,22.76
721,1377398441,22.77
721,1377398446,22.75
721,1377398451,22.76
721,1377398456,22.75
721,1377398461,22.77
721,1377398466,22.76
721,1377398471,22.76
721,1377398476,22.76
721,1377398481,22.76
721,1377398486,22.76
721,1377398491,22.75
721,1377398496,22.76
721,1377398501,22.76
721,1377398506,22.76
721,1377398511,22.76
721,1377398516,22.76
721,1377398521,22.76
721,1377398526,22.75
721,1377398531,22.76
721,1377398536,22.76
721,1377398541,22.76
721,1377398546,22.77
721,1377398551,22.76
721,1377398556,22.76
721,1377398561,22.75
721,1377398566,22.75
721,1377398571,22.76
721,1377398576,22.75
721,1377398581,22.76
721,1377398586,22.75
721,1377398591,22.76
721,1377398596,22.75
721,1377398601,22.74
721,1377398606,22.75
721,1377398611,22.75
721,1377398616,22.75
721,1377398621,22.75
721,1377398626,22.74
721,1377398631,22.75
721,1377398636,22.74
721,1377398641,22.74
721,1377398646,22.74
721,1377398651,22.74
721,1377398656,22.74
721,1377398661,22.74
721,1377398666,22.74
721,1377398671,22.75
721,1377398676,22.74
721,1377398681,22.74
721,1377398686,22.74
721,1377398691,22.74
721,1377398696,22.74
721,1377398701,22.74
721,1377398706,22.75
721,1377398711,22.74
721,1377398716,22.74
721,1377398721,22.74
721,1377398726,22.73
721,1377398731,22.74
721,1377398736,22.73
721,1377398741,22.74
721,1377398746,22.73
721,1377398751,22.73
721,1377398756,22.73
721,1377398761,22.74
721,1377398766,22.73
721,1377398771,22.73
721,1377398776,22.74
721,1377398781,22.74
721,1377398786,22.74
721,1377398791,22.73
721,1377398796,22.72
721,1377398801,22.73
721,1377398806,22.72
721,1377398811,22.74
721,1377398816,22.72
721,1377398821,22.72
721,1377398826,22.73
721,1377398831,22.73
721,1377398836,22.73
721,1377398841,22.73
721,1377398846,22.72
721,1377398851,22.72
721,1377398856,22.73
721,1377398861,22.72
721,1377398866,22.72
721,1377398871,22.73
721,1377398876,22.72
721,1377398881,22.72
721,1377398886,22.73
721,1377398891,22.72
721,1377398896,22.72
721,1377398901,22.71
721,1377398906,22.72
721,1377398911,22.73
721,1377398916,22.73
721,1377398921,22.72
721,1377398926,22.73
721,1377398931,22.72
721,1377398936,22.71
721,1377398941,22.72
721,1377398946,22.72
721,1377398951,22.72
721,1377398956,22.72
721,1377398961,22.71
721,1377398966,22.72
721,1377398971,22.72
721,1377398976,22.71
721,1377398981,22.71
721,1377398986,22.72
721,1377398991,22.71
721,1377398996,22.71
721,1377399001,22.71
721,1377399006,22.72
721,1377399011,22.71
721,1377399016,22.72
721,1377399021,22.71
721,1377399026,22.7
721,1377399031,22.71
721,1377399036,22.7
721,1377399041,22.7
721,1377399046,22.7
721,1377399051,22.7
721,1377399056,22.7
721,1377399061,22.71
721,1377399066,22.7
721,1377399071,22.7
721,1377399076,22.71
721,1377399081,22.7
721,1377399086,22.71
721,1377399091,22.71
721,1377399096,22.7
721,1377399101,22.7
721,1377399106,22.71
721,1377399111,22.7
721,1377399116,22.7
721,1377399121,22.7
721,1377399126,22.7
721,1377399131,22.7
721,1377399136,22.69
721,1377399141,22.69
721,1377399146,22.7
721,1377399151,22.7
721,1377399156,22.68
721,1377399161,22.69
721,1377399166,22.68
721,1377399171,22.7
721,1377399176,22.69
721,1377399181,22.68
721,1377399186,22.7
721,1377399191,22.7
721,1377399196,22.69
721,1377399201,22.69
721,1377399206,22.7
721,1377399211,22.7
721,1377399216,22.7
721,1377399221,22.69
721,1377399226,22.7
721,1377399231,22.69
721,1377399236,22.69
721,1377399241,22.7
721,1377399246,22.7
721,1377399251,22.7
721,1377399256,22.7
721,1377399261,22.7
721,1377399266,22.69
721,1377399271,22.69
721,1377399276,22.69
721,1377399281,22.69
721,1377399286,22.68
721,1377399291,22.69
721,1377399296,22.7
721,1377399301,22.68
721,1377399306,22.7
721,1377399311,22.69
721,1377399316,22.69
721,1377399321,22.69
721,1377399326,22.68
721,1377399331,22.69
721,1377399336,22.68
721,1377399341,22.69
721,1377399346,22.69
721,1377399351,22.68
721,1377399356,22.69
721,1377399361,22.68
721,1377399366,22.68
721,1377399371,22.67
721,1377399376,22.69
721,1377399381,22.68
721,1377399386,22.68
721,1377399391,22.69
721,1377399396,22.68
721,1377399401,22.67
721,1377399406,22.68
721,1377399411,22.66
721,1377399416,22.68
721,1377399421,22.68
721,1377399426,22.67
721,1377399431,22.68
721,1377399436,22.68
721,1377399441,22.68
721,1377399446,22.68
721,1377399451,22.68
721,1377399456,22.68
721,1377399461,22.67
721,1377399466,22.68
721,1377399471,22.67
721,1377399476,22.67
721,1377399481,22.67
721,1377399486,22.67
721,1377399491,22.67
721,1377399496,22.68
721,1377399501,22.67
721,1377399506,22.66
721,1377399511,22.67
721,1377399516,22.67
721,1377399521,22.66
721,1377399526,22.67
721,1377399531,22.66
721,1377399536,22.68
721,1377399541,22.66
721,1377399546,22.66
721,1377399551,22.67
721,1377399556,22.66
721,1377399561,22.66
721,1377399566,22.67
721,1377399571,22.67
721,1377399576,22.67
721,1377399581,22.67
721,1377399586,22.66
721,1377399591,22.67
721,1377399596,22.67
721,1377399601,22.66
721,1377399606,22.66
721,1377399611,22.67
721,1377399616,22.66
721,1377399621,22.66
721,1377399626,22.66
721,1377399631,22.66
721,1377399636,22.66
721,1377399641,22.66
721,1377399646,22.66
721,1377399651,22.67
721,1377399656,22.66
721,1377399661,22.66
721,1377399666,22.66
721,1377399671,22.66
721,1377399676,22.65
721,1377399681,22.66
721,1377399686,22.66
721,1377399691,22.65
721,1377399696,22.66
721,1377399701,22.66
721,1377399706,22.66
721,1377399711,22.64
721,1377399716,22.64
721,1377399721,22.65
721,1377399726,22.65
721,1377399731,22.65
721,1377399736,22.64
721,1377399741,22.64
721,1377399746,22.64
721,1377399751,22.64
721,1377399755,22.64
721,1377399761,22.64
721,1377399766,22.65
721,1377399771,22.65
721,1377399775,22.64
721,1377399781,22.65
721,1377399786,22.64
721,1377399791,22.63
721,1377399796,22.64
721,1377399801,22.64
721,1377399806,22.64
721,1377399811,22.64
721,1377399816,22.64
721,1377399821,22.64
721,1377399826,22.64
721,1377399831,22.64
721,1377399836,22.64
721,1377399841,22.64
721,1377399846,22.63
721,1377399851,22.64
721,1377399856,22.64
721,1377399861,22.63
721,1377399865,22.64
721,1377399871,22.63
721,1377399876,22.63
721,1377399881,22.62
721,1377399885,22.64
721,1377399891,22.64
721,1377399896,22.63
721,1377399901,22.64
721,1377399906,22.64
721,1377399911,22.63
721,1377399916,22.63
721,1377399921,22.63
721,1377399926,22.63
721,1377399931,22.62
721,1377399936,22.63
721,1377399941,22.62
721,1377399945,22.62
721,1377399951,22.62
721,1377399956,22.62
721,1377399961,22.63
721,1377399966,22.62
721,1377399971,22.61
721,1377399976,22.62
721,1377399981,22.63
721,1377399986,22.62
721,1377399990,22.62
721,1377399995,22.62
721,1377400001,22.62
721,1377400006,22.62
721,1377400011,22.62
721,1377400015,22.62
721,1377400021,22.63
721,1377400026,22.62
721,1377400031,22.62
721,1377400036,22.62
721,1377400040,22.61
721,1377400046,22.62
721,1377400051,22.62
721,1377400056,22.62
721,1377400061,22.62
721,1377400065,22.62
721,1377400071,22.62
721,1377400076,22.61
721,1377400081,22.62
721,1377400086,22.6
721,1377400090,22.61
721,1377400096,22.6
721,1377400101,22.6
721,1377400105,22.62
721,1377400111,22.6
721,1377400115,22.61
721,1377400121,22.6
721,1377400126,22.61
721,1377400131,22.6
721,1377400135,22.59
721,1377400141,22.6
721,1377400145,22.61
721,1377400151,22.6
721,1377400156,22.61
721,1377400161,22.6
721,1377400165,22.6
721,1377400170,22.61
721,1377400175,22.59
721,1377400181,22.6
721,1377400186,22.6
721,1377400190,22.6
721,1377400196,22.59
721,1377400200,22.6
721,1377400205,22.58
721,1377400211,22.6
721,1377400216,22.59
721,1377400220,22.6
721,1377400225,22.59
721,1377400230,22.6
721,1377400235,22.6
721,1377400241,22.58
721,1377400246,22.58
721,1377400251,22.59
721,1377400255,22.59
721,1377400260,22.59
721,1377400265,22.59
721,1377400271,22.58
721,1377400275,22.59
721,1377400280,22.57
721,1377400285,22.58
721,1377400290,22.58
721,1377400295,22.58
721,1377400300,22.58
721,1377400305,22.57
721,1377400310,22.59
721,1377400315,22.58
721,1377400320,22.58
721,1377400325,22.58
721,1377400331,22.58
721,1377400336,22.57
721,1377400340,22.56
721,1377400345,22.59
721,1377400350,22.58
721,1377400355,22.58
721,1377400360,22.58
721,1377400365,22.57
721,1377400370,22.58
721,1377400375,22.57
721,1377400380,22.56
721,1377400385,22.57
721,1377400390,22.57
721,1377400395,22.58
721,1377400401,22.58
721,1377400405,22.57
721,1377400410,22.56
721,1377400415,22.57
721,1377400420,22.57
721,1377400425,22.56
721,1377400431,22.57
721,1377400435,22.57
721,1377400440,22.57
721,1377400445,22.56
721,1377400451,22.56
721,1377400455,22.56
721,1377400460,22.56
721,1377400465,22.57
721,1377400470,22.56
721,1377400475,22.55
721,1377400480,22.56
721,1377400485,22.56
721,1377400490,22.56
721,1377400495,22.56
721,1377400500,22.56
721,1377400505,22.54
721,1377400510,22.54
721,1377400515,22.55
721,1377400520,22.56
721,1377400525,22.55
721,1377400530,22.54
721,1377400535,22.54
721,1377400540,22.54
721,1377400545,22.54
721,1377400550,22.54
721,1377400555,22.55
721,1377400560,22.53
721,1377400565,22.54
721,1377400570,22.54
721,1377400575,22.54
721,1377400580,22.54
721,1377400585,22.54
721,1377400590,22.54
721,1377400595,22.54
721,1377400600,22.54
721,1377400605,22.54
721,1377400611,22.54
721,1377400615,22.55
721,1377400620,22.54
721,1377400625,22.53
721,1377400630,22.54
721,1377400635,22.54
721,1377400640,22.54
721,1377400645,22.54
721,1377400650,22.54
721,1377400655,22.54
721,1377400660,22.52
721,1377400665,22.53
721,1377400670,22.53
721,1377400675,22.53
721,1377400680,22.52
721,1377400685,22.52
721,1377400690,22.53
721,1377400695,22.52
721,1377400700,22.52
721,1377400705,22.54
721,1377400710,22.53
721,1377400715,22.53
721,1377400720,22.52
721,1377400725,22.53
721,1377400730,22.52
721,1377400735,22.53
721,1377400740,22.52
721,1377400745,22.52
721,1377400750,22.52
721,1377400755,22.52
721,1377400760,22.53
721,1377400765,22.52
721,1377400770,22.51
721,1377400775,22.52
721,1377400780,22.52
721,1377400785,22.52
721,1377400790,22.52
721,1377400795,22.53
721,1377400800,22.52
721,1377400805,22.51
721,1377400810,22.53
721,1377400815,22.53
721,1377400820,22.52
721,1377400825,22.52
721,1377400830,22.52
721,1377400835,22.52
721,1377400840,22.52
721,1377400845,22.5
721,1377400850,22.52
721,1377400855,22.51
721,1377400860,22.5
721,1377400865,22.5
721,1377400870,22.52
721,1377400875,22.52
721,1377400880,22.51
721,1377400885,22.5
721,1377400890,22.51
721,1377400895,22.5
721,1377400900,22.51
721,1377400905,22.5
721,1377400910,22.51
721,1377400915,22.5
721,1377400920,22.52
721,1377400925,22.51
721,1377400930,22.5
721,1377400935,22.51
721,1377400940,22.5
721,1377400945,22.5
721,1377400950,22.5
721,1377400955,22.5
721,1377400960,22.5
721,1377400965,22.5
721,1377400970,22.5
721,1377400975,22.5
721,1377400980,22.5
721,1377400985,22.49
721,1377400990,22.49
721,1377400995,22.5
721,1377401000,22.49
721,1377401005,22.5
721,1377401010,22.49
721,1377401015,22.49
721,1377401020,22.49
721,1377401025,22.5
721,1377401030,22.48
721,1377401035,22.49
721,1377401040,22.49
721,1377401045,22.48
721,1377401050,22.49
721,1377401055,22.48
721,1377401060,22.5
721,1377401065,22.48
721,1377401070,22.49
721,1377401075,22.48
721,1377401080,22.48
721,1377401085,22.47
721,1377401090,22.48
721,1377401095,22.48
721,1377401100,22.48
721,1377401105,22.48
721,1377401110,22.48
721,1377401115,22.48
721,1377401120,22.47
721,1377401125,22.47
721,1377401130,22.48
721,1377401135,22.47
721,1377401140,22.47
721,1377401145,22.47
721,1377401150,22.48
721,1377401155,22.48
721,1377401160,22.47
721,1377401165,22.47
721,1377401170,22.48
721,1377401175,22.47
721,1377401180,22.48
721,1377401185,22.48
721,1377401190,22.47
721,1377401195,22.46
721,1377401200,22.46
721,1377401205,22.47
721,1377401210,22.47
721,1377401215,22.46
721,1377401220,22.47
721,1377401225,22.46
721,1377401230,22.47
721,1377401235,22.47
721,1377401240,22.46
721,1377401245,22.46
721,1377401250,22.46
721,1377401255,22.46
721,1377401260,22.46
721,1377401265,22.47
721,1377401270,22.46
721,1377401275,22.46
721,1377401280,22.46
721,1377401285,22.46
721,1377401290,22.46
721,1377401295,22.45
721,1377401300,22.46
721,1377401305,22.46
721,1377401310,22.46
721,1377401315,22.46
721,1377401320,22.44
721,1377401325,22.46
721,1377401330,22.44
721,1377401335,22.46
721,1377401340,22.44
721,1377401345,22.45
721,1377401350,22.46
721,1377401355,22.45
721,1377401360,22.44
721,1377401365,22.44
721,1377401370,22.44
721,1377401375,22.45
721,1377401380,22.45
721,1377401385,22.45
721,1377401390,22.44
721,1377401395,22.44
721,1377401400,22.45
721,1377401405,22.44
721,1377401410,22.45
721,1377401415,22.44
721,1377401420,22.44
721,1377401425,22.44
721,1377401430,22.45
721,1377401435,22.44
721,1377401440,22.43
721,1377401445,22.44
721,1377401450,22.45
721,1377401455,22.43
721,1377401460,22.43
721,1377401465,22.44
721,1377401470,22.44
721,1377401475,22.43
721,1377401480,22.44
721,1377401485,22.44
721,1377401490,22.43
721,1377401495,22.43
721,1377401500,22.43
721,1377401505,22.42
721,1377401510,22.43
721,1377401515,22.44
721,1377401520,22.43
721,1377401525,22.42
721,1377401530,22.43
721,1377401535,22.42
721,1377401540,22.42
721,1377401545,22.43
721,1377401550,22.42
721,1377401555,22.42
721,1377401560,22.42
721,1377401565,22.42
721,1377401570,22.43
721,1377401575,22.43
721,1377401580,22.43
721,1377401585,22.42
721,1377401590,22.42
721,1377401595,22.42
721,1377401600,22.43
721,1377401605,22.43
721,1377401610,22.42
721,1377401615,22.41
721,1377401620,22.42
721,1377401625,22.42
721,1377401630,22.42
721,1377401635,22.41
721,1377401640,22.42
721,1377401645,22.42
721,1377401650,22.42
721,1377401655,22.42
721,1377401660,22.42
721,1377401665,22.41
721,1377401670,22.42
721,1377401675,22.4
721,1377401680,22.42
721,1377401685,22.41
721,1377401690,22.41
721,1377401697,22.42
721,1377401700,22.41
721,1377401705,22.42
721,1377401710,22.41
721,1377401715,22.41
721,1377401720,22.41
721,1377401725,22.42
721,1377401730,22.41
721,1377401735,22.4
721,1377401740,22.4
721,1377401745,22.41
721,1377401750,22.42
721,1377401755,22.4
721,1377401760,22.39
721,1377401765,22.4
721,1377401770,22.4
721,1377401775,22.39
721,1377401780,22.39
721,1377401785,22.39
721,1377401790,22.4
721,1377401795,22.4
721,1377401800,22.39
721,1377401805,22.4
721,1377401810,22.4
721,1377401815,22.4
721,1377401820,22.4
721,1377401825,22.4
721,1377401830,22.38
721,1377401835,22.39
721,1377401840,22.38
721,1377401845,22.4
721,1377401850,22.4
721,1377401855,22.39
721,1377401860,22.39
721,1377401865,22.38
721,1377401870,22.4
721,1377401875,22.38
721,1377401880,22.38
721,1377401885,22.39
721,1377401890,22.39
721,1377401895,22.38
721,1377401900,22.38
721,1377401905,22.4
721,1377401910,22.39
721,1377401915,22.38
721,1377401920,22.38
721,1377401925,22.38
721,1377401930,22.38
721,1377401935,22.38
721,1377401940,22.39
721,1377401945,22.39
721,1377401950,22.37
721,1377401955,22.39
721,1377401960,22.38
721,1377401965,22.38
721,1377401970,22.37
721,1377401975,22.39
721,1377401980,22.38
721,1377401985,22.38
721,1377401990,22.38
721,1377401995,22.38
721,1377402000,22.36
721,1377402005,22.38
721,1377402010,22.37
721,1377402015,22.38
721,1377402020,22.38
721,1377402025,22.38
721,1377402030,22.38
721,1377402035,22.37
721,1377402040,22.36
721,1377402045,22.37
721,1377402050,22.38
721,1377402055,22.36
721,1377402060,22.38
721,1377402065,22.37
721,1377402070,22.38
721,1377402075,22.37
721,1377402080,22.37
721,1377402085,22.38
721,1377402090,22.36
721,1377402095,22.37
721,1377402100,22.37
721,1377402105,22.36
721,1377402110,22.36
721,1377402115,22.35
721,1377402120,22.35
721,1377402125,22.36
721,1377402130,22.37
721,1377402135,22.37
721,1377402140,22.35
721,1377402145,22.35
721,1377402150,22.36
721,1377402155,22.36
721,1377402160,22.36
721,1377402165,22.36
721,1377402170,22.36
721,1377402175,22.36
721,1377402180,22.36
721,1377402185,22.36
721,1377402190,22.36
721,1377402195,22.36
721,1377402200,22.36
721,1377402205,22.37
721,1377402210,22.37
721,1377402215,22.36
721,1377402220,22.36
721,1377402225,22.36
721,1377402230,22.35
721,1377402235,22.35
721,1377402240,22.36
721,1377402245,22.35
721,1377402250,22.34
721,1377402255,22.34
721,1377402260,22.34
721,1377402265,22.35
721,1377402270,22.35
721,1377402275,22.34
721,1377402280,22.34
721,1377402285,22.35
721,1377402290,22.35
721,1377402295,22.34
721,1377402300,22.34
721,1377402305,22.34
721,1377402310,22.34
721,1377402315,22.34
721,1377402320,22.36
721,1377402325,22.34
721,1377402330,22.34
721,1377402335,22.34
721,1377402340,22.35
721,1377402345,22.34
721,1377402350,22.34
721,1377402355,22.35
721,1377402360,22.34
721,1377402365,22.34
721,1377402370,22.34
721,1377402375,22.33
721,1377402380,22.33
721,1377402385,22.35
721,1377402390,22.34
721,1377402395,22.34
721,1377402400,22.34
721,1377402405,22.33
721,1377402410,22.33
721,1377402415,22.32
721,1377402420,22.32
721,1377402425,22.32
721,1377402430,22.33
721,1377402435,22.34
721,1377402440,22.34
721,1377402445,22.33
721,1377402450,22.32
721,1377402455,22.33
721,1377402460,22.33
721,1377402465,22.33
721,1377402470,22.32
721,1377402475,22.32
721,1377402480,22.32
721,1377402485,22.33
721,1377402490,22.32
721,1377402495,22.32
721,1377402500,22.33
721,1377402505,22.32
721,1377402510,22.32
721,1377402515,22.32
721,1377402520,22.32
721,1377402525,22.32
721,1377402530,22.32
721,1377402535,22.31
721,1377402540,22.32
721,1377402545,22.32
721,1377402550,22.33
721,1377402555,22.32
721,1377402560,22.32
721,1377402565,22.32
721,1377402570,22.32
721,1377402575,22.32
721,1377402580,22.32
721,1377402585,22.32
721,1377402590,22.32
721,1377402595,22.31
721,1377402600,22.3
721,1377402605,22.32
721,1377402610,22.32
721,1377402615,22.32
721,1377402620,22.31
721,1377402625,22.32
721,1377402630,22.31
721,1377402635,22.31
721,1377402640,22.31
721,1377402645,22.32
721,1377402650,22.31
721,1377402655,22.31
721,1377402660,22.32
721,1377402665,22.31
721,1377402670,22.31
721,1377402675,22.3
721,1377402680,22.32
721,1377402685,22.3
721,1377402690,22.31
721,1377402695,22.31
721,1377402700,22.3
721,1377402705,22.31
721,1377402710,22.32
721,1377402715,22.31
721,1377402720,22.3
721,1377402725,22.3
721,1377402730,22.3
721,1377402735,22.3
721,1377402740,22.3
721,1377402745,22.3
721,1377402750,22.3
721,1377402755,22.29
721,1377402760,22.3
721,1377402765,22.29
721,1377402770,22.3
721,1377402775,22.3
721,1377402780,22.3
721,1377402785,22.3
721,1377402790,22.28
721,1377402795,22.29
721,1377402800,22.28
721,1377402805,22.29
721,1377402810,22.29
721,1377402815,22.29
721,1377402820,22.29
721,1377402825,22.28
721,1377402830,22.28
721,1377402835,22.28
721,1377402840,22.29
721,1377402845,22.28
721,1377402850,22.28
721,1377402855,22.28
721,1377402860,22.28
721,1377402865,22.28
721,1377402870,22.28
721,1377402875,22.27
721,1377402880,22.27
721,1377402885,22.27
721,1377402890,22.28
721,1377402895,22.27
721,1377402900,22.27
721,1377402905,22.28
721,1377402910,22.27
721,1377402915,22.26
721,1377402920,22.28
721,1377402925,22.27
721,1377402930,22.26
721,1377402935,22.26
721,1377402940,22.27
721,1377402945,22.28
721,1377402950,22.27
721,1377402955,22.27
721,1377402960,22.26
721,1377402965,22.28
721,1377402970,22.26
721,1377402975,22.27
721,1377402980,22.27
721,1377402985,22.27
721,1377402990,22.26
721,1377402995,22.26
721,1377403000,22.26
721,1377403005,22.26
721,1377403010,22.27
721,1377403015,22.27
721,1377403020,22.26
721,1377403025,22.27
721,1377403030,22.27
721,1377403035,22.26
721,1377403040,22.27
721,1377403045,22.25
721,1377403050,22.25
721,1377403055,22.26
721,1377403060,22.25
721,1377403065,22.26
721,1377403070,22.26
721,1377403075,22.26
721,1377403080,22.26
721,1377403085,22.26
721,1377403090,22.26
721,1377403095,22.26
721,1377403100,22.25
721,1377403105,22.26
721,1377403110,22.25
721,1377403115,22.26
721,1377403120,22.26
721,1377403125,22.26
721,1377403130,22.26
721,1377403135,22.25
721,1377403140,22.25
721,1377403145,22.26
721,1377403150,22.26
721,1377403155,22.26
721,1377403160,22.25
721,1377403165,22.25
721,1377403170,22.24
721,1377403175,22.25
721,1377403180,22.25
721,1377403185,22.25
721,1377403190,22.26
721,1377403195,22.25
721,1377403200,22.26
721,1377403205,22.24
721,1377403210,22.25
721,1377403215,22.24
721,1377403220,22.25
721,1377403225,22.22
721,1377403230,22.24
721,1377403235,22.26
721,1377403240,22.25
721,1377403245,22.24
721,1377403250,22.24
721,1377403255,22.23
721,1377403260,22.24
721,1377403265,22.24
721,1377403270,22.24
721,1377403275,22.24
721,1377403280,22.24
721,1377403285,22.24
721,1377403290,22.24
721,1377403295,22.22
721,1377403300,22.24
721,1377403305,22.23
721,1377403310,22.24
721,1377403315,22.22
721,1377403320,22.23
721,1377403325,22.24
721,1377403330,22.23
721,1377403335,22.23
721,1377403340,22.24
721,1377403345,22.23
721,1377403350,22.23
721,1377403355,22.24
721,1377403360,22.23
721,1377403365,22.23
721,1377403370,22.23
721,1377403375,22.24
721,1377403380,22.24
721,1377403385,22.23
721,1377403390,22.22
721,1377403395,22.23
721,1377403400,22.23
721,1377403405,22.24
721,1377403410,22.23
721,1377403415,22.23
721,1377403420,22.23
721,1377403425,22.23
721,1377403430,22.22
721,1377403435,22.22
721,1377403440,22.22
721,1377403445,22.23
721,1377403450,22.23
721,1377403455,22.23
721,1377403460,22.23
721,1377403465,22.22
721,1377403470,22.22
721,1377403475,22.22
721,1377403480,22.22
721,1377403485,22.22
721,1377403490,22.22
721,1377403495,22.22
721,1377403500,22.22
721,1377403505,22.22
721,1377403510,22.2
721,1377403515,22.21
721,1377403520,22.22
721,1377403525,22.2
721,1377403530,22.22
721,1377403535,22.22
721,1377403540,22.21
721,1377403545,22.21
721,1377403550,22.21
721,1377403555,22.2
721,1377403560,22.2
721,1377403565,22.21
721,1377403570,22.22
721,1377403575,22.22
721,1377403580,22.2
721,1377403585,22.2
721,1377403590,22.21
721,1377403595,22.2
721,1377403600,22.2
721,1377403605,22.2
721,1377403610,22.2
721,1377403615,22.21
721,1377403620,22.2
721,1377403625,22.2
721,1377403630,22.2
721,1377403635,22.2
721,1377403640,22.21
721,1377403645,22.2
721,1377403650,22.2
721,1377403655,22.2
721,1377403660,22.19
721,1377403665,22.2
721,1377403670,22.19
721,1377403675,22.2
721,1377403680,22.19
721,1377403685,22.19
721,1377403690,22.19
721,1377403695,22.19
721,1377403700,22.2
721,1377403705,22.2
721,1377403710,22.19
721,1377403715,22.19
721,1377403720,22.19
721,1377403725,22.19
721,1377403730,22.18
721,1377403735,22.19
721,1377403740,22.18
721,1377403745,22.19
721,1377403750,22.18
721,1377403755,22.19
721,1377403760,22.18
721,1377403765,22.19
721,1377403770,22.18
721,1377403775,22.18
721,1377403780,22.18
721,1377403785,22.17
721,1377403790,22.18
721,1377403795,22.18
721,1377403800,22.18
721,1377403805,22.17
721,1377403810,22.17
721,1377403815,22.18
721,1377403820,22.17
721,1377403825,22.17
721,1377403830,22.18
721,1377403835,22.17
721,1377403840,22.17
721,1377403845,22.16
721,1377403850,22.16
721,1377403855,22.16
721,1377403860,22.17
721,1377403865,22.16
721,1377403870,22.17
721,1377403875,22.16
721,1377403880,22.16
721,1377403885,22.16
721,1377403890,22.16
721,1377403895,22.16
721,1377403900,22.16
721,1377403905,22.16
721,1377403910,22.17
721,1377403915,22.15
721,1377403920,22.17
721,1377403925,22.16
721,1377403930,22.15
721,1377403935,22.15
721,1377403940,22.16
721,1377403945,22.16
721,1377403950,22.16
721,1377403955,22.16
721,1377403960,22.14
721,1377403965,22.15
721,1377403970,22.14
721,1377403975,22.14
721,1377403980,22.14
721,1377403985,22.14
721,1377403990,22.14
721,1377403995,22.14
721,1377404000,22.14
721,1377404005,22.13
721,1377404010,22.13
721,1377404015,22.14
721,1377404020,22.13
721,1377404025,22.14
721,1377404030,22.14
721,1377404035,22.14
721,1377404040,22.15
721,1377404045,22.13
721,1377404050,22.13
721,1377404055,22.13
721,1377404060,22.13
721,1377404065,22.14
721,1377404070,22.14
721,1377404075,22.14
721,1377404080,22.12
721,1377404085,22.13
721,1377404090,22.13
721,1377404095,22.13
721,1377404100,22.13
721,1377404105,22.13
721,1377404110,22.14
721,1377404115,22.12
721,1377404120,22.13
721,1377404125,22.12
721,1377404130,22.13
721,1377404135,22.12
721,1377404140,22.12
721,1377404145,22.12
721,1377404150,22.13
721,1377404155,22.13
721,1377404160,22.12
721,1377404165,22.12
721,1377404170,22.12
721,1377404175,22.12
721,1377404180,22.12
721,1377404185,22.11
721,1377404190,22.13
721,1377404195,22.12
721,1377404200,22.11
721,1377404205,22.12
721,1377404210,22.12
721,1377404215,22.11
721,1377404220,22.12
721,1377404225,22.12
721,1377404230,22.12
721,1377404235,22.11
721,1377404240,22.12
721,1377404245,22.11
721,1377404250,22.11
721,1377404255,22.1
721,1377404260,22.11
721,1377404265,22.11
721,1377404270,22.1
721,1377404275,22.1
721,1377404280,22.1
721,1377404285,22.1
721,1377404290,22.1
721,1377404295,22.1
721,1377404300,22.1
721,1377404305,22.1
721,1377404310,22.1
721,1377404315,22.1
721,1377404320,22.09
721,1377404325,22.09
721,1377404330,22.09
721,1377404335,22.11
721,1377404340,22.1
721,1377404345,22.09
721,1377404351,22.09
721,1377404355,22.09
721,1377404360,22.1
721,1377404365,22.09
721,1377404370,22.09
721,1377404375,22.09
721,1377404380,22.08
721,1377404385,22.09
721,1377404390,22.09
721,1377404395,22.08
721,1377404400,22.08
721,1377404405,22.1
721,1377404410,22.09
721,1377404415,22.08
721,1377404420,22.08
721,1377404425,22.1
721,1377404430,22.08
721,1377404435,22.08
721,1377404440,22.08
721,1377404445,22.08
721,1377404450,22.08
721,1377404455,22.08
721,1377404460,22.08
721,1377404465,22.08
721,1377404470,22.08
721,1377404475,22.08
721,1377404480,22.08
721,1377404485,22.07
721,1377404490,22.08
721,1377404495,22.07
721,1377404500,22.08
721,1377404505,22.06
721,1377404510,22.07
721,1377404515,22.08
721,1377404520,22.06
721,1377404525,22.06
721,1377404530,22.07
721,1377404535,22.06
721,1377404540,22.06
721,1377404545,22.06
721,1377404550,22.06
721,1377404555,22.06
721,1377404560,22.06
721,1377404565,22.06
721,1377404570,22.06
721,1377404575,22.07
721,1377404580,22.06
721,1377404585,22.06
721,1377404590,22.06
721,1377404595,22.05
721,1377404600,22.05
721,1377404605,22.04
721,1377404610,22.05
721,1377404615,22.05
721,1377404620,22.05
721,1377404625,22.06
721,1377404630,22.04
721,1377404635,22.05
721,1377404640,22.04
721,1377404645,22.05
721,1377404650,22.04
721,1377404655,22.04
721,1377404660,22.04
721,1377404665,22.04
721,1377404670,22.04
721,1377404675,22.05
721,1377404680,22.04
721,1377404685,22.04
721,1377404690,22.04
721,1377404695,22.04
721,1377404700,22.04
721,1377404705,22.04
721,1377404710,22.04
721,1377404715,22.04
721,1377404720,22.04
721,1377404725,22.03
721,1377404730,22.05
721,1377404735,22.03
721,1377404740,22.03
721,1377404745,22.04
721,1377404750,22.03
721,1377404755,22.03
721,1377404760,22.04
721,1377404765,22.04
721,1377404770,22.03
721,1377404775,22.03
721,1377404780,22.03
721,1377404785,22.03
721,1377404790,22.03
721,1377404795,22.03
721,1377404800,22.03
721,1377404805,22.02
721,1377404810,22.02
721,1377404815,22.02
721,1377404820,22.03
721,1377404825,22.03
721,1377404830,22.02
721,1377404835,22.03
721,1377404840,22.02
721,1377404845,22.02
721,1377404850,22.03
721,1377404855,22.04
721,1377404860,22.03
721,1377404865,22.02
721,1377404870,22.03
721,1377404875,22.02
721,1377404880,22.02
721,1377404885,22.02
721,1377404890,22.01
721,1377404895,22.02
721,1377404900,22.02
721,1377404905,22.0
721,1377404910,22.02
721,1377404915,22.01
721,1377404920,22.0
721,1377404925,22.01
721,1377404930,22.01
721,1377404935,22.01
721,1377404940,22.02
721,1377404945,22.01
721,1377404950,22.01
721,1377404955,22.01
721,1377404960,22.0
721,1377404965,22.0
721,1377404970,22.02
721,1377404975,22.0
721,1377404980,22.02
721,1377404985,22.0
721,1377404990,22.01
721,1377404995,22.02
721,1377405000,22.01
721,1377405005,22.0
721,1377405010,22.0
721,1377405015,22.0
721,1377405020,21.99
721,1377405025,21.99
721,1377405030,21.98
721,1377405035,21.99
721,1377405040,22.0
721,1377405045,22.0
721,1377405050,22.0
721,1377405055,22.0
721,1377405060,21.98
721,1377405065,21.99
721,1377405070,21.99
721,1377405075,22.0
721,1377405080,21.98
721,1377405085,21.99
721,1377405090,21.99
721,1377405095,21.99
721,1377405100,21.98
721,1377405105,22.0
721,1377405110,21.98
721,1377405115,21.99
721,1377405120,22.0
721,1377405125,22.0
721,1377405130,21.99
721,1377405135,21.99
721,1377405140,21.98
721,1377405145,21.98
721,1377405150,21.98
721,1377405155,21.98
721,1377405160,21.98
721,1377405165,21.98
721,1377405170,21.98
721,1377405175,21.97
721,1377405180,21.98
721,1377405185,21.97
721,1377405190,21.98
721,1377405195,21.98
721,1377405200,21.96
721,1377405205,21.97
721,1377405210,21.96
721,1377405215,21.96
721,1377405220,21.96
721,1377405225,21.96
721,1377405230,21.96
721,1377405235,21.96
721,1377405240,21.96
721,1377405245,21.96
721,1377405250,21.96
721,1377405255,21.95
721,1377405260,21.96
721,1377405265,21.96
721,1377405270,21.95
721,1377405275,21.96
721,1377405280,21.96
721,1377405285,21.96
721,1377405290,21.96
721,1377405295,21.95
721,1377405300,21.95
721,1377405305,21.95
721,1377405310,21.94
721,1377405315,21.95
721,1377405320,21.96
721,1377405325,21.96
721,1377405330,21.96
721,1377405335,21.94
721,1377405340,21.94
721,1377405345,21.95
721,1377405350,21.95
721,1377405355,21.94
721,1377405360,21.94
721,1377405365,21.94
721,1377405370,21.94
721,1377405375,21.94
721,1377405380,21.94
721,1377405385,21.94
721,1377405390,21.93
721,1377405395,21.94
721,1377405400,21.93
721,1377405405,21.93
721,1377405410,21.94
721,1377405415,21.93
721,1377405420,21.93
721,1377405425,21.92
721,1377405430,21.93
721,1377405435,21.93
721,1377405440,21.93
721,1377405445,21.94
721,1377405450,21.94
721,1377405455,21.94
721,1377405460,21.93
721,1377405465,21.93
721,1377405470,21.94
721,1377405475,21.92
721,1377405480,21.92
721,1377405485,21.93
721,1377405490,21.93
721,1377405495,21.92
721,1377405500,21.92
721,1377405505,21.92
721,1377405510,21.93
721,1377405515,21.93
721,1377405520,21.92
721,1377405525,21.92
721,1377405530,21.92
721,1377405535,21.92
721,1377405540,21.92
721,1377405545,21.93
721,1377405550,21.92
721,1377405555,21.92
721,1377405560,21.92
721,1377405565,21.92
721,1377405570,21.92
721,1377405575,21.91
721,1377405580,21.91
721,1377405585,21.91
721,1377405590,21.91
721,1377405595,21.91
721,1377405600,21.91
721,1377405605,21.9
721,1377405610,21.89
721,1377405615,21.9
721,1377405620,21.9
721,1377405625,21.91
721,1377405630,21.9
721,1377405635,21.9
721,1377405640,21.89
721,1377405645,21.89
721,1377405650,21.89
721,1377405655,21.9
721,1377405660,21.89
721,1377405665,21.88
721,1377405670,21.88
721,1377405675,21.88
721,1377405680,21.89
721,1377405685,21.88
721,1377405690,21.88
721,1377405695,21.88
721,1377405700,21.89
721,1377405705,21.89
721,1377405710,21.88
721,1377405715,21.88
721,1377405720,21.88
721,1377405725,21.87
721,1377405730,21.88
721,1377405735,21.87
721,1377405740,21.87
721,1377405745,21.87
721,1377405750,21.86
721,1377405755,21.86
721,1377405760,21.86
721,1377405765,21.86
721,1377405770,21.86
721,1377405775,21.86
721,1377405780,21.87
721,1377405785,21.86
721,1377405790,21.87
721,1377405795,21.86
721,1377405800,21.85
721,1377405805,21.87
721,1377405810,21.86
721,1377405815,21.84
721,1377405820,21.86
721,1377405825,21.85
721,1377405830,21.86
721,1377405835,21.86
721,1377405840,21.85
721,1377405845,21.86
721,1377405850,21.84
721,1377405855,21.84
721,1377405860,21.85
721,1377405865,21.84
721,1377405870,21.85
721,1377405875,21.84
721,1377405880,21.86
721,1377405885,21.85
721,1377405890,21.85
721,1377405895,21.85
721,1377405900,21.84
721,1377405905,21.85
721,1377405910,21.85
721,1377405915,21.84
721,1377405920,21.84
721,1377405925,21.84
721,1377405930,21.84
721,1377405935,21.84
721,1377405940,21.84
721,1377405945,21.83
721,1377405950,21.83
721,1377405955,21.84
721,1377405960,21.84
721,1377405965,21.83
721,1377405970,21.83
721,1377405975,21.82
721,1377405980,21.83
721,1377405985,21.83
721,1377405990,21.84
721,1377405995,21.82
721,1377406000,21.83
721,1377406005,21.82
721,1377406010,21.82
721,1377406015,21.82
721,1377406020,21.82
721,1377406025,21.82
721,1377406030,21.82
721,1377406035,21.82
721,1377406040,21.82
721,1377406045,21.81
721,1377406050,21.81
721,1377406055,21.81
721,1377406060,21.8
721,1377406065,21.8
721,1377406070,21.82
721,1377406075,21.81
721,1377406080,21.8
721,1377406085,21.8
721,1377406090,21.79
721,1377406095,21.79
721,1377406100,21.81
721,1377406105,21.8
721,1377406110,21.81
721,1377406115,21.8
721,1377406121,21.81
721,1377406125,21.81
721,1377406130,21.8
721,1377406135,21.8
721,1377406140,21.8
721,1377406145,21.8
721,1377406150,21.8
721,1377406155,21.8
721,1377406160,21.79
721,1377406165,21.79
721,1377406170,21.79
721,1377406175,21.8
721,1377406180,21.78
721,1377406185,21.79
721,1377406190,21.78
721,1377406195,21.79
721,1377406200,21.79
721,1377406205,21.78
721,1377406210,21.78
721,1377406215,21.78
721,1377406220,21.78
721,1377406225,21.77
721,1377406230,21.77
721,1377406235,21.78
721,1377406240,21.78
721,1377406245,21.77
721,1377406250,21.77
721,1377406255,21.78
721,1377406260,21.77
721,1377406265,21.78
721,1377406270,21.77
721,1377406275,21.77
721,1377406280,21.77
721,1377406285,21.78
721,1377406290,21.77
721,1377406295,21.78
721,1377406300,21.77
721,1377406305,21.77
721,1377406310,21.77
721,1377406315,21.76
721,1377406320,21.78
721,1377406325,21.77
721,1377406330,21.77
721,1377406335,21.77
721,1377406340,21.78
721,1377406345,21.77
721,1377406350,21.77
721,1377406355,21.76
721,1377406360,21.76
721,1377406365,21.76
721,1377406370,21.76
721,1377406375,21.76
721,1377406380,21.77
721,1377406385,21.76
721,1377406390,21.75
721,1377406395,21.75
721,1377406400,21.76
721,1377406405,21.76
721,1377406410,21.76
721,1377406415,21.76
721,1377406420,21.75
721,1377406425,21.74
721,1377406430,21.76
721,1377406435,21.76
721,1377406440,21.75
721,1377406445,21.74
721,1377406450,21.76
721,1377406455,21.74
721,1377406460,21.76
721,1377406465,21.76
721,1377406470,21.75
721,1377406475,21.74
721,1377406480,21.74
721,1377406485,21.74
721,1377406490,21.74
721,1377406495,21.73
721,1377406500,21.74
721,1377406505,21.73
721,1377406510,21.74
721,1377406515,21.73
721,1377406520,21.72
721,1377406525,21.73
721,1377406530,21.73
721,1377406535,21.73
721,1377406540,21.73
721,1377406545,21.74
721,1377406550,21.72
721,1377406555,21.72
721,1377406560,21.72
721,1377406565,21.72
721,1377406570,21.73
721,1377406575,21.72
721,1377406580,21.72
721,1377406585,21.73
721,1377406590,21.71
721,1377406595,21.72
721,1377406600,21.71
721,1377406605,21.71
721,1377406610,21.72
721,1377406615,21.72
721,1377406620,21.72
721,1377406625,21.71
721,1377406630,21.72
721,1377406635,21.7
721,1377406640,21.7
721,1377406645,21.71
721,1377406650,21.7
721,1377406655,21.7
721,1377406660,21.7
721,1377406665,21.7
721,1377406670,21.7
721,1377406675,21.7
721,1377406680,21.71
721,1377406685,21.7
721,1377406690,21.7
721,1377406695,21.69
721,1377406700,21.69
721,1377406705,21.69
721,1377406710,21.68
721,1377406715,21.69
721,1377406720,21.67
721,1377406725,21.69
721,1377406730,21.7
721,1377406735,21.69
721,1377406740,21.69
721,1377406745,21.68
721,1377406750,21.68
721,1377406755,21.68
721,1377406760,21.68
721,1377406765,21.68
721,1377406770,21.68
721,1377406775,21.68
721,1377406780,21.68
721,1377406785,21.69
721,1377406790,21.68
721,1377406795,21.66
721,1377406800,21.67
721,1377406805,21.68
721,1377406810,21.67
721,1377406815,21.68
721,1377406820,21.67
721,1377406825,21.66
721,1377406830,21.66
721,1377406835,21.67
721,1377406840,21.67
721,1377406845,21.66
721,1377406850,21.67
721,1377406855,21.66
721,1377406860,21.67
721,1377406865,21.66
721,1377406870,21.66
721,1377406875,21.66
721,1377406880,21.66
721,1377406885,21.64
721,1377406890,21.66
721,1377406895,21.66
721,1377406900,21.65
721,1377406905,21.65
721,1377406910,21.65
721,1377406915,21.65
721,1377406920,21.65
721,1377406925,21.65
721,1377406930,21.64
721,1377406935,21.64
721,1377406940,21.66
721,1377406945,21.64
721,1377406950,21.64
721,1377406955,21.65
721,1377406960,21.64
721,1377406965,21.64
721,1377406970,21.64
721,1377406975,21.66
721,1377406980,21.66
721,1377406985,21.64
721,1377406990,21.64
721,1377406995,21.64
721,1377407000,21.64
721,1377407005,21.64
721,1377407010,21.64
721,1377407015,21.63
721,1377407020,21.63
721,1377407025,21.64
721,1377407030,21.63
721,1377407035,21.63
721,1377407040,21.64
721,1377407045,21.62
721,1377407050,21.64
721,1377407055,21.64
721,1377407060,21.63
721,1377407065,21.63
721,1377407070,21.62
721,1377407075,21.63
721,1377407080,21.63
721,1377407085,21.62
721,1377407090,21.62
721,1377407095,21.62
721,1377407100,21.62
721,1377407105,21.62
721,1377407110,21.62
721,1377407115,21.62
721,1377407120,21.62
721,1377407125,21.62
721,1377407130,21.62
721,1377407135,21.62
721,1377407140,21.62
721,1377407145,21.62
721,1377407150,21.62
721,1377407155,21.63
721,1377407160,21.62
721,1377407165,21.62
721,1377407170,21.62
721,1377407175,21.61
721,1377407180,21.61
721,1377407185,21.61
721,1377407190,21.62
721,1377407195,21.62
721,1377407200,21.61
721,1377407205,21.61
721,1377407210,21.62
721,1377407215,21.61
721,1377407220,21.62
721,1377407225,21.62
721,1377407230,21.6
721,1377407235,21.62
721,1377407240,21.61
721,1377407245,21.61
721,1377407250,21.6
721,1377407255,21.61
721,1377407260,21.62
721,1377407265,21.61
721,1377407270,21.62
721,1377407275,21.61
721,1377407280,21.61
721,1377407285,21.6
721,1377407290,21.6
721,1377407295,21.62
721,1377407300,21.61
721,1377407305,21.61
721,1377407310,21.61
721,1377407315,21.6
721,1377407320,21.6
721,1377407325,21.6
721,1377407330,21.6
721,1377407335,21.6
721,1377407340,21.59
721,1377407345,21.6
721,1377407350,21.6
721,1377407355,21.6
721,1377407360,21.59
721,1377407365,21.59
721,1377407370,21.6
721,1377407375,21.6
721,1377407380,21.59
721,1377407385,21.59
721,1377407390,21.59
721,1377407395,21.59
721,1377407400,21.58
721,1377407405,21.59
721,1377407410,21.59
721,1377407415,21.59
721,1377407420,21.59
721,1377407425,21.59
721,1377407430,21.58
721,1377407435,21.59
721,1377407440,21.59
721,1377407445,21.59
721,1377407450,21.58
721,1377407455,21.59
721,1377407460,21.58
721,1377407465,21.58
721,1377407470,21.58
721,1377407475,21.58
721,1377407480,21.58
721,1377407485,21.58
721,1377407490,21.58
721,1377407495,21.59
721,1377407500,21.58
721,1377407505,21.58
721,1377407510,21.58
721,1377407515,21.58
721,1377407520,21.58
721,1377407525,21.57
721,1377407530,21.58
721,1377407535,21.58
721,1377407540,21.58
721,1377407545,21.59
721,1377407550,21.58
721,1377407555,21.57
721,1377407560,21.58
721,1377407565,21.58
721,1377407570,21.58
721,1377407575,21.59
721,1377407580,21.58
721,1377407585,21.58
721,1377407590,21.58
721,1377407595,21.58
721,1377407600,21.58
721,1377407605,21.58
721,1377407610,21.58
721,1377407615,21.58
721,1377407620,21.57
721,1377407625,21.58
721,1377407630,21.56
721,1377407635,21.57
721,1377407640,21.58
721,1377407645,21.56
721,1377407650,21.56
721,1377407655,21.57
721,1377407660,21.57
721,1377407665,21.57
721,1377407670,21.56
721,1377407675,21.56
721,1377407680,21.57
721,1377407685,21.56
721,1377407690,21.57
721,1377407695,21.57
721,1377407700,21.56
721,1377407705,21.55
721,1377407710,21.55
721,1377407715,21.56
721,1377407720,21.57
721,1377407725,21.56
721,1377407730,21.55
721,1377407735,21.55
721,1377407740,21.57
721,1377407745,21.56
721,1377407750,21.55
721,1377407755,21.56
721,1377407760,21.56
721,1377407765,21.56
721,1377407770,21.56
721,1377407775,21.57
721,1377407780,21.56
721,1377407785,21.56
721,1377407790,21.54
721,1377407795,21.55
721,1377407800,21.54
721,1377407805,21.54
721,1377407810,21.54
721,1377407815,21.54
721,1377407820,21.55
721,1377407825,21.55
721,1377407830,21.55
721,1377407835,21.54
721,1377407840,21.54
721,1377407845,21.55
721,1377407850,21.56
721,1377407855,21.55
721,1377407860,21.55
721,1377407865,21.54
721,1377407870,21.54
721,1377407875,21.55
721,1377407880,21.54
721,1377407885,21.53
721,1377407890,21.54
721,1377407895,21.54
721,1377407900,21.54
721,1377407905,21.53
721,1377407910,21.54
721,1377407915,21.53
721,1377407920,21.54
721,1377407925,21.54
721,1377407930,21.53
721,1377407935,21.53
721,1377407940,21.54
721,1377407945,21.53
721,1377407950,21.52
721,1377407955,21.53
721,1377407960,21.53
721,1377407965,21.52
721,1377407970,21.52
721,1377407975,21.53
721,1377407980,21.52
721,1377407985,21.52
721,1377407990,21.52
721,1377407995,21.52
721,1377408000,21.53
721,1377408005,21.53
721,1377408010,21.52
721,1377408015,21.53
721,1377408020,21.53
721,1377408025,21.52
721,1377408030,21.53
721,1377408035,21.53
721,1377408040,21.52
721,1377408045,21.53
721,1377408050,21.53
721,1377408055,21.52
721,1377408060,21.52
721,1377408065,21.52
721,1377408070,21.5
721,1377408075,21.52
721,1377408080,21.51
721,1377408085,21.52
721,1377408090,21.52
721,1377408095,21.52
721,1377408100,21.52
721,1377408105,21.52
721,1377408110,21.52
721,1377408115,21.51
721,1377408120,21.52
721,1377408125,21.51
721,1377408130,21.51
721,1377408135,21.52
721,1377408140,21.52
721,1377408145,21.5
721,1377408150,21.5
721,1377408155,21.5
721,1377408160,21.5
721,1377408165,21.5
721,1377408170,21.51
721,1377408175,21.5
721,1377408180,21.51
721,1377408185,21.5
721,1377408190,21.51
721,1377408195,21.5
721,1377408200,21.49
721,1377408205,21.49
721,1377408210,21.5
721,1377408215,21.49
721,1377408220,21.51
721,1377408225,21.5
721,1377408230,21.49
721,1377408235,21.5
721,1377408240,21.5
721,1377408245,21.49
721,1377408250,21.49
721,1377408255,21.5
721,1377408260,21.49
721,1377408265,21.48
721,1377408270,21.49
721,1377408275,21.48
721,1377408280,21.5
721,1377408285,21.48
721,1377408290,21.49
721,1377408295,21.49
721,1377408300,21.49
721,1377408305,21.48
721,1377408310,21.48
721,1377408315,21.48
721,1377408320,21.48
721,1377408325,21.49
721,1377408330,21.48
721,1377408335,21.48
721,1377408340,21.48
721,1377408345,21.48
721,1377408350,21.48
721,1377408355,21.47
721,1377408360,21.47
721,1377408365,21.48
721,1377408370,21.48
721,1377408375,21.46
721,1377408380,21.47
721,1377408385,21.48
721,1377408390,21.47
721,1377408395,21.47
721,1377408400,21.47
721,1377408405,21.47
721,1377408410,21.48
721,1377408415,21.46
721,1377408420,21.47
721,1377408425,21.47
721,1377408430,21.46
721,1377408435,21.47
721,1377408440,21.46
721,1377408445,21.46
721,1377408450,21.46
721,1377408455,21.46
721,1377408460,21.46
721,1377408465,21.47
721,1377408470,21.46
721,1377408475,21.46
721,1377408480,21.46
721,1377408485,21.44
721,1377408490,21.44
721,1377408495,21.45
721,1377408500,21.45
721,1377408505,21.45
721,1377408510,21.45
721,1377408515,21.46
721,1377408520,21.46
721,1377408525,21.46
721,1377408530,21.46
721,1377408535,21.46
721,1377408540,21.46
721,1377408545,21.46
721,1377408550,21.45
721,1377408555,21.45
721,1377408560,21.44
721,1377408565,21.45
721,1377408570,21.44
721,1377408575,21.46
721,1377408580,21.46
721,1377408585,21.46
721,1377408590,21.45
721,1377408595,21.44
721,1377408600,21.45
721,1377408605,21.44
721,1377408610,21.44
721,1377408615,21.44
721,1377408620,21.44
721,1377408625,21.45
721,1377408630,21.45
721,1377408635,21.44
721,1377408640,21.44
721,1377408645,21.45
721,1377408650,21.43
721,1377408655,21.44
721,1377408660,21.45
721,1377408665,21.45
721,1377408670,21.43
721,1377408675,21.43
721,1377408680,21.44
721,1377408685,21.44
721,1377408690,21.44
721,1377408695,21.44
721,1377408700,21.44
721,1377408705,21.44
721,1377408710,21.43
721,1377408715,21.44
721,1377408720,21.43
721,1377408725,21.44
721,1377408730,21.43
721,1377408735,21.44
721,1377408740,21.42
721,1377408745,21.43
721,1377408750,21.43
721,1377408755,21.42
721,1377408760,21.43
721,1377408765,21.42
721,1377408770,21.44
721,1377408775,21.42
721,1377408780,21.42
721,1377408785,21.44
721,1377408790,21.43
721,1377408795,21.44
721,1377408800,21.42
721,1377408805,21.43
721,1377408810,21.42
721,1377408815,21.41
721,1377408820,21.42
721,1377408825,21.44
721,1377408830,21.43
721,1377408835,21.42
721,1377408840,21.42
721,1377408845,21.43
721,1377408850,21.43
721,1377408855,21.42
721,1377408860,21.43
721,1377408865,21.43
721,1377408870,21.42
721,1377408875,21.42
721,1377408880,21.42
721,1377408885,21.41
721,1377408890,21.42
721,1377408895,21.42
721,1377408900,21.42
721,1377408905,21.43
721,1377408910,21.42
721,1377408915,21.43
721,1377408920,21.42
721,1377408925,21.42
721,1377408930,21.42
721,1377408935,21.42
721,1377408940,21.42
721,1377408945,21.41
721,1377408950,21.4
721,1377408955,21.4
721,1377408960,21.4
721,1377408965,21.41
721,1377408970,21.4
721,1377408975,21.41
721,1377408980,21.41
721,1377408985,21.41
721,1377408990,21.41
721,1377408995,21.4
721,1377409000,21.4
721,1377409005,21.4
721,1377409010,21.4
721,1377409015,21.4
721,1377409020,21.39
721,1377409025,21.41
721,1377409030,21.4
721,1377409035,21.4
721,1377409040,21.4
721,1377409045,21.4
721,1377409050,21.4
721,1377409055,21.4
721,1377409060,21.4
721,1377409065,21.39
721,1377409070,21.39
721,1377409075,21.38
721,1377409080,21.4
721,1377409085,21.4
721,1377409090,21.39
721,1377409095,21.4
721,1377409100,21.4
721,1377409105,21.39
721,1377409110,21.39
721,1377409115,21.39
721,1377409120,21.38
721,1377409125,21.38
721,1377409130,21.38
721,1377409135,21.39
721,1377409140,21.39
721,1377409145,21.39
721,1377409150,21.38
721,1377409155,21.38
721,1377409160,21.38
721,1377409165,21.38
721,1377409170,21.39
721,1377409175,21.38
721,1377409180,21.38
721,1377409185,21.38
721,1377409190,21.38
721,1377409195,21.37
721,1377409200,21.38
721,1377409205,21.37
721,1377409210,21.36
721,1377409215,21.37
721,1377409220,21.37
721,1377409225,21.37
721,1377409230,21.38
721,1377409235,21.36
721,1377409240,21.36
721,1377409245,21.37
721,1377409250,21.37
721,1377409255,21.37
721,1377409260,21.36
721,1377409265,21.36
721,1377409270,21.36
721,1377409275,21.36
721,1377409280,21.36
721,1377409285,21.36
721,1377409290,21.36
721,1377409295,21.36
721,1377409300,21.36
721,1377409305,21.36
721,1377409310,21.36
721,1377409315,21.36
721,1377409320,21.36
721,1377409325,21.36
721,1377409330,21.36
721,1377409335,21.36
721,1377409340,21.36
721,1377409345,21.37
721,1377409350,21.36
721,1377409355,21.36
721,1377409360,21.36
721,1377409365,21.35
721,1377409370,21.35
721,1377409375,21.35
721,1377409380,21.35
721,1377409385,21.36
721,1377409390,21.36
721,1377409395,21.36
721,1377409400,21.35
721,1377409405,21.35
721,1377409410,21.35
721,1377409415,21.35
721,1377409420,21.35
721,1377409425,21.35
721,1377409430,21.35
721,1377409435,21.34
721,1377409440,21.35
721,1377409445,21.34
721,1377409450,21.35
721,1377409455,21.34
721,1377409460,21.35
721,1377409465,21.35
721,1377409470,21.34
721,1377409475,21.34
721,1377409480,21.34
721,1377409485,21.34
721,1377409490,21.34
721,1377409495,21.35
721,1377409500,21.34
721,1377409505,21.34
721,1377409510,21.35
721,1377409515,21.34
721,1377409520,21.35
721,1377409525,21.34
721,1377409530,21.36
721,1377409535,21.33
721,1377409540,21.33
721,1377409545,21.34
721,1377409550,21.34
721,1377409555,21.34
721,1377409560,21.34
721,1377409565,21.34
721,1377409570,21.34
721,1377409575,21.34
721,1377409580,21.35
721,1377409585,21.34
721,1377409590,21.34
721,1377409595,21.33
721,1377409600,21.34
721,1377409605,21.34
721,1377409610,21.34
721,1377409615,21.33
721,1377409620,21.34
721,1377409625,21.34
721,1377409631,21.33
721,1377409635,21.34
721,1377409640,21.34
721,1377409645,21.34
721,1377409650,21.34
721,1377409655,21.33
721,1377409660,21.34
721,1377409665,21.34
721,1377409670,21.34
721,1377409675,21.34
721,1377409680,21.34
721,1377409685,21.34
721,1377409690,21.34
721,1377409695,21.34
721,1377409700,21.34
721,1377409705,21.34
721,1377409710,21.34
721,1377409715,21.34
721,1377409720,21.34
721,1377409725,21.33
721,1377409730,21.33
721,1377409735,21.34
721,1377409740,21.34
721,1377409745,21.33
721,1377409750,21.34
721,1377409755,21.34
721,1377409760,21.33
721,1377409765,21.32
721,1377409770,21.33
721,1377409775,21.33
721,1377409780,21.33
721,1377409785,21.33
721,1377409790,21.33
721,1377409795,21.33
721,1377409800,21.32
721,1377409805,21.33
721,1377409810,21.33
721,1377409815,21.32
721,1377409820,21.33
721,1377409825,21.34
721,1377409830,21.32
721,1377409835,21.32
721,1377409840,21.32
721,1377409845,21.32
721,1377409850,21.31
721,1377409855,21.32
721,1377409860,21.32
721,1377409865,21.31
721,1377409870,21.31
721,1377409875,21.32
721,1377409880,21.32
721,1377409885,21.32
721,1377409890,21.31
721,1377409895,21.32
721,1377409900,21.31
721,1377409905,21.32
721,1377409910,21.31
721,1377409915,21.3
721,1377409920,21.32
721,1377409925,21.32
721,1377409930,21.32
721,1377409935,21.31
721,1377409940,21.3
721,1377409945,21.3
721,1377409950,21.3
721,1377409955,21.3
721,1377409960,21.3
721,1377409965,21.3
721,1377409970,21.3
721,1377409975,21.3
721,1377409980,21.3
721,1377409985,21.31
721,1377409990,21.31
721,1377409995,21.3
721,1377410000,21.31
721,1377410005,21.31
721,1377410010,21.3
721,1377410015,21.3
721,1377410020,21.3
721,1377410025,21.28
721,1377410030,21.3
721,1377410035,21.3
721,1377410040,21.3
721,1377410045,21.3
721,1377410050,21.29
721,1377410055,21.31
721,1377410060,21.3
721,1377410065,21.29
721,1377410070,21.3
721,1377410075,21.29
721,1377410080,21.3
721,1377410085,21.3
721,1377410090,21.29
721,1377410095,21.3
721,1377410100,21.3
721,1377410105,21.3
721,1377410110,21.3
721,1377410115,21.31
721,1377410120,21.29
721,1377410125,21.29
721,1377410130,21.3
721,1377410135,21.29
721,1377410140,21.31
721,1377410145,21.31
721,1377410150,21.3
721,1377410155,21.3
721,1377410160,21.29
721,1377410165,21.29
721,1377410170,21.3
721,1377410175,21.28
721,1377410180,21.29
721,1377410185,21.29
721,1377410190,21.29
721,1377410195,21.29
721,1377410200,21.3
721,1377410205,21.3
721,1377410210,21.29
721,1377410215,21.28
721,1377410220,21.3
721,1377410225,21.3
721,1377410230,21.29
721,1377410235,21.29
721,1377410240,21.3
721,1377410245,21.29
721,1377410250,21.28
721,1377410255,21.3
721,1377410260,21.29
721,1377410265,21.28
721,1377410270,21.29
721,1377410275,21.29
721,1377410280,21.29
721,1377410285,21.28
721,1377410290,21.29
721,1377410295,21.28
721,1377410300,21.28
721,1377410305,21.28
721,1377410310,21.28
721,1377410315,21.28
721,1377410320,21.29
721,1377410325,21.28
721,1377410330,21.28
721,1377410335,21.26
721,1377410340,21.27
721,1377410345,21.27
721,1377410350,21.27
721,1377410355,21.27
721,1377410360,21.28
721,1377410365,21.28
721,1377410370,21.27
721,1377410375,21.28
721,1377410380,21.27
721,1377410385,21.28
721,1377410390,21.28
721,1377410395,21.28
721,1377410400,21.27
721,1377410405,21.26
721,1377410410,21.27
721,1377410415,21.27
721,1377410420,21.28
721,1377410425,21.27
721,1377410430,21.28
721,1377410435,21.28
721,1377410440,21.28
721,1377410445,21.28
721,1377410450,21.28
721,1377410455,21.28
721,1377410460,21.29
721,1377410465,21.28
721,1377410470,21.28
721,1377410475,21.28
721,1377410480,21.28
721,1377410485,21.28
721,1377410490,21.28
721,1377410495,21.28
721,1377410500,21.28
721,1377410505,21.28
721,1377410510,21.28
721,1377410515,21.28
721,1377410520,21.27
721,1377410525,21.27
721,1377410530,21.27
721,1377410535,21.28
721,1377410540,21.26
721,1377410545,21.27
721,1377410550,21.27
721,1377410555,21.27
721,1377410560,21.27
721,1377410565,21.28
721,1377410570,21.27
721,1377410575,21.28
721,1377410580,21.29
721,1377410585,21.27
721,1377410590,21.27
721,1377410595,21.27
721,1377410600,21.27
721,1377410605,21.27
721,1377410610,21.28
721,1377410615,21.27
721,1377410620,21.26
721,1377410625,21.27
721,1377410630,21.28
721,1377410635,21.28
721,1377410640,21.28
721,1377410645,21.27
721,1377410650,21.28
721,1377410655,21.27
721,1377410660,21.28
721,1377410665,21.28
721,1377410670,21.28
721,1377410675,21.28
721,1377410680,21.27
721,1377410685,21.26
721,1377410690,21.27
721,1377410695,21.26
721,1377410700,21.27
721,1377410705,21.27
721,1377410710,21.27
721,1377410715,21.27
721,1377410720,21.27
721,1377410725,21.27
721,1377410730,21.26
721,1377410735,21.27
721,1377410740,21.27
721,1377410745,21.26
721,1377410750,21.26
721,1377410755,21.26
721,1377410760,21.26
721,1377410765,21.26
721,1377410770,21.26
721,1377410775,21.26
721,1377410780,21.25
721,1377410785,21.24
721,1377410790,21.26
721,1377410795,21.26
721,1377410800,21.24
721,1377410805,21.24
721,1377410810,21.26
721,1377410815,21.25
721,1377410820,21.25
721,1377410825,21.25
721,1377410830,21.24
721,1377410835,21.24
721,1377410840,21.24
721,1377410845,21.25
721,1377410850,21.24
721,1377410855,21.24
721,1377410860,21.24
721,1377410865,21.24
721,1377410870,21.24
721,1377410875,21.25
721,1377410880,21.25
721,1377410885,21.24
721,1377410890,21.24
721,1377410895,21.24
721,1377410900,21.24
721,1377410905,21.24
721,1377410910,21.24
721,1377410915,21.24
721,1377410920,21.23
721,1377410925,21.22
721,1377410930,21.24
721,1377410935,21.24
721,1377410940,21.24
721,1377410945,21.23
721,1377410950,21.24
721,1377410955,21.22
721,1377410960,21.24
721,1377410965,21.23
721,1377410970,21.23
721,1377410975,21.24
721,1377410980,21.22
721,1377410985,21.23
721,1377410990,21.23
721,1377410995,21.23
721,1377411000,21.24
721,1377411005,21.24
721,1377411010,21.22
721,1377411015,21.24
721,1377411020,21.22
721,1377411025,21.24
721,1377411030,21.24
721,1377411035,21.23
721,1377411040,21.23
721,1377411045,21.24
721,1377411050,21.24
721,1377411055,21.25
721,1377411060,21.24
721,1377411065,21.24
721,1377411070,21.23
721,1377411075,21.24
721,1377411080,21.24
721,1377411085,21.24
721,1377411090,21.23
721,1377411095,21.22
721,1377411100,21.24
721,1377411105,21.23
721,1377411110,21.22
721,1377411115,21.24
721,1377411120,21.23
721,1377411125,21.23
721,1377411130,21.23
721,1377411135,21.23
721,1377411140,21.22
721,1377411145,21.24
721,1377411150,21.22
721,1377411155,21.23
721,1377411160,21.22
721,1377411165,21.22
721,1377411170,21.22
721,1377411175,21.22
721,1377411180,21.23
721,1377411185,21.21
721,1377411190,21.21
721,1377411195,21.22
721,1377411200,21.22
721,1377411205,21.22
721,1377411210,21.2
721,1377411215,21.22
721,1377411220,21.21
721,1377411225,21.21
721,1377411230,21.22
721,1377411235,21.22
721,1377411240,21.22
721,1377411245,21.21
721,1377411250,21.22
721,1377411255,21.22
721,1377411260,21.21
721,1377411265,21.21
721,1377411270,21.22
721,1377411275,21.22
721,1377411280,21.22
721,1377411285,21.2
721,1377411290,21.22
721,1377411295,21.21
721,1377411300,21.21
721,1377411305,21.2
721,1377411310,21.21
721,1377411315,21.21
721,1377411320,21.22
721,1377411325,21.21
721,1377411330,21.21
721,1377411335,21.21
721,1377411340,21.22
721,1377411345,21.2
721,1377411350,21.21
721,1377411355,21.2
721,1377411360,21.21
721,1377411365,21.21
721,1377411370,21.2
721,1377411375,21.2
721,1377411380,21.2
721,1377411385,21.21
721,1377411390,21.19
721,1377411395,21.2
721,1377411400,21.19
721,1377411405,21.2
721,1377411410,21.19
721,1377411415,21.18
721,1377411420,21.19
721,1377411425,21.2
721,1377411430,21.21
721,1377411435,21.2
721,1377411440,21.2
721,1377411445,21.2
721,1377411450,21.2
721,1377411455,21.2
721,1377411460,21.2
721,1377411465,21.19
721,1377411470,21.2
721,1377411475,21.18
721,1377411480,21.18
721,1377411485,21.18
721,1377411490,21.18
721,1377411495,21.2
721,1377411500,21.2
721,1377411505,21.19
721,1377411510,21.19
721,1377411515,21.19
721,1377411520,21.19
721,1377411525,21.2
721,1377411530,21.19
721,1377411535,21.19
721,1377411540,21.19
721,1377411545,21.19
721,1377411550,21.19
721,1377411555,21.18
721,1377411560,21.18
721,1377411565,21.19
721,1377411570,21.18
721,1377411575,21.19
721,1377411580,21.18
721,1377411585,21.19
721,1377411590,21.18
721,1377411595,21.19
721,1377411600,21.19
721,1377411605,21.19
721,1377411610,21.18
721,1377411615,21.18
721,1377411620,21.19
721,1377411625,21.18
721,1377411630,21.19
721,1377411635,21.19
721,1377411640,21.18
721,1377411645,21.18
721,1377411650,21.18
721,1377411655,21.18
721,1377411660,21.18
721,1377411665,21.19
721,1377411670,21.19
721,1377411675,21.18
721,1377411680,21.18
721,1377411685,21.18
721,1377411690,21.18
721,1377411695,21.19
721,1377411700,21.18
721,1377411705,21.18
721,1377411710,21.18
721,1377411715,21.17
721,1377411720,21.18
721,1377411725,21.18
721,1377411730,21.19
721,1377411735,21.17
721,1377411740,21.18
721,1377411745,21.18
721,1377411750,21.18
721,1377411755,21.18
721,1377411760,21.16
721,1377411765,21.17
721,1377411770,21.17
721,1377411775,21.18
721,1377411780,21.17
721,1377411785,21.19
721,1377411790,21.17
721,1377411795,21.18
721,1377411800,21.17
721,1377411805,21.17
721,1377411810,21.18
721,1377411815,21.16
721,1377411820,21.17
721,1377411825,21.16
721,1377411830,21.16
721,1377411835,21.16
721,1377411840,21.17
721,1377411845,21.17
721,1377411850,21.16
721,1377411855,21.16
721,1377411860,21.17
721,1377411865,21.16
721,1377411870,21.17
721,1377411875,21.16
721,1377411880,21.18
721,1377411885,21.17
721,1377411890,21.17
721,1377411895,21.18
721,1377411900,21.16
721,1377411905,21.16
721,1377411910,21.16
721,1377411915,21.16
721,1377411920,21.16
721,1377411925,21.16
721,1377411930,21.16
721,1377411935,21.17
721,1377411940,21.16
721,1377411945,21.15
721,1377411950,21.16
721,1377411955,21.16
721,1377411960,21.17
721,1377411965,21.16
721,1377411970,21.16
721,1377411975,21.15
721,1377411980,21.16
721,1377411985,21.16
721,1377411990,21.16
721,1377411995,21.16
721,1377412000,21.16
721,1377412005,21.16
721,1377412010,21.16
721,1377412015,21.16
721,1377412020,21.16
721,1377412025,21.16
721,1377412030,21.15
721,1377412035,21.16
721,1377412040,21.16
721,1377412045,21.16
721,1377412050,21.15
721,1377412055,21.16
721,1377412060,21.16
721,1377412065,21.15
721,1377412070,21.15
721,1377412075,21.14
721,1377412080,21.15
721,1377412085,21.16
721,1377412090,21.15
721,1377412095,21.15
721,1377412100,21.15
721,1377412105,21.15
721,1377412110,21.15
721,1377412115,21.15
721,1377412120,21.14
721,1377412125,21.15
721,1377412130,21.14
721,1377412135,21.15
721,1377412140,21.15
721,1377412145,21.16
721,1377412150,21.16
721,1377412155,21.15
721,1377412160,21.15
721,1377412165,21.16
721,1377412170,21.16
721,1377412175,21.15
721,1377412180,21.14
721,1377412185,21.14
721,1377412190,21.15
721,1377412195,21.16
721,1377412200,21.14
721,1377412205,21.16
721,1377412210,21.14
721,1377412215,21.16
721,1377412220,21.17
721,1377412225,21.16
721,1377412230,21.14
721,1377412235,21.15
721,1377412240,21.14
721,1377412245,21.15
721,1377412250,21.15
721,1377412255,21.14
721,1377412260,21.16
721,1377412265,21.14
721,1377412270,21.14
721,1377412275,21.16
721,1377412280,21.15
721,1377412285,21.16
721,1377412290,21.16
721,1377412295,21.14
721,1377412300,21.15
721,1377412305,21.16
721,1377412310,21.14
721,1377412315,21.14
721,1377412320,21.14
721,1377412325,21.15
721,1377412330,21.16
721,1377412335,21.15
721,1377412340,21.15
721,1377412345,21.15
721,1377412350,21.14
721,1377412355,21.14
721,1377412360,21.15
721,1377412365,21.15
721,1377412370,21.14
721,1377412375,21.14
721,1377412380,21.15
721,1377412385,21.14
721,1377412390,21.14
721,1377412395,21.13
721,1377412400,21.14
721,1377412405,21.15
721,1377412410,21.14
721,1377412415,21.15
721,1377412420,21.14
721,1377412425,21.15
721,1377412430,21.14
721,1377412435,21.14
721,1377412440,21.14
721,1377412445,21.15
721,1377412450,21.13
721,1377412455,21.14
721,1377412460,21.14
721,1377412465,21.14
721,1377412470,21.14
721,1377412475,21.14
721,1377412480,21.14
721,1377412485,21.13
721,1377412490,21.14
721,1377412495,21.14
721,1377412500,21.14
721,1377412505,21.15
721,1377412510,21.14
721,1377412515,21.15
721,1377412520,21.14
721,1377412525,21.14
721,1377412530,21.14
721,1377412535,21.14
721,1377412540,21.13
721,1377412545,21.14
721,1377412550,21.14
721,1377412555,21.13
721,1377412560,21.13
721,1377412565,21.13
721,1377412570,21.14
721,1377412575,21.13
721,1377412580,21.12
721,1377412585,21.13
721,1377412590,21.12
721,1377412595,21.12
721,1377412600,21.11
721,1377412605,21.14
721,1377412610,21.13
721,1377412615,21.13
721,1377412620,21.13
721,1377412625,21.12
721,1377412630,21.13
721,1377412635,21.12
721,1377412640,21.12
721,1377412645,21.12
721,1377412650,21.12
721,1377412655,21.12
721,1377412660,21.13
721,1377412665,21.11
721,1377412670,21.12
721,1377412675,21.12
721,1377412680,21.12
721,1377412685,21.12
721,1377412690,21.11
721,1377412695,21.12
721,1377412700,21.12
721,1377412705,21.11
721,1377412710,21.1
721,1377412715,21.11
721,1377412720,21.11
721,1377412725,21.11
721,1377412730,21.11
721,1377412735,21.12
721,1377412740,21.12
721,1377412745,21.11
721,1377412750,21.1
721,1377412755,21.12
721,1377412760,21.11
721,1377412765,21.11
721,1377412770,21.11
721,1377412775,21.1
721,1377412780,21.11
721,1377412785,21.1
721,1377412790,21.1
721,1377412795,21.1
721,1377412800,21.11
721,1377412805,21.1
721,1377412810,21.09
721,1377412815,21.1
721,1377412820,21.1
721,1377412825,21.1
721,1377412830,21.1
721,1377412835,21.11
721,1377412840,21.1
721,1377412845,21.11
721,1377412850,21.11
721,1377412855,21.1
721,1377412860,21.1
721,1377412865,21.09
721,1377412870,21.1
721,1377412875,21.09
721,1377412880,21.1
721,1377412885,21.1
721,1377412890,21.1
721,1377412895,21.1
721,1377412900,21.1
721,1377412905,21.1
721,1377412910,21.1
721,1377412915,21.11
721,1377412920,21.1
721,1377412925,21.1
721,1377412930,21.1
721,1377412935,21.09
721,1377412940,21.09
721,1377412945,21.1
721,1377412950,21.09
721,1377412955,21.09
721,1377412960,21.09
721,1377412965,21.09
721,1377412970,21.1
721,1377412975,21.1
721,1377412980,21.1
721,1377412985,21.1
721,1377412990,21.08
721,1377412995,21.1
721,1377413000,21.09
721,1377413005,21.09
721,1377413010,21.1
721,1377413015,21.11
721,1377413020,21.1
721,1377413025,21.09
721,1377413030,21.09
721,1377413035,21.1
721,1377413040,21.1
721,1377413045,21.09
721,1377413050,21.09
721,1377413055,21.09
721,1377413060,21.08
721,1377413065,21.1
721,1377413070,21.1
721,1377413075,21.08
721,1377413080,21.09
721,1377413085,21.09
721,1377413090,21.09
721,1377413095,21.11
721,1377413100,21.08
721,1377413105,21.09
721,1377413110,21.09
721,1377413115,21.09
721,1377413120,21.09
721,1377413125,21.09
721,1377413130,21.08
721,1377413135,21.08
721,1377413140,21.08
721,1377413145,21.09
721,1377413150,21.09
721,1377413155,21.09
721,1377413160,21.08
721,1377413165,21.09
721,1377413170,21.09
721,1377413175,21.1
721,1377413180,21.09
721,1377413185,21.09
721,1377413190,21.1
721,1377413195,21.08
721,1377413200,21.09
721,1377413205,21.1
721,1377413210,21.09
721,1377413215,21.09
721,1377413220,21.09
721,1377413225,21.08
721,1377413230,21.09
721,1377413235,21.09
721,1377413240,21.1
721,1377413245,21.1
721,1377413250,21.09
721,1377413255,21.1
721,1377413260,21.09
721,1377413265,21.08
721,1377413270,21.09
721,1377413275,21.09
721,1377413280,21.08
721,1377413285,21.09
721,1377413290,21.08
721,1377413295,21.08
721,1377413300,21.09
721,1377413305,21.09
721,1377413310,21.08
721,1377413315,21.08
721,1377413320,21.08
721,1377413325,21.08
721,1377413330,21.08
721,1377413335,21.08
721,1377413340,21.08
721,1377413345,21.08
721,1377413350,21.07
721,1377413355,21.08
721,1377413360,21.08
721,1377413365,21.08
721,1377413370,21.08
721,1377413375,21.08
721,1377413380,21.07
721,1377413385,21.08
721,1377413390,21.09
721,1377413395,21.08
721,1377413400,21.08
721,1377413405,21.08
721,1377413410,21.08
721,1377413415,21.07
721,1377413420,21.08
721,1377413425,21.07
721,1377413430,21.08
721,1377413435,21.08
721,1377413440,21.08
721,1377413445,21.08
721,1377413450,21.08
721,1377413455,21.08
721,1377413460,21.08
721,1377413465,21.08
721,1377413470,21.08
721,1377413475,21.07
721,1377413480,21.08
721,1377413485,21.06
721,1377413490,21.07
721,1377413495,21.08
721,1377413500,21.07
721,1377413505,21.08
721,1377413510,21.07
721,1377413515,21.08
721,1377413520,21.07
721,1377413525,21.07
721,1377413530,21.08
721,1377413535,21.07
721,1377413540,21.08
721,1377413545,21.08
721,1377413550,21.07
721,1377413555,21.08
721,1377413560,21.08
721,1377413565,21.07
721,1377413570,21.09
721,1377413575,21.08
721,1377413580,21.08
721,1377413585,21.08
721,1377413590,21.08
721,1377413595,21.07
721,1377413600,21.07
721,1377413605,21.07
721,1377413610,21.06
721,1377413615,21.07
721,1377413620,21.07
721,1377413625,21.07
721,1377413630,21.07
721,1377413635,21.07
721,1377413640,21.07
721,1377413645,21.07
721,1377413650,21.06
721,1377413655,21.06
721,1377413660,21.08
721,1377413665,21.06
721,1377413670,21.06
721,1377413675,21.07
721,1377413680,21.06
721,1377413685,21.06
721,1377413690,21.07
721,1377413695,21.06
721,1377413700,21.05
721,1377413705,21.06
721,1377413710,21.08
721,1377413715,21.06
721,1377413720,21.07
721,1377413725,21.06
721,1377413730,21.06
721,1377413735,21.07
721,1377413740,21.06
721,1377413745,21.06
721,1377413750,21.06
721,1377413755,21.06
721,1377413760,21.06
721,1377413765,21.06
721,1377413770,21.06
721,1377413775,21.06
721,1377413780,21.06
721,1377413785,21.07
721,1377413790,21.06
721,1377413795,21.05
721,1377413800,21.06
721,1377413805,21.06
721,1377413810,21.07
721,1377413815,21.06
721,1377413820,21.05
721,1377413825,21.05
721,1377413830,21.06
721,1377413835,21.05
721,1377413840,21.04
721,1377413845,21.06
721,1377413850,21.05
721,1377413855,21.05
721,1377413860,21.06
721,1377413865,21.06
721,1377413870,21.05
721,1377413875,21.05
721,1377413880,21.06
721,1377413885,21.06
721,1377413890,21.07
721,1377413895,21.06
721,1377413900,21.05
721,1377413905,21.05
721,1377413910,21.06
721,1377413915,21.04
721,1377413920,21.06
721,1377413925,21.07
721,1377413930,21.07
721,1377413935,21.06
721,1377413940,21.05
721,1377413945,21.06
721,1377413950,21.05
721,1377413955,21.05
721,1377413960,21.06
721,1377413965,21.06
721,1377413970,21.05
721,1377413975,21.05
721,1377413980,21.06
721,1377413985,21.04
721,1377413990,21.05
721,1377413995,21.05
721,1377414000,21.05
721,1377414005,21.05
721,1377414010,21.04
721,1377414015,21.05
721,1377414020,21.05
721,1377414025,21.06
721,1377414030,21.04
721,1377414035,21.05
721,1377414040,21.06
721,1377414045,21.06
721,1377414050,21.05
721,1377414055,21.04
721,1377414060,21.05
721,1377414065,21.05
721,1377414070,21.04
721,1377414075,21.06
721,1377414080,21.05
721,1377414085,21.05
721,1377414090,21.05
721,1377414095,21.04
721,1377414100,21.04
721,1377414105,21.06
721,1377414110,21.05
721,1377414115,21.05
721,1377414120,21.05
721,1377414125,21.04
721,1377414130,21.05
721,1377414135,21.06
721,1377414140,21.04
721,1377414145,21.05
721,1377414150,21.05
721,1377414155,21.04
721,1377414160,21.04
721,1377414165,21.05
721,1377414170,21.04
721,1377414175,21.04
721,1377414180,21.05
721,1377414185,21.05
721,1377414190,21.04
721,1377414195,21.04
721,1377414200,21.04
721,1377414205,21.04
721,1377414210,21.04
721,1377414215,21.05
721,1377414220,21.05
721,1377414225,21.04
721,1377414230,21.04
721,1377414235,21.05
721,1377414240,21.04
721,1377414245,21.05
721,1377414250,21.04
721,1377414255,21.05
721,1377414260,21.05
721,1377414265,21.05
721,1377414270,21.04
721,1377414275,21.04
721,1377414280,21.04
721,1377414285,21.05
721,1377414290,21.03
721,1377414295,21.03
721,1377414300,21.04
721,1377414305,21.04
721,1377414310,21.04
721,1377414315,21.04
721,1377414320,21.04
721,1377414325,21.04
721,1377414330,21.03
721,1377414335,21.04
721,1377414340,21.03
721,1377414345,21.03
721,1377414350,21.04
721,1377414355,21.04
721,1377414360,21.04
721,1377414365,21.04
721,1377414370,21.04
721,1377414375,21.04
721,1377414380,21.04
721,1377414385,21.04
721,1377414390,21.03
721,1377414395,21.03
721,1377414400,21.04
721,1377414405,21.03
721,1377414410,21.03
721,1377414415,21.04
721,1377414420,21.04
721,1377414425,21.04
721,1377414430,21.03
721,1377414435,21.03
721,1377414440,21.02
721,1377414445,21.03
721,1377414450,21.03
721,1377414455,21.04
721,1377414460,21.02
721,1377414465,21.04
721,1377414470,21.04
721,1377414475,21.02
721,1377414480,21.02
721,1377414485,21.02
721,1377414490,21.02
721,1377414495,21.03
721,1377414500,21.02
721,1377414505,21.02
721,1377414510,21.04
721,1377414515,21.02
721,1377414520,21.03
721,1377414525,21.02
721,1377414530,21.02
721,1377414535,21.02
721,1377414540,21.01
721,1377414545,21.03
721,1377414550,21.03
721,1377414555,21.02
721,1377414560,21.02
721,1377414565,21.02
721,1377414570,21.02
721,1377414575,21.01
721,1377414580,21.02
721,1377414585,21.02
721,1377414590,21.02
721,1377414595,21.02
721,1377414600,21.02
721,1377414605,21.02
721,1377414610,21.02
721,1377414615,21.02
721,1377414620,21.02
721,1377414625,21.01
721,1377414630,21.02
721,1377414635,21.01
721,1377414640,21.02
721,1377414645,21.02
721,1377414650,21.02
721,1377414655,21.02
721,1377414660,21.01
721,1377414665,21.02
721,1377414670,21.02
721,1377414675,21.03
721,1377414680,21.01
721,1377414685,21.02
721,1377414690,21.01
721,1377414695,21.02
721,1377414700,21.01
721,1377414705,21.02
721,1377414710,21.02
721,1377414715,21.01
721,1377414720,21.01
721,1377414725,21.02
721,1377414730,21.01
721,1377414735,21.0
721,1377414740,21.02
721,1377414745,21.01
721,1377414750,21.01
721,1377414755,21.02
721,1377414760,21.0
721,1377414765,21.0
721,1377414770,21.01
721,1377414775,21.01
721,1377414780,21.01
721,1377414785,21.0
721,1377414790,21.01
721,1377414795,21.01
721,1377414800,21.0
721,1377414805,21.0
721,1377414810,21.01
721,1377414815,21.0
721,1377414820,21.01
721,1377414825,21.0
721,1377414830,21.01
721,1377414835,21.0
721,1377414840,21.01
721,1377414845,21.01
721,1377414850,21.0
721,1377414855,21.0
721,1377414860,21.0
721,1377414865,21.02
721,1377414870,21.01
721,1377414875,21.01
721,1377414880,21.0
721,1377414885,21.01
721,1377414890,21.01
721,1377414895,21.02
721,1377414900,21.01
721,1377414905,21.01
721,1377414910,21.0
721,1377414915,21.0
721,1377414920,21.01
721,1377414925,21.01
721,1377414930,21.01
721,1377414935,21.01
721,1377414940,21.0
721,1377414945,21.0
721,1377414950,21.01
721,1377414955,21.0
721,1377414960,21.01
721,1377414965,21.0
721,1377414970,21.0
721,1377414975,21.0
721,1377414980,21.02
721,1377414985,21.01
721,1377414990,21.0
721,1377414995,21.0
721,1377415000,21.02
721,1377415005,21.0
721,1377415010,21.02
721,1377415015,21.0
721,1377415020,21.01
721,1377415025,21.0
721,1377415030,21.0
721,1377415035,21.0
721,1377415040,21.01
721,1377415045,21.0
721,1377415050,21.01
721,1377415055,21.0
721,1377415060,21.0
721,1377415065,21.01
721,1377415070,21.01
721,1377415075,21.02
721,1377415080,21.0
721,1377415085,21.0
721,1377415090,21.0
721,1377415095,21.0
721,1377415100,21.0
721,1377415105,21.0
721,1377415110,21.01
721,1377415115,21.0
721,1377415120,21.0
721,1377415125,21.0
721,1377415130,21.01
721,1377415135,21.0
721,1377415140,21.0
721,1377415145,21.0
721,1377415150,21.0
721,1377415155,21.01
721,1377415160,21.0
721,1377415165,21.0
721,1377415170,21.0
721,1377415175,21.0
721,1377415180,21.0
721,1377415185,21.01
721,1377415190,21.0
721,1377415195,21.0
721,1377415200,21.01
721,1377415205,21.0
721,1377415210,21.0
721,1377415215,21.0
721,1377415220,21.01
721,1377415225,21.0
721,1377415230,21.0
721,1377415235,20.99
721,1377415240,21.0
721,1377415245,21.0
721,1377415250,21.0
721,1377415255,21.0
721,1377415260,21.0
721,1377415265,20.99
721,1377415270,21.0
721,1377415275,20.99
721,1377415280,20.99
721,1377415285,21.0
721,1377415290,21.0
721,1377415295,21.0
721,1377415300,21.0
721,1377415305,21.0
721,1377415310,21.0
721,1377415315,21.0
721,1377415320,21.01
721,1377415325,21.0
721,1377415330,20.99
721,1377415335,21.01
721,1377415340,20.99
721,1377415345,21.0
721,1377415350,21.0
721,1377415355,21.0
721,1377415360,20.99
721,1377415365,21.0
721,1377415370,20.99
721,1377415375,20.99
721,1377415380,20.99
721,1377415385,20.99
721,1377415390,20.99
721,1377415395,21.0
721,1377415400,20.98
721,1377415405,21.0
721,1377415410,21.0
721,1377415415,21.0
721,1377415420,20.99
721,1377415425,20.98
721,1377415430,20.99
721,1377415435,20.99
721,1377415440,20.98
721,1377415445,20.99
721,1377415450,21.0
721,1377415455,20.99
721,1377415460,20.98
721,1377415465,20.99
721,1377415470,20.99
721,1377415475,21.0
721,1377415480,20.99
721,1377415485,20.98
721,1377415490,21.0
721,1377415495,20.98
721,1377415500,20.98
721,1377415505,20.99
721,1377415510,20.98
721,1377415515,20.99
721,1377415520,20.98
721,1377415525,20.98
721,1377415530,20.99
721,1377415535,20.99
721,1377415540,21.0
721,1377415545,20.98
721,1377415550,20.99
721,1377415555,20.99
721,1377415560,20.98
721,1377415565,20.98
721,1377415570,20.98
721,1377415575,20.98
721,1377415580,20.98
721,1377415585,20.98
721,1377415590,20.99
721,1377415595,20.99
721,1377415600,20.98
721,1377415605,20.98
721,1377415610,20.98
721,1377415615,20.98
721,1377415620,20.98
721,1377415625,20.98
721,1377415630,20.98
721,1377415635,20.98
721,1377415640,20.97
721,1377415645,20.99
721,1377415650,20.98
721,1377415655,20.98
721,1377415660,20.98
721,1377415665,20.99
721,1377415670,20.98
721,1377415675,20.98
721,1377415680,20.97
721,1377415685,20.98
721,1377415690,20.98
721,1377415695,20.99
721,1377415700,20.98
721,1377415705,20.98
721,1377415711,20.98
721,1377415715,20.98
721,1377415720,20.99
721,1377415725,20.98
721,1377415730,20.99
721,1377415735,20.98
721,1377415740,20.98
721,1377415745,20.98
721,1377415750,20.98
721,1377415755,20.99
721,1377415760,20.98
721,1377415765,20.98
721,1377415770,20.98
721,1377415775,20.98
721,1377415780,20.98
721,1377415785,20.98
721,1377415790,20.98
721,1377415795,20.97
721,1377415800,20.98
721,1377415805,20.98
721,1377415810,20.98
721,1377415815,20.98
721,1377415820,20.98
721,1377415825,20.98
721,1377415830,20.98
721,1377415835,20.98
721,1377415840,20.98
721,1377415845,20.98
721,1377415850,20.98
721,1377415855,20.97
721,1377415860,20.98
721,1377415865,20.98
721,1377415870,20.97
721,1377415875,20.97
721,1377415880,20.97
721,1377415885,20.98
721,1377415890,20.97
721,1377415895,20.98
721,1377415900,20.98
721,1377415905,20.98
721,1377415910,20.97
721,1377415915,20.98
721,1377415920,20.97
721,1377415925,20.97
721,1377415930,20.97
721,1377415935,20.98
721,1377415940,20.97
721,1377415945,20.96
721,1377415950,20.98
721,1377415955,20.96
721,1377415960,20.96
721,1377415965,20.96
721,1377415970,20.96
721,1377415975,20.97
721,1377415980,20.96
721,1377415985,20.97
721,1377415990,20.96
721,1377415995,20.98
721,1377416000,20.96
721,1377416005,20.98
721,1377416010,20.97
721,1377416015,20.97
721,1377416020,20.96
721,1377416025,20.96
721,1377416030,20.96
721,1377416035,20.97
721,1377416040,20.96
721,1377416045,20.96
721,1377416050,20.97
721,1377416055,20.96
721,1377416060,20.97
721,1377416065,20.96
721,1377416070,20.96
721,1377416075,20.96
721,1377416080,20.96
721,1377416085,20.96
721,1377416090,20.96
721,1377416095,20.96
721,1377416100,20.96
721,1377416105,20.96
721,1377416110,20.97
721,1377416115,20.96
721,1377416120,20.98
721,1377416125,20.97
721,1377416130,20.97
721,1377416135,20.97
721,1377416140,20.96
721,1377416145,20.96
721,1377416150,20.96
721,1377416155,20.97
721,1377416160,20.96
721,1377416165,20.97
721,1377416170,20.96
721,1377416175,20.96
721,1377416180,20.96
721,1377416185,20.96
721,1377416190,20.96
721,1377416195,20.96
721,1377416200,20.95
721,1377416205,20.96
721,1377416210,20.98
721,1377416215,20.96
721,1377416220,20.96
721,1377416225,20.96
721,1377416230,20.95
721,1377416235,20.96
721,1377416240,20.96
721,1377416245,20.96
721,1377416250,20.96
721,1377416255,20.96
721,1377416260,20.96
721,1377416265,20.96
721,1377416270,20.96
721,1377416275,20.97
721,1377416280,20.96
721,1377416285,20.96
721,1377416290,20.96
721,1377416295,20.97
721,1377416300,20.96
721,1377416305,20.96
721,1377416310,20.95
721,1377416315,20.96
721,1377416320,20.96
721,1377416325,20.96
721,1377416330,20.96
721,1377416335,20.96
721,1377416340,20.96
721,1377416345,20.96
721,1377416350,20.96
721,1377416355,20.96
721,1377416360,20.95
721,1377416365,20.96
721,1377416370,20.97
721,1377416375,20.96
721,1377416380,20.96
721,1377416385,20.96
721,1377416390,20.96
721,1377416395,20.96
721,1377416400,20.96
721,1377416405,20.96
721,1377416410,20.96
721,1377416415,20.96
721,1377416420,20.96
721,1377416425,20.96
721,1377416430,20.96
721,1377416435,20.96
721,1377416440,20.96
721,1377416445,20.95
721,1377416450,20.95
721,1377416455,20.96
721,1377416460,20.96
721,1377416465,20.96
721,1377416470,20.96
721,1377416475,20.96
721,1377416480,20.95
721,1377416485,20.96
721,1377416490,20.96
721,1377416495,20.94
721,1377416500,20.94
721,1377416505,20.94
721,1377416510,20.95
721,1377416515,20.95
721,1377416520,20.95
721,1377416525,20.95
721,1377416530,20.96
721,1377416535,20.94
721,1377416540,20.94
721,1377416545,20.94
721,1377416550,20.94
721,1377416555,20.93
721,1377416560,20.94
721,1377416565,20.96
721,1377416570,20.94
721,1377416575,20.95
721,1377416580,20.94
721,1377416585,20.95
721,1377416590,20.95
721,1377416595,20.95
721,1377416600,20.94
721,1377416605,20.93
721,1377416610,20.93
721,1377416615,20.93
721,1377416620,20.94
721,1377416625,20.95
721,1377416630,20.94
721,1377416635,20.94
721,1377416640,20.94
721,1377416645,20.94
721,1377416650,20.93
721,1377416655,20.94
721,1377416660,20.94
721,1377416665,20.94
721,1377416670,20.94
721,1377416675,20.94
721,1377416680,20.93
721,1377416685,20.95
721,1377416690,20.94
721,1377416695,20.94
721,1377416700,20.94
721,1377416705,20.93
721,1377416710,20.93
721,1377416715,20.94
721,1377416720,20.94
721,1377416725,20.94
721,1377416730,20.94
721,1377416735,20.93
721,1377416740,20.94
721,1377416745,20.94
721,1377416750,20.94
721,1377416755,20.94
721,1377416760,20.93
721,1377416765,20.94
721,1377416770,20.94
721,1377416775,20.94
721,1377416780,20.94
721,1377416785,20.94
721,1377416790,20.94
721,1377416795,20.94
721,1377416800,20.94
721,1377416805,20.94
721,1377416810,20.93
721,1377416815,20.92
721,1377416820,20.94
721,1377416825,20.94
721,1377416830,20.94
721,1377416835,20.94
721,1377416840,20.94
721,1377416845,20.93
721,1377416850,20.94
721,1377416855,20.93
721,1377416860,20.94
721,1377416865,20.93
721,1377416870,20.93
721,1377416875,20.93
721,1377416880,20.94
721,1377416885,20.94
721,1377416890,20.94
721,1377416895,20.94
721,1377416900,20.94
721,1377416905,20.94
721,1377416910,20.94
721,1377416915,20.94
721,1377416920,20.94
721,1377416925,20.94
721,1377416930,20.94
721,1377416935,20.94
721,1377416940,20.94
721,1377416945,20.94
721,1377416950,20.94
721,1377416955,20.94
721,1377416960,20.94
721,1377416965,20.94
721,1377416970,20.94
721,1377416975,20.94
721,1377416980,20.93
721,1377416985,20.93
721,1377416990,20.93
721,1377416995,20.93
721,1377417000,20.93
721,1377417005,20.94
721,1377417010,20.93
721,1377417015,20.94
721,1377417020,20.94
721,1377417025,20.94
721,1377417030,20.94
721,1377417035,20.94
721,1377417040,20.93
721,1377417045,20.94
721,1377417050,20.94
721,1377417055,20.94
721,1377417060,20.92
721,1377417065,20.94
721,1377417070,20.94
721,1377417075,20.92
721,1377417080,20.93
721,1377417085,20.94
721,1377417090,20.94
721,1377417095,20.93
721,1377417100,20.94
721,1377417105,20.94
721,1377417110,20.94
721,1377417115,20.93
721,1377417120,20.93
721,1377417125,20.94
721,1377417130,20.93
721,1377417135,20.93
721,1377417140,20.94
721,1377417145,20.94
721,1377417150,20.95
721,1377417155,20.95
721,1377417160,20.94
721,1377417165,20.93
721,1377417170,20.93
721,1377417175,20.92
721,1377417180,20.93
721,1377417185,20.94
721,1377417190,20.94
721,1377417195,20.94
721,1377417200,20.93
721,1377417205,20.93
721,1377417210,20.94
721,1377417215,20.94
721,1377417220,20.94
721,1377417225,20.95
721,1377417230,20.92
721,1377417235,20.94
721,1377417240,20.92
721,1377417245,20.93
721,1377417250,20.94
721,1377417255,20.92
721,1377417260,20.93
721,1377417265,20.94
721,1377417270,20.92
721,1377417275,20.94
721,1377417280,20.92
721,1377417285,20.94
721,1377417290,20.93
721,1377417295,20.93
721,1377417300,20.93
721,1377417305,20.93
721,1377417310,20.92
721,1377417315,20.93
721,1377417320,20.93
721,1377417325,20.93
721,1377417330,20.94
721,1377417335,20.93
721,1377417340,20.93
721,1377417345,20.93
721,1377417350,20.93
721,1377417355,20.92
721,1377417360,20.94
721,1377417365,20.92
721,1377417370,20.92
721,1377417375,20.92
721,1377417380,20.92
721,1377417385,20.92
721,1377417390,20.93
721,1377417395,20.93
721,1377417400,20.93
721,1377417405,20.92
721,1377417410,20.93
721,1377417415,20.92
721,1377417420,20.94
721,1377417425,20.94
721,1377417430,20.92
721,1377417435,20.93
721,1377417440,20.93
721,1377417445,20.93
721,1377417450,20.93
721,1377417455,20.92
721,1377417460,20.94
721,1377417465,20.93
721,1377417470,20.92
721,1377417475,20.93
721,1377417480,20.93
721,1377417485,20.94
721,1377417490,20.93
721,1377417495,20.93
721,1377417500,20.93
721,1377417505,20.93
721,1377417510,20.93
721,1377417515,20.93
721,1377417520,20.92
721,1377417525,20.91
721,1377417530,20.92
721,1377417535,20.92
721,1377417540,20.91
721,1377417545,20.92
721,1377417550,20.92
721,1377417555,20.92
721,1377417560,20.92
721,1377417565,20.92
721,1377417570,20.92
721,1377417575,20.92
721,1377417580,20.92
721,1377417585,20.94
721,1377417590,20.93
721,1377417595,20.93
721,1377417600,20.94
721,1377417605,20.94
721,1377417610,20.92
721,1377417615,20.92
721,1377417620,20.92
721,1377417625,20.92
721,1377417630,20.92
721,1377417635,20.94
721,1377417640,20.94
721,1377417645,20.92
721,1377417650,20.93
721,1377417655,20.92
721,1377417660,20.93
721,1377417665,20.92
721,1377417670,20.92
721,1377417675,20.93
721,1377417680,20.93
721,1377417685,20.93
721,1377417690,20.92
721,1377417695,20.93
721,1377417700,20.93
721,1377417705,20.92
721,1377417710,20.92
721,1377417715,20.94
721,1377417720,20.92
721,1377417725,20.92
721,1377417730,20.94
721,1377417735,20.93
721,1377417740,20.92
721,1377417745,20.92
721,1377417750,20.94
721,1377417755,20.92
721,1377417760,20.93
721,1377417765,20.94
721,1377417770,20.93
721,1377417775,20.92
721,1377417780,20.93
721,1377417785,20.94
721,1377417790,20.94
721,1377417795,20.93
721,1377417800,20.92
721,1377417805,20.92
721,1377417810,20.92
721,1377417815,20.93
721,1377417820,20.94
721,1377417825,20.92
721,1377417830,20.92
721,1377417835,20.92
721,1377417840,20.92
721,1377417845,20.93
721,1377417850,20.92
721,1377417855,20.93
721,1377417860,20.92
721,1377417865,20.92
721,1377417870,20.93
721,1377417875,20.93
721,1377417880,20.92
721,1377417885,20.93
721,1377417890,20.93
721,1377417895,20.92
721,1377417900,20.92
721,1377417905,20.93
721,1377417910,20.93
721,1377417915,20.92
721,1377417920,20.94
721,1377417925,20.93
721,1377417930,20.92
721,1377417935,20.93
721,1377417940,20.92
721,1377417945,20.92
721,1377417950,20.93
721,1377417955,20.94
721,1377417960,20.92
721,1377417965,20.94
721,1377417970,20.92
721,1377417975,20.92
721,1377417980,20.92
721,1377417985,20.92
721,1377417990,20.92
721,1377417995,20.93
721,1377418000,20.93
721,1377418005,20.93
721,1377418010,20.93
721,1377418015,20.92
721,1377418020,20.93
721,1377418025,20.93
721,1377418030,20.92
721,1377418035,20.93
721,1377418040,20.94
721,1377418045,20.93
721,1377418050,20.93
721,1377418055,20.93
721,1377418060,20.93
721,1377418065,20.94
721,1377418070,20.93
721,1377418075,20.92
721,1377418080,20.92
721,1377418085,20.92
721,1377418090,20.93
721,1377418095,20.94
721,1377418100,20.93
721,1377418105,20.94
721,1377418110,20.92
721,1377418115,20.93
721,1377418120,20.92
721,1377418125,20.92
721,1377418130,20.94
721,1377418135,20.94
721,1377418140,20.93
721,1377418145,20.93
721,1377418150,20.92
721,1377418155,20.92
721,1377418160,20.94
721,1377418165,20.94
721,1377418170,20.94
721,1377418175,20.92
721,1377418180,20.93
721,1377418185,20.93
721,1377418190,20.93
721,1377418195,20.93
721,1377418200,20.93
721,1377418205,20.93
721,1377418210,20.94
721,1377418215,20.93
721,1377418220,20.94
721,1377418225,20.93
721,1377418230,20.93
721,1377418235,20.94
721,1377418240,20.94
721,1377418245,20.93
721,1377418250,20.93
721,1377418255,20.94
721,1377418260,20.94
721,1377418265,20.94
721,1377418270,20.94
721,1377418275,20.94
721,1377418280,20.94
721,1377418285,20.94
721,1377418290,20.94
721,1377418295,20.93
721,1377418300,20.94
721,1377418305,20.94
721,1377418310,20.94
721,1377418315,20.93
721,1377418320,20.94
721,1377418325,20.94
721,1377418330,20.94
721,1377418335,20.94
721,1377418340,20.93
721,1377418345,20.94
721,1377418350,20.94
721,1377418355,20.94
721,1377418360,20.93
721,1377418365,20.95
721,1377418370,20.94
721,1377418375,20.93
721,1377418380,20.95
721,1377418385,20.94
721,1377418390,20.93
721,1377418395,20.94
721,1377418400,20.94
721,1377418405,20.94
721,1377418410,20.94
721,1377418415,20.94
721,1377418420,20.95
721,1377418425,20.96
721,1377418430,20.95
721,1377418435,20.94
721,1377418440,20.95
721,1377418445,20.95
721,1377418450,20.94
721,1377418455,20.95
721,1377418460,20.94
721,1377418465,20.94
721,1377418470,20.94
721,1377418475,20.94
721,1377418480,20.94
721,1377418485,20.95
721,1377418490,20.94
721,1377418495,20.95
721,1377418500,20.94
721,1377418505,20.94
721,1377418510,20.95
721,1377418515,20.94
721,1377418520,20.94
721,1377418525,20.94
721,1377418530,20.96
721,1377418535,20.95
721,1377418540,20.94
721,1377418545,20.95
721,1377418550,20.95
721,1377418555,20.94
721,1377418560,20.94
721,1377418565,20.94
721,1377418570,20.95
721,1377418575,20.94
721,1377418580,20.95
721,1377418585,20.94
721,1377418590,20.94
721,1377418595,20.94
721,1377418600,20.94
721,1377418605,20.95
721,1377418610,20.94
721,1377418615,20.94
721,1377418620,20.94
721,1377418625,20.94
721,1377418630,20.94
721,1377418635,20.94
721,1377418640,20.94
721,1377418645,20.92
721,1377418650,20.94
721,1377418655,20.94
721,1377418660,20.94
721,1377418665,20.94
721,1377418670,20.95
721,1377418675,20.94
721,1377418680,20.94
721,1377418685,20.95
721,1377418690,20.95
721,1377418695,20.94
721,1377418700,20.94
721,1377418705,20.94
721,1377418710,20.93
721,1377418715,20.94
721,1377418720,20.93
721,1377418725,20.94
721,1377418730,20.94
721,1377418735,20.94
721,1377418740,20.94
721,1377418745,20.94
721,1377418750,20.93
721,1377418755,20.94
721,1377418760,20.94
721,1377418765,20.93
721,1377418770,20.94
721,1377418775,20.94
721,1377418780,20.94
721,1377418785,20.94
721,1377418790,20.94
721,1377418795,20.93
721,1377418800,20.94
721,1377418805,20.93
721,1377418810,20.93
721,1377418815,20.93
721,1377418820,20.93
721,1377418825,20.93
721,1377418830,20.94
721,1377418835,20.94
721,1377418840,20.92
721,1377418845,20.94
721,1377418850,20.93
721,1377418855,20.93
721,1377418860,20.92
721,1377418865,20.92
721,1377418870,20.93
721,1377418875,20.93
721,1377418880,20.93
721,1377418885,20.94
721,1377418890,20.93
721,1377418895,20.93
721,1377418900,20.93
721,1377418905,20.94
721,1377418910,20.92
721,1377418915,20.93
721,1377418920,20.93
721,1377418925,20.92
721,1377418930,20.94
721,1377418935,20.93
721,1377418940,20.94
721,1377418945,20.94
721,1377418950,20.93
721,1377418955,20.94
721,1377418960,20.93
721,1377418965,20.94
721,1377418970,20.94
721,1377418975,20.93
721,1377418980,20.95
721,1377418985,20.94
721,1377418990,20.94
721,1377418995,20.94
721,1377419000,20.93
721,1377419005,20.93
721,1377419010,20.94
721,1377419015,20.93
721,1377419020,20.93
721,1377419025,20.94
721,1377419030,20.92
721,1377419035,20.94
721,1377419040,20.93
721,1377419045,20.94
721,1377419050,20.93
721,1377419055,20.92
721,1377419060,20.92
721,1377419065,20.93
721,1377419070,20.94
721,1377419075,20.92
721,1377419080,20.93
721,1377419085,20.93
721,1377419090,20.94
721,1377419095,20.93
721,1377419100,20.94
721,1377419105,20.94
721,1377419110,20.94
721,1377419115,20.92
721,1377419120,20.93
721,1377419125,20.94
721,1377419130,20.94
721,1377419135,20.93
721,1377419140,20.94
721,1377419145,20.93
721,1377419150,20.93
721,1377419155,20.93
721,1377419160,20.91
721,1377419165,20.93
721,1377419170,20.93
721,1377419175,20.93
721,1377419180,20.93
721,1377419185,20.92
721,1377419190,20.94
721,1377419195,20.94
721,1377419200,20.94
721,1377419205,20.94
721,1377419210,20.92
721,1377419215,20.93
721,1377419220,20.92
721,1377419225,20.94
721,1377419230,20.93
721,1377419235,20.92
721,1377419240,20.93
721,1377419245,20.91
721,1377419250,20.92
721,1377419255,20.92
721,1377419260,20.92
721,1377419265,20.93
721,1377419270,20.92
721,1377419275,20.92
721,1377419280,20.93
721,1377419285,20.93
721,1377419290,20.92
721,1377419295,20.92
721,1377419300,20.93
721,1377419305,20.93
721,1377419310,20.92
721,1377419315,20.93
721,1377419320,20.93
721,1377419325,20.93
721,1377419330,20.92
721,1377419335,20.92
721,1377419340,20.92
721,1377419345,20.94
721,1377419350,20.93
721,1377419355,20.92
721,1377419360,20.92
721,1377419365,20.92
721,1377419370,20.94
721,1377419375,20.93
721,1377419380,20.93
721,1377419385,20.94
721,1377419390,20.9
721,1377419395,20.92
721,1377419400,20.91
721,1377419405,20.92
721,1377419410,20.92
721,1377419415,20.93
721,1377419420,20.93
721,1377419425,20.92
721,1377419430,20.92
721,1377419435,20.92
721,1377419440,20.92
721,1377419445,20.92
721,1377419450,20.92
721,1377419455,20.92
721,1377419460,20.92
721,1377419465,20.92
721,1377419470,20.92
721,1377419475,20.92
721,1377419480,20.91
721,1377419485,20.92
721,1377419490,20.92
721,1377419495,20.92
721,1377419500,20.92
721,1377419505,20.92
721,1377419510,20.91
721,1377419515,20.9
721,1377419520,20.92
721,1377419525,20.91
721,1377419530,20.92
721,1377419535,20.91
721,1377419540,20.92
721,1377419545,20.91
721,1377419550,20.91
721,1377419555,20.9
721,1377419560,20.92
721,1377419565,20.91
721,1377419570,20.92
721,1377419575,20.92
721,1377419580,20.92
721,1377419585,20.92
721,1377419590,20.91
721,1377419595,20.91
721,1377419600,20.91
721,1377419605,20.9
721,1377419610,20.92
721,1377419615,20.91
721,1377419620,20.9
721,1377419625,20.91
721,1377419630,20.92
721,1377419635,20.92
721,1377419640,20.92
721,1377419645,20.92
721,1377419650,20.92
721,1377419655,20.92
721,1377419660,20.91
721,1377419665,20.92
721,1377419670,20.91
721,1377419675,20.91
721,1377419680,20.91
721,1377419685,20.9
721,1377419690,20.91
721,1377419695,20.92
721,1377419700,20.92
721,1377419705,20.92
721,1377419710,20.91
721,1377419715,20.92
721,1377419720,20.92
721,1377419725,20.91
721,1377419730,20.92
721,1377419735,20.92
721,1377419740,20.91
721,1377419745,20.92
721,1377419750,20.92
721,1377419755,20.91
721,1377419760,20.92
721,1377419765,20.92
721,1377419770,20.9
721,1377419775,20.92
721,1377419780,20.91
721,1377419785,20.91
721,1377419790,20.91
721,1377419795,20.92
721,1377419800,20.92
721,1377419805,20.92
721,1377419810,20.93
721,1377419815,20.92
721,1377419820,20.92
721,1377419825,20.92
721,1377419830,20.92
721,1377419835,20.92
721,1377419840,20.91
721,1377419845,20.92
721,1377419850,20.92
721,1377419855,20.92
721,1377419860,20.91
721,1377419865,20.92
721,1377419870,20.91
721,1377419875,20.94
721,1377419880,20.92
721,1377419885,20.92
721,1377419890,20.93
721,1377419895,20.92
721,1377419900,20.92
721,1377419905,20.92
721,1377419910,20.92
721,1377419915,20.92
721,1377419920,20.92
721,1377419925,20.92
721,1377419930,20.93
721,1377419935,20.93
721,1377419940,20.92
721,1377419945,20.92
721,1377419950,20.92
721,1377419955,20.92
721,1377419960,20.92
721,1377419965,20.92
721,1377419970,20.92
721,1377419975,20.92
721,1377419981,20.92
721,1377419985,20.92
721,1377419990,20.91
721,1377419995,20.92
721,1377420000,20.93
721,1377420005,20.92
721,1377420010,20.92
721,1377420015,20.92
721,1377420020,20.91
721,1377420025,20.92
721,1377420030,20.91
721,1377420035,20.92
721,1377420040,20.92
721,1377420045,20.92
721,1377420050,20.92
721,1377420055,20.9
721,1377420060,20.92
721,1377420065,20.91
721,1377420070,20.91
721,1377420075,20.92
721,1377420080,20.92
721,1377420085,20.92
721,1377420090,20.91
721,1377420095,20.92
721,1377420100,20.91
721,1377420105,20.92
721,1377420110,20.92
721,1377420115,20.91
721,1377420120,20.92
721,1377420125,20.92
721,1377420130,20.91
721,1377420135,20.92
721,1377420140,20.91
721,1377420145,20.92
721,1377420150,20.9
721,1377420155,20.92
721,1377420160,20.92
721,1377420165,20.91
721,1377420170,20.91
721,1377420175,20.9
721,1377420180,20.92
721,1377420185,20.92
721,1377420190,20.92
721,1377420195,20.9
721,1377420200,20.9
721,1377420205,20.9
721,1377420210,20.91
721,1377420215,20.92
721,1377420220,20.9
721,1377420225,20.91
721,1377420230,20.92
721,1377420235,20.92
721,1377420240,20.9
721,1377420245,20.92
721,1377420250,20.91
721,1377420255,20.9
721,1377420260,20.91
721,1377420265,20.91
721,1377420270,20.91
721,1377420275,20.91
721,1377420280,20.91
721,1377420285,20.9
721,1377420290,20.9
721,1377420295,20.91
721,1377420300,20.91
721,1377420305,20.91
721,1377420310,20.9
721,1377420315,20.92
721,1377420320,20.91
721,1377420325,20.9
721,1377420330,20.9
721,1377420335,20.9
721,1377420340,20.9
721,1377420345,20.9
721,1377420350,20.91
721,1377420355,20.92
721,1377420360,20.9
721,1377420365,20.9
721,1377420370,20.9
721,1377420375,20.9
721,1377420380,20.91
721,1377420385,20.9
721,1377420390,20.91
721,1377420395,20.9
721,1377420400,20.91
721,1377420405,20.91
721,1377420410,20.9
721,1377420415,20.9
721,1377420420,20.91
721,1377420425,20.9
721,1377420430,20.9
721,1377420435,20.91
721,1377420440,20.9
721,1377420445,20.9
721,1377420450,20.9
721,1377420455,20.9
721,1377420460,20.9
721,1377420465,20.9
721,1377420470,20.9
721,1377420475,20.9
721,1377420480,20.9
721,1377420485,20.9
721,1377420490,20.9
721,1377420495,20.89
721,1377420500,20.91
721,1377420505,20.91
721,1377420510,20.91
721,1377420515,20.92
721,1377420520,20.91
721,1377420525,20.92
721,1377420530,20.9
721,1377420535,20.91
721,1377420540,20.91
721,1377420545,20.89
721,1377420550,20.9
721,1377420555,20.9
721,1377420560,20.91
721,1377420565,20.91
721,1377420570,20.91
721,1377420575,20.91
721,1377420580,20.92
721,1377420585,20.9
721,1377420590,20.9
721,1377420595,20.9
721,1377420600,20.9
721,1377420605,20.92
721,1377420610,20.91
721,1377420615,20.92
721,1377420620,20.91
721,1377420625,20.92
721,1377420630,20.9
721,1377420635,20.92
721,1377420640,20.91
721,1377420645,20.92
721,1377420650,20.92
721,1377420655,20.91
721,1377420660,20.91
721,1377420665,20.92
721,1377420670,20.91
721,1377420675,20.9
721,1377420680,20.91
721,1377420685,20.91
721,1377420690,20.91
721,1377420695,20.9
721,1377420700,20.91
721,1377420705,20.9
721,1377420710,20.91
721,1377420715,20.9
721,1377420720,20.92
721,1377420725,20.91
721,1377420730,20.92
721,1377420735,20.91
721,1377420740,20.91
721,1377420745,20.92
721,1377420750,20.91
721,1377420755,20.91
721,1377420760,20.91
721,1377420765,20.91
721,1377420770,20.91
721,1377420775,20.9
721,1377420780,20.9
721,1377420785,20.91
721,1377420790,20.9
721,1377420795,20.91
721,1377420800,20.9
721,1377420805,20.91
721,1377420810,20.91
721,1377420815,20.91
721,1377420820,20.91
721,1377420825,20.91
721,1377420830,20.91
721,1377420835,20.9
721,1377420840,20.91
721,1377420845,20.91
721,1377420850,20.9
721,1377420855,20.91
721,1377420860,20.9
721,1377420865,20.91
721,1377420870,20.9
721,1377420875,20.9
721,1377420880,20.9
721,1377420885,20.91
721,1377420890,20.9
721,1377420895,20.9
721,1377420900,20.9
721,1377420905,20.9
721,1377420910,20.9
721,1377420915,20.9
721,1377420920,20.91
721,1377420925,20.9
721,1377420930,20.9
721,1377420935,20.9
721,1377420940,20.9
721,1377420945,20.9
721,1377420950,20.9
721,1377420955,20.91
721,1377420960,20.9
721,1377420965,20.91
721,1377420970,20.92
721,1377420975,20.91
721,1377420980,20.9
721,1377420985,20.92
721,1377420990,20.91
721,1377420995,20.91
721,1377421000,20.91
721,1377421005,20.91
721,1377421010,20.9
721,1377421015,20.91
721,1377421020,20.9
721,1377421025,20.9
721,1377421030,20.91
721,1377421035,20.92
721,1377421040,20.91
721,1377421045,20.92
721,1377421050,20.91
721,1377421055,20.9
721,1377421060,20.91
721,1377421065,20.91
721,1377421070,20.91
721,1377421075,20.92
721,1377421080,20.91
721,1377421085,20.89
721,1377421090,20.9
721,1377421095,20.9
721,1377421100,20.91
721,1377421105,20.9
721,1377421110,20.9
721,1377421115,20.9
721,1377421120,20.91
721,1377421125,20.9
721,1377421130,20.92
721,1377421135,20.9
721,1377421140,20.91
721,1377421145,20.91
721,1377421150,20.9
721,1377421155,20.9
721,1377421160,20.9
721,1377421165,20.9
721,1377421170,20.9
721,1377421175,20.9
721,1377421180,20.9
721,1377421185,20.9
721,1377421190,20.9
721,1377421195,20.91
721,1377421200,20.91
721,1377421205,20.9
721,1377421210,20.9
721,1377421215,20.9
721,1377421220,20.9
721,1377421225,20.9
721,1377421230,20.91
721,1377421235,20.9
721,1377421240,20.9
721,1377421245,20.9
721,1377421250,20.9
721,1377421255,20.9
721,1377421260,20.9
721,1377421266,20.9
721,1377421270,20.9
721,1377421275,20.91
721,1377421280,20.9
721,1377421285,20.9
721,1377421290,20.9
721,1377421295,20.9
721,1377421300,20.91
721,1377421305,20.89
721,1377421310,20.9
721,1377421315,20.9
721,1377421320,20.9
721,1377421325,20.9
721,1377421330,20.9
721,1377421335,20.91
721,1377421340,20.9
721,1377421345,20.9
721,1377421350,20.9
721,1377421355,20.9
721,1377421360,20.9
721,1377421365,20.9
721,1377421370,20.9
721,1377421375,20.91
721,1377421380,20.9
721,1377421385,20.89
721,1377421390,20.9
721,1377421395,20.9
721,1377421400,20.9
721,1377421405,20.9
721,1377421410,20.9
721,1377421415,20.89
721,1377421420,20.91
721,1377421425,20.9
721,1377421430,20.89
721,1377421435,20.89
721,1377421440,20.89
721,1377421445,20.9
721,1377421450,20.9
721,1377421455,20.9
721,1377421460,20.88
721,1377421465,20.88
721,1377421470,20.89
721,1377421475,20.9
721,1377421480,20.89
721,1377421485,20.89
721,1377421490,20.89
721,1377421495,20.89
721,1377421500,20.9
721,1377421505,20.89
721,1377421510,20.9
721,1377421515,20.89
721,1377421520,20.89
721,1377421525,20.9
721,1377421530,20.9
721,1377421535,20.9
721,1377421540,20.89
721,1377421545,20.89
721,1377421550,20.89
721,1377421555,20.89
721,1377421560,20.89
721,1377421565,20.89
721,1377421570,20.9
721,1377421575,20.89
721,1377421580,20.9
721,1377421585,20.89
721,1377421590,20.88
721,1377421595,20.89
721,1377421600,20.89
721,1377421605,20.9
721,1377421610,20.89
721,1377421615,20.89
721,1377421620,20.9
721,1377421625,20.88
721,1377421630,20.89
721,1377421635,20.89
721,1377421640,20.89
721,1377421645,20.89
721,1377421650,20.89
721,1377421655,20.89
721,1377421660,20.89
721,1377421665,20.89
721,1377421672,20.89
721,1377421675,20.88
721,1377421680,20.89
721,1377421685,20.89
721,1377421690,20.88
721,1377421695,20.88
721,1377421700,20.89
721,1377421705,20.89
721,1377421710,20.9
721,1377421715,20.9
721,1377421720,20.91
721,1377421725,20.9
721,1377421730,20.9
721,1377421735,20.9
721,1377421740,20.89
721,1377421745,20.9
721,1377421750,20.89
721,1377421755,20.9
721,1377421760,20.88
721,1377421765,20.89
721,1377421770,20.89
721,1377421775,20.88
721,1377421780,20.88
721,1377421785,20.89
721,1377421790,20.89
721,1377421795,20.9
721,1377421800,20.9
721,1377421805,20.9
721,1377421810,20.9
721,1377421815,20.89
721,1377421820,20.9
721,1377421825,20.89
721,1377421830,20.89
721,1377421835,20.9
721,1377421840,20.9
721,1377421845,20.9
721,1377421850,20.89
721,1377421855,20.89
721,1377421860,20.89
721,1377421865,20.9
721,1377421870,20.89
721,1377421875,20.89
721,1377421880,20.9
721,1377421885,20.9
721,1377421890,20.9
721,1377421895,20.9
721,1377421900,20.9
721,1377421905,20.9
721,1377421910,20.9
721,1377421915,20.9
721,1377421920,20.89
721,1377421925,20.9
721,1377421930,20.9
721,1377421935,20.89
721,1377421940,20.9
721,1377421945,20.9
721,1377421950,20.9
721,1377421955,20.89
721,1377421960,20.89
721,1377421965,20.89
721,1377421970,20.89
721,1377421975,20.89
721,1377421980,20.9
721,1377421985,20.88
721,1377421990,20.89
721,1377421995,20.88
721,1377422000,20.89
721,1377422005,20.89
721,1377422010,20.9
721,1377422015,20.89
721,1377422020,20.89
721,1377422025,20.9
721,1377422030,20.9
721,1377422035,20.9
721,1377422040,20.89
721,1377422045,20.89
721,1377422050,20.9
721,1377422055,20.89
721,1377422060,20.9
721,1377422065,20.88
721,1377422070,20.9
721,1377422075,20.89
721,1377422080,20.89
721,1377422085,20.89
721,1377422090,20.88
721,1377422095,20.89
721,1377422100,20.89
721,1377422105,20.89
721,1377422110,20.89
721,1377422115,20.89
721,1377422120,20.88
721,1377422125,20.88
721,1377422130,20.89
721,1377422135,20.88
721,1377422140,20.88
721,1377422145,20.89
721,1377422150,20.87
721,1377422155,20.88
721,1377422160,20.88
721,1377422165,20.88
721,1377422170,20.88
721,1377422175,20.88
721,1377422180,20.89
721,1377422185,20.88
721,1377422190,20.89
721,1377422195,20.88
721,1377422200,20.88
721,1377422205,20.88
721,1377422210,20.88
721,1377422215,20.88
721,1377422220,20.88
721,1377422225,20.88
721,1377422230,20.89
721,1377422235,20.88
721,1377422240,20.89
721,1377422245,20.88
721,1377422250,20.88
721,1377422255,20.89
721,1377422260,20.87
721,1377422265,20.88
721,1377422270,20.87
721,1377422275,20.87
721,1377422280,20.88
721,1377422285,20.88
721,1377422290,20.88
721,1377422295,20.87
721,1377422300,20.88
721,1377422305,20.88
721,1377422310,20.87
721,1377422315,20.88
721,1377422320,20.87
721,1377422325,20.87
721,1377422330,20.88
721,1377422335,20.87
721,1377422340,20.88
721,1377422345,20.88
721,1377422350,20.86
721,1377422355,20.88
721,1377422360,20.86
721,1377422365,20.88
721,1377422370,20.86
721,1377422375,20.88
721,1377422380,20.86
721,1377422385,20.88
721,1377422390,20.88
721,1377422395,20.88
721,1377422400,20.87
721,1377422405,20.87
721,1377422410,20.87
721,1377422415,20.86
721,1377422420,20.88
721,1377422425,20.88
721,1377422430,20.88
721,1377422435,20.88
721,1377422440,20.87
721,1377422445,20.87
721,1377422450,20.85
721,1377422455,20.87
721,1377422460,20.87
721,1377422465,20.87
721,1377422470,20.87
721,1377422475,20.87
721,1377422480,20.88
721,1377422485,20.87
721,1377422490,20.87
721,1377422495,20.88
721,1377422500,20.86
721,1377422505,20.86
721,1377422510,20.87
721,1377422515,20.87
721,1377422520,20.88
721,1377422525,20.87
721,1377422530,20.87
721,1377422535,20.87
721,1377422540,20.87
721,1377422545,20.86
721,1377422550,20.86
721,1377422555,20.86
721,1377422560,20.87
721,1377422565,20.87
721,1377422570,20.87
721,1377422575,20.86
721,1377422580,20.87
721,1377422585,20.86
721,1377422590,20.86
721,1377422595,20.88
721,1377422600,20.86
721,1377422605,20.87
721,1377422610,20.87
721,1377422615,20.86
721,1377422620,20.86
721,1377422625,20.87
721,1377422630,20.87
721,1377422635,20.88
721,1377422640,20.87
721,1377422645,20.87
721,1377422650,20.87
721,1377422655,20.87
721,1377422660,20.86
721,1377422665,20.87
721,1377422670,20.86
721,1377422675,20.88
721,1377422680,20.87
721,1377422685,20.87
721,1377422690,20.86
721,1377422695,20.87
721,1377422700,20.88
721,1377422705,20.87
721,1377422710,20.86
721,1377422715,20.88
721,1377422720,20.86
721,1377422725,20.88
721,1377422730,20.88
721,1377422735,20.87
721,1377422740,20.87
721,1377422745,20.88
721,1377422750,20.86
721,1377422755,20.88
721,1377422760,20.87
721,1377422765,20.87
721,1377422770,20.88
721,1377422775,20.86
721,1377422780,20.87
721,1377422785,20.87
721,1377422790,20.87
721,1377422795,20.86
721,1377422800,20.87
721,1377422805,20.87
721,1377422810,20.87
721,1377422815,20.87
721,1377422820,20.86
721,1377422825,20.88
721,1377422830,20.88
721,1377422835,20.87
721,1377422840,20.88
721,1377422845,20.88
721,1377422850,20.87
721,1377422855,20.87
721,1377422860,20.88
721,1377422865,20.88
721,1377422870,20.88
721,1377422875,20.88
721,1377422880,20.88
721,1377422885,20.88
721,1377422890,20.88
721,1377422895,20.86
721,1377422900,20.86
721,1377422905,20.88
721,1377422910,20.88
721,1377422915,20.86
721,1377422920,20.88
721,1377422925,20.88
721,1377422930,20.86
721,1377422935,20.88
721,1377422940,20.87
721,1377422945,20.88
721,1377422950,20.87
721,1377422955,20.87
721,1377422960,20.88
721,1377422965,20.88
721,1377422970,20.87
721,1377422975,20.88
721,1377422980,20.88
721,1377422985,20.88
721,1377422990,20.87
721,1377422995,20.88
721,1377423000,20.88
721,1377423005,20.87
721,1377423010,20.88
721,1377423015,20.87
721,1377423020,20.87
721,1377423025,20.87
721,1377423030,20.87
721,1377423035,20.87
721,1377423040,20.88
721,1377423045,20.88
721,1377423050,20.88
721,1377423055,20.88
721,1377423060,20.87
721,1377423065,20.86
721,1377423070,20.86
721,1377423075,20.87
721,1377423080,20.87
721,1377423085,20.88
721,1377423090,20.87
721,1377423095,20.87
721,1377423100,20.88
721,1377423105,20.88
721,1377423110,20.88
721,1377423115,20.88
721,1377423120,20.88
721,1377423125,20.86
721,1377423130,20.86
721,1377423135,20.87
721,1377423140,20.87
721,1377423145,20.88
721,1377423150,20.89
721,1377423155,20.87
721,1377423160,20.88
721,1377423165,20.87
721,1377423170,20.88
721,1377423175,20.88
721,1377423180,20.88
721,1377423185,20.88
721,1377423190,20.88
721,1377423195,20.87
721,1377423200,20.87
721,1377423205,20.87
721,1377423210,20.88
721,1377423215,20.88
721,1377423220,20.86
721,1377423225,20.88
721,1377423230,20.87
721,1377423235,20.86
721,1377423240,20.88
721,1377423245,20.87
721,1377423250,20.87
721,1377423255,20.87
721,1377423260,20.86
721,1377423265,20.88
721,1377423270,20.87
721,1377423275,20.87
721,1377423280,20.87
721,1377423285,20.87
721,1377423290,20.88
721,1377423295,20.89
721,1377423300,20.88
721,1377423305,20.88
721,1377423310,20.88
721,1377423315,20.88
721,1377423320,20.88
721,1377423325,20.88
721,1377423330,20.87
721,1377423335,20.88
721,1377423340,20.88
721,1377423345,20.86
721,1377423350,20.88
721,1377423355,20.86
721,1377423360,20.88
721,1377423365,20.88
721,1377423370,20.87
721,1377423375,20.89
721,1377423380,20.88
721,1377423385,20.87
721,1377423390,20.89
721,1377423395,20.9
721,1377423400,20.88
721,1377423405,20.89
721,1377423410,20.87
721,1377423415,20.88
721,1377423420,20.88
721,1377423425,20.87
721,1377423430,20.86
721,1377423435,20.88
721,1377423440,20.87
721,1377423445,20.87
721,1377423450,20.86
721,1377423455,20.87
721,1377423460,20.88
721,1377423465,20.88
721,1377423470,20.87
721,1377423475,20.87
721,1377423480,20.88
721,1377423485,20.88
721,1377423490,20.87
721,1377423495,20.87
721,1377423500,20.86
721,1377423505,20.87
721,1377423510,20.86
721,1377423515,20.88
721,1377423520,20.88
721,1377423525,20.88
721,1377423530,20.88
721,1377423535,20.88
721,1377423540,20.87
721,1377423545,20.86
721,1377423550,20.87
721,1377423555,20.87
721,1377423560,20.87
721,1377423565,20.86
721,1377423570,20.87
721,1377423575,20.87
721,1377423580,20.86
721,1377423585,20.88
721,1377423590,20.87
721,1377423595,20.87
721,1377423600,20.86
721,1377423605,20.88
721,1377423610,20.86
721,1377423615,20.87
721,1377423620,20.88
721,1377423625,20.88
721,1377423630,20.88
721,1377423635,20.87
721,1377423640,20.88
721,1377423645,20.87
721,1377423650,20.88
721,1377423655,20.87
721,1377423660,20.88
721,1377423665,20.88
721,1377423670,20.88
721,1377423675,20.87
721,1377423680,20.88
721,1377423685,20.87
721,1377423690,20.88
721,1377423695,20.88
721,1377423700,20.88
721,1377423705,20.88
721,1377423710,20.87
721,1377423715,20.88
721,1377423720,20.86
721,1377423725,20.86
721,1377423730,20.87
721,1377423735,20.88
721,1377423740,20.86
721,1377423745,20.88
721,1377423750,20.86
721,1377423755,20.88
721,1377423760,20.88
721,1377423765,20.88
721,1377423770,20.86
721,1377423775,20.86
721,1377423780,20.87
721,1377423785,20.87
721,1377423790,20.88
721,1377423795,20.88
721,1377423800,20.88
721,1377423805,20.88
721,1377423810,20.87
721,1377423815,20.86
721,1377423820,20.87
721,1377423825,20.86
721,1377423830,20.87
721,1377423835,20.86
721,1377423840,20.86
721,1377423845,20.87
721,1377423850,20.87
721,1377423855,20.88
721,1377423860,20.87
721,1377423865,20.86
721,1377423870,20.87
721,1377423875,20.86
721,1377423880,20.86
721,1377423885,20.86
721,1377423890,20.86
721,1377423895,20.86
721,1377423900,20.87
721,1377423905,20.87
721,1377423910,20.86
721,1377423915,20.87
721,1377423920,20.87
721,1377423925,20.87
721,1377423930,20.87
721,1377423935,20.86
721,1377423940,20.86
721,1377423945,20.87
721,1377423950,20.88
721,1377423955,20.86
721,1377423960,20.86
721,1377423965,20.88
721,1377423970,20.86
721,1377423975,20.88
721,1377423980,20.87
721,1377423985,20.86
721,1377423990,20.87
721,1377423995,20.87
721,1377424000,20.86
721,1377424005,20.88
721,1377424010,20.86
721,1377424015,20.87
721,1377424020,20.87
721,1377424025,20.86
721,1377424030,20.87
721,1377424035,20.88
721,1377424040,20.86
721,1377424045,20.86
721,1377424050,20.86
721,1377424055,20.86
721,1377424060,20.87
721,1377424065,20.86
721,1377424070,20.88
721,1377424075,20.86
721,1377424080,20.87
721,1377424085,20.86
721,1377424090,20.86
721,1377424095,20.87
721,1377424100,20.87
721,1377424105,20.86
721,1377424110,20.86
721,1377424115,20.86
721,1377424120,20.86
721,1377424125,20.87
721,1377424130,20.86
721,1377424135,20.86
721,1377424140,20.86
721,1377424145,20.88
721,1377424150,20.87
721,1377424155,20.87
721,1377424160,20.86
721,1377424165,20.86
721,1377424170,20.86
721,1377424175,20.86
721,1377424180,20.86
721,1377424185,20.86
721,1377424190,20.86
721,1377424196,20.86
721,1377424200,20.86
721,1377424205,20.86
721,1377424210,20.86
721,1377424215,20.88
721,1377424220,20.86
721,1377424225,20.86
721,1377424230,20.87
721,1377424235,20.87
721,1377424240,20.86
721,1377424245,20.88
721,1377424250,20.85
721,1377424255,20.87
721,1377424260,20.88
721,1377424265,20.87
721,1377424270,20.87
721,1377424275,20.86
721,1377424280,20.86
721,1377424285,20.86
721,1377424290,20.88
721,1377424295,20.87
721,1377424300,20.87
721,1377424305,20.86
721,1377424310,20.86
721,1377424315,20.86
721,1377424320,20.86
721,1377424325,20.86
721,1377424330,20.86
721,1377424335,20.86
721,1377424340,20.87
721,1377424345,20.86
721,1377424350,20.87
721,1377424355,20.86
721,1377424360,20.86
721,1377424365,20.87
721,1377424370,20.86
721,1377424375,20.86
721,1377424380,20.87
721,1377424385,20.86
721,1377424390,20.86
721,1377424395,20.86
721,1377424400,20.86
721,1377424405,20.86
721,1377424410,20.86
721,1377424415,20.86
721,1377424420,20.85
721,1377424425,20.86
721,1377424430,20.86
721,1377424435,20.86
721,1377424440,20.87
721,1377424445,20.87
721,1377424450,20.87
721,1377424455,20.87
721,1377424460,20.86
721,1377424465,20.86
721,1377424470,20.86
721,1377424475,20.88
721,1377424480,20.86
721,1377424485,20.86
721,1377424490,20.86
721,1377424495,20.85
721,1377424500,20.87
721,1377424505,20.86
721,1377424510,20.86
721,1377424515,20.87
721,1377424520,20.86
721,1377424525,20.87
721,1377424530,20.87
721,1377424535,20.86
721,1377424540,20.88
721,1377424545,20.87
721,1377424550,20.87
721,1377424555,20.86
721,1377424560,20.87
721,1377424565,20.86
721,1377424570,20.87
721,1377424575,20.86
721,1377424580,20.86
721,1377424585,20.87
721,1377424590,20.87
721,1377424595,20.86
721,1377424600,20.87
721,1377424605,20.87
721,1377424610,20.86
721,1377424615,20.87
721,1377424620,20.86
721,1377424625,20.87
721,1377424630,20.86
721,1377424635,20.87
721,1377424640,20.87
721,1377424645,20.88
721,1377424650,20.87
721,1377424655,20.86
721,1377424660,20.87
721,1377424665,20.86
721,1377424670,20.86
721,1377424675,20.87
721,1377424680,20.87
721,1377424685,20.87
721,1377424690,20.86
721,1377424695,20.87
721,1377424700,20.87
721,1377424705,20.86
721,1377424710,20.86
721,1377424715,20.87
721,1377424720,20.86
721,1377424725,20.87
721,1377424730,20.86
721,1377424735,20.87
721,1377424740,20.87
721,1377424745,20.86
721,1377424750,20.87
721,1377424755,20.88
721,1377424760,20.87
721,1377424765,20.87
721,1377424770,20.87
721,1377424775,20.88
721,1377424780,20.86
721,1377424785,20.87
721,1377424790,20.87
721,1377424795,20.87
721,1377424800,20.87
721,1377424805,20.86
721,1377424810,20.87
721,1377424815,20.87
721,1377424820,20.88
721,1377424825,20.87
721,1377424830,20.86
721,1377424835,20.86
721,1377424840,20.86
721,1377424845,20.87
721,1377424850,20.87
721,1377424855,20.86
721,1377424860,20.86
721,1377424865,20.86
721,1377424870,20.86
721,1377424875,20.87
721,1377424880,20.86
721,1377424885,20.86
721,1377424890,20.86
721,1377424895,20.86
721,1377424900,20.87
721,1377424905,20.87
721,1377424910,20.87
721,1377424915,20.87
721,1377424920,20.86
721,1377424925,20.86
721,1377424930,20.86
721,1377424935,20.86
721,1377424940,20.86
721,1377424945,20.88
721,1377424950,20.87
721,1377424955,20.86
721,1377424960,20.87
721,1377424965,20.86
721,1377424970,20.86
721,1377424975,20.88
721,1377424980,20.87
721,1377424985,20.86
721,1377424990,20.87
721,1377424995,20.86
721,1377425000,20.87
721,1377425005,20.86
721,1377425010,20.86
721,1377425015,20.86
721,1377425020,20.87
721,1377425025,20.86
721,1377425030,20.87
721,1377425035,20.86
721,1377425040,20.86
721,1377425047,20.87
721,1377425050,20.86
721,1377425055,20.87
721,1377425060,20.87
721,1377425065,20.88
721,1377425070,20.88
721,1377425075,20.86
721,1377425080,20.86
721,1377425085,20.86
721,1377425090,20.88
721,1377425095,20.87
721,1377425100,20.86
721,1377425105,20.86
721,1377425110,20.87
721,1377425115,20.88
721,1377425120,20.86
721,1377425125,20.87
721,1377425130,20.87
721,1377425135,20.85
721,1377425140,20.86
721,1377425145,20.87
721,1377425150,20.87
721,1377425155,20.86
721,1377425160,20.87
721,1377425165,20.86
721,1377425170,20.87
721,1377425175,20.88
721,1377425180,20.87
721,1377425185,20.87
721,1377425190,20.86
721,1377425195,20.86
721,1377425200,20.87
721,1377425205,20.87
721,1377425210,20.87
721,1377425215,20.86
721,1377425220,20.86
721,1377425225,20.86
721,1377425230,20.88
721,1377425235,20.87
721,1377425240,20.87
721,1377425245,20.86
721,1377425250,20.87
721,1377425255,20.86
721,1377425260,20.86
721,1377425265,20.86
721,1377425270,20.86
721,1377425275,20.86
721,1377425280,20.86
721,1377425285,20.86
721,1377425290,20.87
721,1377425295,20.86
721,1377425300,20.87
721,1377425305,20.87
721,1377425310,20.88
721,1377425315,20.88
721,1377425320,20.88
721,1377425325,20.87
721,1377425330,20.87
721,1377425335,20.87
721,1377425340,20.88
721,1377425345,20.88
721,1377425350,20.86
721,1377425355,20.87
721,1377425360,20.86
721,1377425365,20.87
721,1377425370,20.86
721,1377425375,20.87
721,1377425380,20.86
721,1377425385,20.85
721,1377425390,20.86
721,1377425395,20.86
721,1377425400,20.86
721,1377425405,20.86
721,1377425410,20.86
721,1377425415,20.86
721,1377425420,20.86
721,1377425425,20.86
721,1377425430,20.88
721,1377425435,20.85
721,1377425440,20.86
721,1377425445,20.86
721,1377425450,20.86
721,1377425455,20.86
721,1377425460,20.86
721,1377425465,20.86
721,1377425470,20.86
721,1377425475,20.85
721,1377425480,20.86
721,1377425485,20.86
721,1377425490,20.86
721,1377425495,20.86
721,1377425500,20.86
721,1377425505,20.86
721,1377425510,20.86
721,1377425515,20.86
721,1377425520,20.85
721,1377425525,20.85
721,1377425530,20.86
721,1377425535,20.86
721,1377425540,20.86
721,1377425545,20.86
721,1377425550,20.86
721,1377425555,20.86
721,1377425560,20.85
721,1377425565,20.86
721,1377425570,20.86
721,1377425575,20.86
721,1377425580,20.86
721,1377425585,20.86
721,1377425590,20.86
721,1377425595,20.86
721,1377425600,20.86
721,1377425605,20.86
721,1377425610,20.87
721,1377425615,20.86
721,1377425620,20.86
721,1377425625,20.86
721,1377425630,20.85
721,1377425635,20.86
721,1377425640,20.86
721,1377425645,20.86
721,1377425650,20.86
721,1377425655,20.87
721,1377425660,20.87
721,1377425665,20.87
721,1377425670,20.87
721,1377425675,20.86
721,1377425680,20.85
721,1377425685,20.86
721,1377425690,20.86
721,1377425695,20.86
721,1377425700,20.85
721,1377425705,20.86
721,1377425710,20.86
721,1377425715,20.86
721,1377425720,20.86
721,1377425725,20.86
721,1377425730,20.86
721,1377425735,20.86
721,1377425740,20.86
721,1377425745,20.86
721,1377425750,20.86
721,1377425755,20.86
721,1377425760,20.85
721,1377425765,20.86
721,1377425770,20.85
721,1377425775,20.87
721,1377425780,20.86
721,1377425785,20.86
721,1377425790,20.86
721,1377425795,20.86
721,1377425800,20.86
721,1377425805,20.86
721,1377425810,20.86
721,1377425815,20.86
721,1377425820,20.88
721,1377425825,20.87
721,1377425830,20.86
721,1377425835,20.86
721,1377425840,20.86
721,1377425845,20.86
721,1377425850,20.86
721,1377425855,20.86
721,1377425860,20.88
721,1377425865,20.86
721,1377425870,20.86
721,1377425875,20.85
721,1377425880,20.86
721,1377425885,20.85
721,1377425890,20.86
721,1377425895,20.86
721,1377425900,20.86
721,1377425905,20.86
721,1377425910,20.85
721,1377425915,20.85
721,1377425920,20.85
721,1377425925,20.85
721,1377425930,20.85
721,1377425935,20.84
721,1377425940,20.86
721,1377425945,20.85
721,1377425950,20.85
721,1377425955,20.85
721,1377425960,20.85
721,1377425965,20.86
721,1377425970,20.85
721,1377425975,20.85
721,1377425980,20.84
721,1377425985,20.85
721,1377425990,20.86
721,1377425995,20.85
721,1377426000,20.86
721,1377426005,20.85
721,1377426010,20.85
721,1377426015,20.86
721,1377426020,20.85
721,1377426025,20.86
721,1377426030,20.86
721,1377426035,20.85
721,1377426040,20.86
721,1377426045,20.85
721,1377426050,20.86
721,1377426055,20.86
721,1377426060,20.85
721,1377426065,20.85
721,1377426070,20.86
721,1377426075,20.86
721,1377426080,20.86
721,1377426085,20.86
721,1377426090,20.85
721,1377426095,20.86
721,1377426100,20.85
721,1377426105,20.85
721,1377426110,20.86
721,1377426115,20.86
721,1377426120,20.85
721,1377426125,20.86
721,1377426130,20.85
721,1377426135,20.85
721,1377426140,20.85
721,1377426145,20.86
721,1377426150,20.85
721,1377426155,20.86
721,1377426160,20.85
721,1377426165,20.86
721,1377426170,20.85
721,1377426175,20.84
721,1377426180,20.84
721,1377426185,20.86
721,1377426190,20.85
721,1377426195,20.85
721,1377426200,20.86
721,1377426205,20.85
721,1377426210,20.85
721,1377426215,20.84
721,1377426220,20.84
721,1377426225,20.85
721,1377426230,20.85
721,1377426235,20.85
721,1377426240,20.86
721,1377426245,20.84
721,1377426250,20.86
721,1377426255,20.84
721,1377426260,20.84
721,1377426265,20.85
721,1377426270,20.85
721,1377426275,20.84
721,1377426280,20.85
721,1377426285,20.84
721,1377426290,20.86
721,1377426295,20.84
721,1377426300,20.84
721,1377426305,20.84
721,1377426310,20.84
721,1377426315,20.84
721,1377426320,20.84
721,1377426325,20.85
721,1377426330,20.85
721,1377426335,20.85
721,1377426340,20.85
721,1377426345,20.84
721,1377426350,20.85
721,1377426355,20.86
721,1377426360,20.84
721,1377426365,20.84
721,1377426370,20.85
721,1377426375,20.85
721,1377426380,20.84
721,1377426385,20.85
721,1377426390,20.84
721,1377426395,20.85
721,1377426400,20.85
721,1377426405,20.84
721,1377426410,20.85
721,1377426415,20.85
721,1377426420,20.85
721,1377426425,20.85
721,1377426430,20.86
721,1377426435,20.85
721,1377426440,20.85
721,1377426445,20.85
721,1377426450,20.85
721,1377426455,20.84
721,1377426460,20.85
721,1377426465,20.85
721,1377426470,20.85
721,1377426475,20.84
721,1377426480,20.84
721,1377426485,20.84
721,1377426490,20.85
721,1377426495,20.84
721,1377426500,20.85
721,1377426505,20.85
721,1377426510,20.85
721,1377426515,20.84
721,1377426520,20.84
721,1377426525,20.85
721,1377426530,20.86
721,1377426535,20.86
721,1377426540,20.84
721,1377426545,20.85
721,1377426550,20.86
721,1377426555,20.86
721,1377426560,20.86
721,1377426565,20.85
721,1377426570,20.86
721,1377426575,20.86
721,1377426580,20.86
721,1377426585,20.86
721,1377426590,20.86
721,1377426595,20.86
721,1377426600,20.86
721,1377426605,20.86
721,1377426610,20.85
721,1377426615,20.85
721,1377426620,20.86
721,1377426625,20.87
721,1377426630,20.85
721,1377426635,20.85
721,1377426640,20.86
721,1377426645,20.86
721,1377426650,20.85
721,1377426655,20.86
721,1377426660,20.85
721,1377426665,20.86
721,1377426670,20.86
721,1377426675,20.84
721,1377426680,20.86
721,1377426685,20.85
721,1377426690,20.85
721,1377426695,20.86
721,1377426700,20.86
721,1377426705,20.86
721,1377426710,20.85
721,1377426715,20.86
721,1377426720,20.86
721,1377426725,20.86
721,1377426730,20.85
721,1377426735,20.84
721,1377426740,20.86
721,1377426745,20.84
721,1377426750,20.85
721,1377426755,20.85
721,1377426760,20.84
721,1377426765,20.85
721,1377426770,20.86
721,1377426775,20.84
721,1377426780,20.86
721,1377426785,20.84
721,1377426790,20.86
721,1377426795,20.84
721,1377426800,20.84
721,1377426805,20.86
721,1377426810,20.84
721,1377426815,20.84
721,1377426820,20.85
721,1377426825,20.85
721,1377426830,20.85
721,1377426835,20.85
721,1377426840,20.85
721,1377426845,20.85
721,1377426850,20.86
721,1377426855,20.85
721,1377426860,20.85
721,1377426865,20.86
721,1377426870,20.85
721,1377426875,20.86
721,1377426880,20.85
721,1377426885,20.85
721,1377426890,20.85
721,1377426895,20.86
721,1377426900,20.87
721,1377426905,20.86
721,1377426910,20.86
721,1377426915,20.85
721,1377426920,20.87
721,1377426925,20.88
721,1377426930,20.85
721,1377426935,20.84
721,1377426940,20.85
721,1377426945,20.85
721,1377426950,20.85
721,1377426955,20.86
721,1377426960,20.86
721,1377426965,20.86
721,1377426970,20.87
721,1377426975,20.86
721,1377426980,20.86
721,1377426985,20.85
721,1377426990,20.86
721,1377426995,20.86
721,1377427000,20.84
721,1377427005,20.86
721,1377427010,20.86
721,1377427015,20.86
721,1377427020,20.85
721,1377427025,20.86
721,1377427030,20.86
721,1377427035,20.86
721,1377427040,20.86
721,1377427045,20.85
721,1377427050,20.86
721,1377427055,20.85
721,1377427060,20.86
721,1377427065,20.86
721,1377427070,20.85
721,1377427075,20.86
721,1377427080,20.86
721,1377427085,20.86
721,1377427090,20.85
721,1377427095,20.86
721,1377427100,20.86
721,1377427105,20.85
721,1377427110,20.85
721,1377427115,20.86
721,1377427120,20.86
721,1377427125,20.86
721,1377427130,20.84
721,1377427135,20.85
721,1377427140,20.85
721,1377427145,20.86
721,1377427150,20.86
721,1377427155,20.86
721,1377427160,20.86
721,1377427165,20.85
721,1377427170,20.86
721,1377427175,20.84
721,1377427180,20.84
721,1377427185,20.86
721,1377427190,20.85
721,1377427195,20.86
721,1377427200,20.85
721,1377427205,20.85
721,1377427210,20.86
721,1377427215,20.85
721,1377427220,20.85
721,1377427225,20.85
721,1377427230,20.85
721,1377427235,20.85
721,1377427240,20.84
721,1377427245,20.85
721,1377427250,20.84
721,1377427255,20.84
721,1377427260,20.86
721,1377427265,20.85
721,1377427270,20.85
721,1377427275,20.86
721,1377427280,20.86
721,1377427285,20.84
721,1377427290,20.85
721,1377427295,20.85
721,1377427300,20.85
721,1377427305,20.85
721,1377427310,20.85
721,1377427315,20.85
721,1377427320,20.84
721,1377427325,20.84
721,1377427330,20.86
721,1377427335,20.84
721,1377427340,20.85
721,1377427345,20.85
721,1377427350,20.84
721,1377427355,20.84
721,1377427360,20.86
721,1377427365,20.84
721,1377427370,20.84
721,1377427375,20.84
721,1377427380,20.85
721,1377427385,20.85
721,1377427390,20.84
721,1377427395,20.85
721,1377427400,20.86
721,1377427405,20.84
721,1377427410,20.84
721,1377427415,20.84
721,1377427420,20.84
721,1377427425,20.85
721,1377427430,20.84
721,1377427435,20.85
721,1377427440,20.84
721,1377427445,20.84
721,1377427450,20.84
721,1377427455,20.84
721,1377427460,20.85
721,1377427465,20.85
721,1377427470,20.86
721,1377427475,20.84
721,1377427480,20.85
721,1377427485,20.84
721,1377427490,20.85
721,1377427495,20.84
721,1377427500,20.84
721,1377427505,20.84
721,1377427510,20.84
721,1377427515,20.85
721,1377427520,20.84
721,1377427525,20.85
721,1377427530,20.84
721,1377427535,20.84
721,1377427540,20.84
721,1377427545,20.84
721,1377427550,20.85
721,1377427555,20.84
721,1377427560,20.84
721,1377427565,20.85
721,1377427570,20.84
721,1377427575,20.84
721,1377427580,20.83
721,1377427585,20.83
721,1377427590,20.85
721,1377427595,20.84
721,1377427600,20.84
721,1377427605,20.85
721,1377427610,20.84
721,1377427615,20.84
721,1377427620,20.83
721,1377427625,20.84
721,1377427630,20.84
721,1377427635,20.84
721,1377427640,20.84
721,1377427645,20.84
721,1377427650,20.86
721,1377427655,20.84
721,1377427660,20.84
721,1377427665,20.84
721,1377427670,20.84
721,1377427675,20.84
721,1377427680,20.82
721,1377427685,20.84
721,1377427690,20.84
721,1377427695,20.85
721,1377427700,20.84
721,1377427705,20.82
721,1377427710,20.83
721,1377427715,20.83
721,1377427719,20.84
721,1377427725,20.84
721,1377427730,20.84
721,1377427735,20.84
721,1377427740,20.84
721,1377427745,20.83
721,1377427750,20.84
721,1377427755,20.84
721,1377427760,20.84
721,1377427765,20.84
721,1377427770,20.84
721,1377427775,20.84
721,1377427780,20.84
721,1377427785,20.84
721,1377427790,20.83
721,1377427795,20.84
721,1377427800,20.85
721,1377427805,20.85
721,1377427810,20.83
721,1377427815,20.83
721,1377427820,20.85
721,1377427825,20.84
721,1377427830,20.84
721,1377427835,20.84
721,1377427840,20.84
721,1377427845,20.84
721,1377427850,20.83
721,1377427855,20.84
721,1377427860,20.84
721,1377427865,20.84
721,1377427870,20.84
721,1377427875,20.84
721,1377427880,20.83
721,1377427884,20.85
721,1377427890,20.85
721,1377427895,20.84
721,1377427900,20.84
721,1377427905,20.84
721,1377427910,20.84
721,1377427915,20.84
721,1377427920,20.84
721,1377427925,20.84
721,1377427930,20.84
721,1377427935,20.84
721,1377427940,20.84
721,1377427945,20.84
721,1377427950,20.84
721,1377427955,20.84
721,1377427960,20.84
721,1377427965,20.84
721,1377427970,20.85
721,1377427975,20.84
721,1377427980,20.84
721,1377427985,20.84
721,1377427990,20.84
721,1377427995,20.84
721,1377428000,20.82
721,1377428005,20.84
721,1377428010,20.83
721,1377428015,20.84
721,1377428020,20.82
721,1377428025,20.84
721,1377428029,20.84
721,1377428035,20.84
721,1377428040,20.84
721,1377428045,20.84
721,1377428050,20.84
721,1377428055,20.84
721,1377428060,20.84
721,1377428065,20.83
721,1377428070,20.83
721,1377428075,20.84
721,1377428080,20.84
721,1377428085,20.84
721,1377428089,20.84
721,1377428095,20.84
721,1377428100,20.84
721,1377428105,20.84
721,1377428110,20.84
721,1377428115,20.84
721,1377428120,20.84
721,1377428125,20.84
721,1377428130,20.84
721,1377428135,20.84
721,1377428140,20.84
721,1377428144,20.85
721,1377428150,20.85
721,1377428155,20.84
721,1377428160,20.84
721,1377428165,20.84
721,1377428169,20.84
721,1377428175,20.83
721,1377428180,20.83
721,1377428184,20.84
721,1377428189,20.84
721,1377428194,20.84
721,1377428200,20.84
721,1377428205,20.85
721,1377428209,20.84
721,1377428215,20.84
721,1377428219,20.84
721,1377428225,20.84
721,1377428230,20.84
721,1377428235,20.83
721,1377428240,20.84
721,1377428245,20.84
721,1377428250,20.84
721,1377428255,20.82
721,1377428260,20.84
721,1377428264,20.82
721,1377428270,20.84
721,1377428275,20.83
721,1377428280,20.84
721,1377428285,20.83
721,1377428290,20.84
721,1377428294,20.83
721,1377428300,20.83
721,1377428305,20.83
721,1377428309,20.83
721,1377428314,20.84
721,1377428319,20.83
721,1377428325,20.84
721,1377428330,20.83
721,1377428334,20.84
721,1377428339,20.83
721,1377428344,20.84
721,1377428350,20.83
721,1377428355,20.82
721,1377428360,20.84
721,1377428364,20.82
721,1377428369,20.83
721,1377428375,20.82
721,1377428379,20.82
721,1377428384,20.84
721,1377428389,20.83
721,1377428395,20.82
721,1377428399,20.82
721,1377428404,20.83
721,1377428409,20.82
721,1377428414,20.82
721,1377428420,20.82
721,1377428425,20.83
721,1377428429,20.83
721,1377428434,20.82
721,1377428440,20.83
721,1377428444,20.83
721,1377428450,20.83
721,1377428454,20.82
721,1377428459,20.83
721,1377428464,20.84
721,1377428470,20.82
721,1377428474,20.83
721,1377428479,20.84
721,1377428485,20.84
721,1377428489,20.83
721,1377428494,20.84
721,1377428499,20.83
721,1377428504,20.82
721,1377428509,20.82
721,1377428514,20.82
721,1377428519,20.83
721,1377428525,20.84
721,1377428530,20.83
721,1377428534,20.82
721,1377428539,20.83
721,1377428544,20.84
721,1377428549,20.83
721,1377428555,20.83
721,1377428559,20.83
721,1377428564,20.83
721,1377428569,20.83
721,1377428574,20.84
721,1377428579,20.83
721,1377428585,20.83
721,1377428589,20.82
721,1377428594,20.83
721,1377428599,20.83
721,1377428604,20.82
721,1377428609,20.83
721,1377428614,20.83
721,1377428619,20.82
721,1377428624,20.83
721,1377428629,20.84
721,1377428634,20.82
721,1377428639,20.82
721,1377428644,20.83
721,1377428649,20.82
721,1377428654,20.82
721,1377428659,20.83
721,1377428664,20.82
721,1377428669,20.83
721,1377428675,20.83
721,1377428679,20.83
721,1377428684,20.82
721,1377428689,20.83
721,1377428694,20.83
721,1377428700,20.83
721,1377428704,20.83
721,1377428709,20.82
721,1377428714,20.83
721,1377428719,20.82
721,1377428724,20.83
721,1377428729,20.82
721,1377428734,20.82
721,1377428739,20.83
721,1377428744,20.83
721,1377428749,20.83
721,1377428754,20.82
721,1377428759,20.82
721,1377428764,20.82
721,1377428769,20.82
721,1377428774,20.82
721,1377428779,20.82
721,1377428784,20.82
721,1377428789,20.82
721,1377428794,20.82
721,1377428799,20.82
721,1377428804,20.82
721,1377428809,20.82
721,1377428814,20.82
721,1377428819,20.82
721,1377428824,20.82
721,1377428829,20.82
721,1377428834,20.82
721,1377428839,20.83
721,1377428844,20.82
721,1377428849,20.84
721,1377428854,20.83
721,1377428859,20.82
721,1377428864,20.82
721,1377428869,20.82
721,1377428874,20.82
721,1377428879,20.82
721,1377428884,20.82
721,1377428889,20.82
721,1377428894,20.83
721,1377428899,20.82
721,1377428904,20.82
721,1377428909,20.82
721,1377428914,20.83
721,1377428919,20.82
721,1377428924,20.82
721,1377428929,20.83
721,1377428934,20.82
721,1377428939,20.82
721,1377428944,20.82
721,1377428949,20.81
721,1377428954,20.82
721,1377428959,20.82
721,1377428964,20.82
721,1377428969,20.83
721,1377428974,20.82
721,1377428979,20.82
721,1377428984,20.82
721,1377428989,20.83
721,1377428994,20.81
721,1377428999,20.81
721,1377429004,20.82
721,1377429009,20.82
721,1377429014,20.82
721,1377429019,20.82
721,1377429024,20.82
721,1377429029,20.82
721,1377429034,20.82
721,1377429039,20.82
721,1377429044,20.83
721,1377429049,20.82
721,1377429054,20.83
721,1377429059,20.83
721,1377429064,20.82
721,1377429069,20.81
721,1377429074,20.82
721,1377429079,20.83
721,1377429084,20.83
721,1377429089,20.82
721,1377429094,20.82
721,1377429099,20.83
721,1377429104,20.83
721,1377429109,20.83
721,1377429114,20.83
721,1377429119,20.84
721,1377429124,20.82
721,1377429129,20.82
721,1377429134,20.84
721,1377429139,20.83
721,1377429144,20.83
721,1377429149,20.82
721,1377429154,20.84
721,1377429159,20.82
721,1377429164,20.82
721,1377429169,20.83
721,1377429174,20.84
721,1377429179,20.84
721,1377429184,20.84
721,1377429189,20.83
721,1377429194,20.83
721,1377429199,20.82
721,1377429204,20.83
721,1377429209,20.82
721,1377429214,20.83
721,1377429219,20.82
721,1377429224,20.84
721,1377429229,20.84
721,1377429234,20.82
721,1377429239,20.83
721,1377429244,20.83
721,1377429249,20.82
721,1377429254,20.83
721,1377429259,20.82
721,1377429264,20.82
721,1377429269,20.83
721,1377429274,20.84
721,1377429279,20.82
721,1377429284,20.82
721,1377429289,20.84
721,1377429294,20.82
721,1377429299,20.82
721,1377429304,20.82
721,1377429309,20.82
721,1377429314,20.82
721,1377429319,20.82
721,1377429324,20.83
721,1377429329,20.84
721,1377429334,20.83
721,1377429339,20.82
721,1377429344,20.82
721,1377429349,20.83
721,1377429354,20.82
721,1377429359,20.82
721,1377429364,20.83
721,1377429369,20.84
721,1377429374,20.82
721,1377429379,20.82
721,1377429386,20.82
721,1377429389,20.82
721,1377429394,20.82
721,1377429399,20.82
721,1377429404,20.83
721,1377429409,20.83
721,1377429414,20.82
721,1377429419,20.82
721,1377429424,20.82
721,1377429429,20.82
721,1377429434,20.82
721,1377429439,20.82
721,1377429444,20.82
721,1377429449,20.82
721,1377429454,20.83
721,1377429459,20.83
721,1377429464,20.82
721,1377429469,20.83
721,1377429474,20.83
721,1377429479,20.83
721,1377429484,20.82
721,1377429489,20.82
721,1377429494,20.83
721,1377429499,20.81
721,1377429504,20.81
721,1377429509,20.82
721,1377429514,20.8
721,1377429519,20.82
721,1377429524,20.82
721,1377429529,20.82
721,1377429534,20.81
721,1377429539,20.82
721,1377429544,20.83
721,1377429549,20.82
721,1377429554,20.82
721,1377429559,20.82
721,1377429564,20.82
721,1377429569,20.82
721,1377429574,20.82
721,1377429579,20.81
721,1377429584,20.82
721,1377429589,20.82
721,1377429594,20.82
721,1377429599,20.82
721,1377429604,20.82
721,1377429609,20.83
721,1377429614,20.82
721,1377429619,20.83
721,1377429624,20.82
721,1377429629,20.82
721,1377429634,20.82
721,1377429639,20.82
721,1377429644,20.81
721,1377429649,20.83
721,1377429654,20.82
721,1377429659,20.82
721,1377429664,20.82
721,1377429669,20.82
721,1377429674,20.82
721,1377429679,20.82
721,1377429684,20.82
721,1377429689,20.83
721,1377429694,20.83
721,1377429699,20.82
721,1377429704,20.83
721,1377429709,20.82
721,1377429714,20.82
721,1377429719,20.83
721,1377429724,20.82
721,1377429729,20.82
721,1377429734,20.83
721,1377429739,20.82
721,1377429744,20.82
721,1377429749,20.83
721,1377429754,20.83
721,1377429759,20.82
721,1377429764,20.82
721,1377429769,20.81
721,1377429774,20.82
721,1377429779,20.82
721,1377429784,20.82
721,1377429789,20.82
721,1377429794,20.82
721,1377429799,20.82
721,1377429804,20.82
721,1377429809,20.82
721,1377429814,20.82
721,1377429819,20.82
721,1377429824,20.81
721,1377429829,20.82
721,1377429834,20.82
721,1377429839,20.82
721,1377429844,20.83
721,1377429849,20.81
721,1377429854,20.82
721,1377429859,20.82
721,1377429864,20.82
721,1377429869,20.83
721,1377429874,20.82
721,1377429879,20.82
721,1377429884,20.82
721,1377429889,20.82
721,1377429894,20.81
721,1377429899,20.82
721,1377429904,20.81
721,1377429909,20.82
721,1377429914,20.82
721,1377429919,20.82
721,1377429924,20.82
721,1377429929,20.82
721,1377429934,20.81
721,1377429939,20.82
721,1377429944,20.82
721,1377429949,20.83
721,1377429954,20.82
721,1377429959,20.81
721,1377429964,20.81
721,1377429969,20.82
721,1377429974,20.82
721,1377429979,20.82
721,1377429984,20.82
721,1377429989,20.81
721,1377429994,20.82
721,1377429999,20.81
721,1377430004,20.82
721,1377430009,20.8
721,1377430014,20.82
721,1377430019,20.82
721,1377430024,20.83
721,1377430029,20.82
721,1377430034,20.81
721,1377430039,20.81
721,1377430044,20.82
721,1377430049,20.82
721,1377430054,20.82
721,1377430059,20.82
721,1377430064,20.81
721,1377430069,20.82
721,1377430074,20.82
721,1377430079,20.82
721,1377430084,20.81
721,1377430089,20.83
721,1377430094,20.82
721,1377430099,20.82
721,1377430104,20.8
721,1377430109,20.81
721,1377430114,20.81
721,1377430119,20.82
721,1377430124,20.82
721,1377430129,20.82
721,1377430134,20.82
721,1377430139,20.82
721,1377430144,20.82
721,1377430149,20.8
721,1377430154,20.82
721,1377430159,20.81
721,1377430164,20.82
721,1377430169,20.81
721,1377430174,20.81
721,1377430179,20.82
721,1377430184,20.81
721,1377430189,20.81
721,1377430194,20.81
721,1377430199,20.8
721,1377430204,20.81
721,1377430209,20.81
721,1377430214,20.82
721,1377430219,20.8
721,1377430224,20.81
721,1377430229,20.81
721,1377430234,20.81
721,1377430239,20.82
721,1377430244,20.81
721,1377430249,20.82
721,1377430254,20.81
721,1377430259,20.81
721,1377430264,20.81
721,1377430269,20.82
721,1377430274,20.81
721,1377430279,20.81
721,1377430284,20.8
721,1377430289,20.8
721,1377430294,20.8
721,1377430299,20.8
721,1377430304,20.82
721,1377430309,20.81
721,1377430314,20.8
721,1377430319,20.8
721,1377430324,20.8
721,1377430329,20.81
721,1377430334,20.81
721,1377430339,20.81
721,1377430344,20.81
721,1377430349,20.82
721,1377430354,20.81
721,1377430359,20.81
721,1377430364,20.8
721,1377430369,20.8
721,1377430374,20.81
721,1377430379,20.8
721,1377430384,20.8
721,1377430389,20.8
721,1377430394,20.81
721,1377430399,20.8
721,1377430404,20.8
721,1377430409,20.81
721,1377430414,20.81
721,1377430419,20.81
721,1377430424,20.81
721,1377430429,20.81
721,1377430434,20.81
721,1377430439,20.81
721,1377430444,20.81
721,1377430449,20.8
721,1377430454,20.82
721,1377430459,20.81
721,1377430464,20.82
721,1377430469,20.81
721,1377430474,20.8
721,1377430479,20.81
721,1377430484,20.81
721,1377430489,20.8
721,1377430494,20.81
721,1377430499,20.81
721,1377430504,20.81
721,1377430509,20.8
721,1377430514,20.8
721,1377430519,20.81
721,1377430524,20.81
721,1377430529,20.81
721,1377430534,20.81
721,1377430539,20.82
721,1377430544,20.82
721,1377430549,20.8
721,1377430554,20.8
721,1377430559,20.81
721,1377430564,20.8
721,1377430569,20.81
721,1377430574,20.81
721,1377430579,20.82
721,1377430584,20.81
721,1377430589,20.81
721,1377430594,20.81
721,1377430599,20.81
721,1377430604,20.81
721,1377430609,20.82
721,1377430614,20.81
721,1377430619,20.81
721,1377430624,20.82
721,1377430629,20.81
721,1377430634,20.81
721,1377430639,20.81
721,1377430644,20.8
721,1377430649,20.81
721,1377430654,20.81
721,1377430659,20.82
721,1377430664,20.82
721,1377430669,20.81
721,1377430674,20.81
721,1377430679,20.81
721,1377430684,20.81
721,1377430689,20.81
721,1377430694,20.81
721,1377430699,20.81
721,1377430704,20.81
721,1377430709,20.8
721,1377430714,20.82
721,1377430719,20.81
721,1377430724,20.8
721,1377430729,20.8
721,1377430734,20.81
721,1377430739,20.8
721,1377430744,20.81
721,1377430749,20.81
721,1377430754,20.8
721,1377430759,20.82
721,1377430764,20.81
721,1377430769,20.81
721,1377430774,20.8
721,1377430779,20.8
721,1377430784,20.8
721,1377430789,20.81
721,1377430794,20.8
721,1377430799,20.81
721,1377430804,20.81
721,1377430809,20.79
721,1377430814,20.81
721,1377430819,20.8
721,1377430824,20.8
721,1377430829,20.82
721,1377430834,20.82
721,1377430839,20.81
721,1377430844,20.8
721,1377430849,20.8
721,1377430854,20.8
721,1377430859,20.8
721,1377430864,20.8
721,1377430869,20.8
721,1377430874,20.82
721,1377430879,20.81
721,1377430884,20.8
721,1377430889,20.81
721,1377430894,20.81
721,1377430899,20.81
721,1377430904,20.8
721,1377430909,20.79
721,1377430914,20.8
721,1377430919,20.8
721,1377430924,20.8
721,1377430929,20.8
721,1377430934,20.82
721,1377430939,20.81
721,1377430944,20.81
721,1377430949,20.81
721,1377430954,20.82
721,1377430959,20.81
721,1377430964,20.82
721,1377430969,20.8
721,1377430974,20.81
721,1377430979,20.81
721,1377430984,20.81
721,1377430989,20.81
721,1377430994,20.8
721,1377430999,20.81
721,1377431004,20.81
721,1377431009,20.8
721,1377431014,20.8
721,1377431019,20.8
721,1377431024,20.8
721,1377431029,20.8
721,1377431034,20.81
721,1377431039,20.81
721,1377431044,20.8
721,1377431049,20.8
721,1377431054,20.81
721,1377431059,20.81
721,1377431064,20.8
721,1377431069,20.81
721,1377431074,20.8
721,1377431079,20.81
721,1377431084,20.8
721,1377431089,20.82
721,1377431094,20.82
721,1377431099,20.81
721,1377431104,20.8
721,1377431109,20.81
721,1377431114,20.8
721,1377431119,20.8
721,1377431124,20.8
721,1377431129,20.8
721,1377431134,20.81
721,1377431139,20.8
721,1377431144,20.79
721,1377431149,20.8
721,1377431154,20.82
721,1377431159,20.8
721,1377431164,20.8
721,1377431169,20.8
721,1377431174,20.81
721,1377431179,20.81
721,1377431184,20.81
721,1377431189,20.81
721,1377431194,20.82
721,1377431199,20.81
721,1377431204,20.81
721,1377431209,20.81
721,1377431214,20.8
721,1377431219,20.8
721,1377431224,20.81
721,1377431229,20.82
721,1377431234,20.81
721,1377431239,20.8
721,1377431244,20.8
721,1377431249,20.79
721,1377431254,20.8
721,1377431259,20.8
721,1377431264,20.81
721,1377431269,20.81
721,1377431274,20.81
721,1377431279,20.8
721,1377431284,20.79
721,1377431289,20.81
721,1377431294,20.8
721,1377431299,20.8
721,1377431304,20.8
721,1377431309,20.8
721,1377431314,20.8
721,1377431319,20.8
721,1377431324,20.8
721,1377431329,20.82
721,1377431334,20.8
721,1377431339,20.8
721,1377431344,20.8
721,1377431349,20.79
721,1377431354,20.8
721,1377431359,20.8
721,1377431364,20.8
721,1377431369,20.8
721,1377431374,20.81
721,1377431379,20.8
721,1377431384,20.81
721,1377431389,20.8
721,1377431394,20.8
721,1377431399,20.8
721,1377431404,20.8
721,1377431409,20.8
721,1377431414,20.8
721,1377431419,20.8
721,1377431424,20.8
721,1377431429,20.8
721,1377431434,20.8
721,1377431439,20.8
721,1377431444,20.8
721,1377431449,20.8
721,1377431454,20.8
721,1377431459,20.8
721,1377431464,20.8
721,1377431469,20.79
721,1377431474,20.79
721,1377431479,20.8
721,1377431484,20.8
721,1377431489,20.79
721,1377431494,20.79
721,1377431499,20.79
721,1377431504,20.79
721,1377431509,20.8
721,1377431514,20.8
721,1377431519,20.79
721,1377431524,20.8
721,1377431529,20.79
721,1377431534,20.79
721,1377431539,20.8
721,1377431544,20.79
721,1377431549,20.8
721,1377431554,20.79
721,1377431559,20.79
721,1377431564,20.79
721,1377431569,20.79
721,1377431574,20.79
721,1377431579,20.8
721,1377431584,20.8
721,1377431589,20.79
721,1377431594,20.79
721,1377431599,20.78
721,1377431604,20.78
721,1377431609,20.78
721,1377431614,20.78
721,1377431619,20.79
721,1377431624,20.78
721,1377431629,20.78
721,1377431634,20.79
721,1377431639,20.78
721,1377431644,20.78
721,1377431649,20.77
721,1377431654,20.78
721,1377431659,20.79
721,1377431664,20.8
721,1377431669,20.79
721,1377431674,20.79
721,1377431679,20.78
721,1377431684,20.78
721,1377431689,20.78
721,1377431694,20.8
721,1377431699,20.78
721,1377431704,20.79
721,1377431709,20.78
721,1377431714,20.79
721,1377431719,20.78
721,1377431724,20.78
721,1377431729,20.78
721,1377431734,20.78
721,1377431739,20.79
721,1377431744,20.8
721,1377431749,20.78
721,1377431754,20.78
721,1377431759,20.78
721,1377431764,20.78
721,1377431769,20.78
721,1377431774,20.79
721,1377431779,20.78
721,1377431784,20.79
721,1377431789,20.78
721,1377431794,20.78
721,1377431799,20.78
721,1377431804,20.78
721,1377431809,20.79
721,1377431814,20.78
721,1377431819,20.79
721,1377431824,20.78
721,1377431829,20.78
721,1377431834,20.79
721,1377431839,20.8
721,1377431844,20.79
721,1377431849,20.79
721,1377431854,20.79
721,1377431859,20.8
721,1377431864,20.79
721,1377431869,20.79
721,1377431874,20.8
721,1377431879,20.78
721,1377431884,20.79
721,1377431889,20.79
721,1377431894,20.79
721,1377431899,20.79
721,1377431904,20.79
721,1377431909,20.79
721,1377431914,20.79
721,1377431919,20.79
721,1377431924,20.8
721,1377431929,20.8
721,1377431934,20.8
721,1377431939,20.78
721,1377431944,20.78
721,1377431949,20.8
721,1377431954,20.79
721,1377431959,20.79
721,1377431964,20.8
721,1377431969,20.79
721,1377431975,20.79
721,1377431979,20.8
721,1377431984,20.79
721,1377431989,20.79
721,1377431994,20.79
721,1377431999,20.8
721,1377432004,20.78
721,1377432009,20.79
721,1377432014,20.79
721,1377432019,20.79
721,1377432024,20.78
721,1377432029,20.8
721,1377432034,20.8
721,1377432039,20.8
721,1377432044,20.79
721,1377432049,20.8
721,1377432054,20.78
721,1377432059,20.79
721,1377432064,20.79
721,1377432069,20.78
721,1377432074,20.79
721,1377432079,20.78
721,1377432084,20.78
721,1377432089,20.78
721,1377432094,20.79
721,1377432099,20.79
721,1377432104,20.78
721,1377432109,20.78
721,1377432114,20.8
721,1377432119,20.78
721,1377432124,20.78
721,1377432129,20.78
721,1377432134,20.79
721,1377432139,20.78
721,1377432144,20.78
721,1377432149,20.78
721,1377432154,20.78
721,1377432159,20.78
721,1377432164,20.78
721,1377432169,20.79
721,1377432174,20.78
721,1377432179,20.78
721,1377432184,20.78
721,1377432189,20.79
721,1377432194,20.78
721,1377432199,20.78
721,1377432204,20.77
721,1377432209,20.78
721,1377432214,20.79
721,1377432219,20.79
721,1377432224,20.78
721,1377432229,20.78
721,1377432234,20.79
721,1377432239,20.78
721,1377432244,20.78
721,1377432249,20.78
721,1377432254,20.78
721,1377432259,20.8
721,1377432264,20.78
721,1377432269,20.8
721,1377432274,20.78
721,1377432279,20.78
721,1377432284,20.78
721,1377432289,20.79
721,1377432294,20.79
721,1377432299,20.78
721,1377432304,20.78
721,1377432309,20.79
721,1377432314,20.78
721,1377432319,20.77
721,1377432324,20.78
721,1377432329,20.78
721,1377432334,20.78
721,1377432339,20.79
721,1377432344,20.77
721,1377432349,20.77
721,1377432354,20.78
721,1377432359,20.78
721,1377432364,20.79
721,1377432369,20.78
721,1377432374,20.78
721,1377432379,20.79
721,1377432384,20.79
721,1377432389,20.78
721,1377432394,20.79
721,1377432399,20.8
721,1377432404,20.79
721,1377432409,20.78
721,1377432414,20.78
721,1377432419,20.79
721,1377432424,20.78
721,1377432429,20.78
721,1377432434,20.78
721,1377432439,20.78
721,1377432444,20.78
721,1377432449,20.78
721,1377432454,20.79
721,1377432459,20.8
721,1377432464,20.79
721,1377432469,20.79
721,1377432474,20.78
721,1377432479,20.78
721,1377432484,20.78
721,1377432489,20.78
721,1377432494,20.78
721,1377432499,20.78
721,1377432504,20.79
721,1377432509,20.79
721,1377432514,20.79
721,1377432519,20.79
721,1377432524,20.79
721,1377432529,20.78
721,1377432534,20.8
721,1377432539,20.79
721,1377432544,20.78
721,1377432549,20.78
721,1377432554,20.79
721,1377432559,20.8
721,1377432564,20.78
721,1377432569,20.78
721,1377432574,20.8
721,1377432579,20.78
721,1377432584,20.78
721,1377432589,20.8
721,1377432594,20.78
721,1377432599,20.79
721,1377432604,20.79
721,1377432609,20.78
721,1377432614,20.79
721,1377432619,20.78
721,1377432624,20.79
721,1377432629,20.79
721,1377432634,20.78
721,1377432639,20.78
721,1377432644,20.78
721,1377432649,20.78
721,1377432654,20.78
721,1377432659,20.78
721,1377432664,20.78
721,1377432669,20.78
721,1377432674,20.8
721,1377432679,20.79
721,1377432684,20.79
721,1377432689,20.78
721,1377432694,20.79
721,1377432699,20.78
721,1377432704,20.78
721,1377432709,20.78
721,1377432714,20.78
721,1377432719,20.78
721,1377432724,20.78
721,1377432729,20.78
721,1377432734,20.78
721,1377432739,20.78
721,1377432744,20.78
721,1377432749,20.78
721,1377432754,20.8
721,1377432759,20.78
721,1377432764,20.79
721,1377432769,20.79
721,1377432774,20.79
721,1377432779,20.78
721,1377432784,20.78
721,1377432789,20.79
721,1377432794,20.78
721,1377432799,20.79
721,1377432804,20.79
721,1377432809,20.79
721,1377432816,20.79
721,1377432819,20.78
721,1377432824,20.79
721,1377432829,20.8
721,1377432834,20.79
721,1377432839,20.79
721,1377432844,20.78
721,1377432849,20.78
721,1377432854,20.8
721,1377432859,20.78
721,1377432864,20.79
721,1377432869,20.79
721,1377432874,20.78
721,1377432879,20.79
721,1377432884,20.79
721,1377432889,20.78
721,1377432894,20.8
721,1377432899,20.79
721,1377432904,20.78
721,1377432909,20.79
721,1377432914,20.8
721,1377432919,20.79
721,1377432924,20.78
721,1377432929,20.8
721,1377432934,20.79
721,1377432939,20.78
721,1377432944,20.79
721,1377432949,20.78
721,1377432954,20.78
721,1377432959,20.79
721,1377432964,20.79
721,1377432969,20.79
721,1377432974,20.79
721,1377432979,20.79
721,1377432984,20.78
721,1377432989,20.78
721,1377432994,20.8
721,1377432999,20.8
721,1377433004,20.79
721,1377433009,20.78
721,1377433014,20.78
721,1377433019,20.79
721,1377433024,20.79
721,1377433029,20.78
721,1377433034,20.79
721,1377433039,20.79
721,1377433044,20.78
721,1377433049,20.78
721,1377433054,20.77
721,1377433059,20.78
721,1377433064,20.78
721,1377433069,20.78
721,1377433074,20.78
721,1377433079,20.78
721,1377433084,20.78
721,1377433089,20.78
721,1377433094,20.78
721,1377433099,20.79
721,1377433104,20.78
721,1377433109,20.79
721,1377433114,20.79
721,1377433119,20.79
721,1377433124,20.78
721,1377433129,20.78
721,1377433134,20.78
721,1377433139,20.79
721,1377433144,20.79
721,1377433149,20.78
721,1377433154,20.78
721,1377433159,20.78
721,1377433164,20.78
721,1377433169,20.8
721,1377433174,20.78
721,1377433179,20.79
721,1377433184,20.78
721,1377433189,20.79
721,1377433194,20.79
721,1377433199,20.78
721,1377433204,20.78
721,1377433209,20.78
721,1377433214,20.78
721,1377433219,20.76
721,1377433224,20.78
721,1377433229,20.78
721,1377433234,20.79
721,1377433239,20.79
721,1377433244,20.78
721,1377433249,20.78
721,1377433254,20.78
721,1377433259,20.79
721,1377433264,20.78
721,1377433269,20.78
721,1377433274,20.78
721,1377433279,20.8
721,1377433284,20.77
721,1377433289,20.77
721,1377433294,20.78
721,1377433299,20.76
721,1377433304,20.77
721,1377433309,20.78
721,1377433314,20.78
721,1377433319,20.78
721,1377433324,20.78
721,1377433329,20.8
721,1377433334,20.79
721,1377433339,20.78
721,1377433344,20.78
721,1377433349,20.78
721,1377433354,20.78
721,1377433359,20.79
721,1377433364,20.79
721,1377433369,20.78
721,1377433374,20.78
721,1377433379,20.78
721,1377433384,20.79
721,1377433389,20.79
721,1377433394,20.79
721,1377433399,20.78
721,1377433404,20.78
721,1377433409,20.78
721,1377433414,20.78
721,1377433419,20.78
721,1377433424,20.78
721,1377433429,20.78
721,1377433434,20.78
721,1377433439,20.78
721,1377433444,20.79
721,1377433449,20.78
721,1377433454,20.78
721,1377433459,20.78
721,1377433464,20.79
721,1377433469,20.78
721,1377433474,20.78
721,1377433479,20.78
721,1377433484,20.79
721,1377433489,20.78
721,1377433494,20.78
721,1377433499,20.78
721,1377433504,20.79
721,1377433509,20.78
721,1377433514,20.8
721,1377433519,20.77
721,1377433524,20.78
721,1377433529,20.79
721,1377433534,20.78
721,1377433539,20.78
721,1377433544,20.79
721,1377433549,20.78
721,1377433554,20.78
721,1377433559,20.78
721,1377433564,20.8
721,1377433569,20.78
721,1377433574,20.79
721,1377433579,20.79
721,1377433584,20.79
721,1377433589,20.8
721,1377433594,20.79
721,1377433599,20.79
721,1377433604,20.78
721,1377433609,20.78
721,1377433614,20.78
721,1377433619,20.79
721,1377433624,20.79
721,1377433629,20.78
721,1377433634,20.78
721,1377433639,20.79
721,1377433644,20.79
721,1377433649,20.79
721,1377433654,20.79
721,1377433659,20.78
721,1377433664,20.79
721,1377433669,20.78
721,1377433674,20.79
721,1377433679,20.78
721,1377433684,20.79
721,1377433689,20.78
721,1377433694,20.79
721,1377433699,20.78
721,1377433704,20.79
721,1377433709,20.79
721,1377433714,20.78
721,1377433719,20.78
721,1377433724,20.79
721,1377433729,20.79
721,1377433734,20.78
721,1377433739,20.78
721,1377433744,20.78
721,1377433749,20.78
721,1377433754,20.77
721,1377433759,20.79
721,1377433764,20.8
721,1377433769,20.78
721,1377433774,20.78
721,1377433779,20.78
721,1377433784,20.77
721,1377433789,20.78
721,1377433794,20.79
721,1377433799,20.77
721,1377433804,20.79
721,1377433809,20.78
721,1377433814,20.78
721,1377433819,20.78
721,1377433824,20.78
721,1377433829,20.78
721,1377433834,20.78
721,1377433839,20.78
721,1377433844,20.77
721,1377433849,20.78
721,1377433854,20.77
721,1377433859,20.77
721,1377433864,20.77
721,1377433869,20.77
721,1377433874,20.78
721,1377433879,20.77
721,1377433884,20.78
721,1377433889,20.77
721,1377433894,20.77
721,1377433899,20.78
721,1377433904,20.78
721,1377433909,20.78
721,1377433914,20.77
721,1377433919,20.77
721,1377433924,20.78
721,1377433929,20.77
721,1377433934,20.77
721,1377433939,20.78
721,1377433944,20.77
721,1377433949,20.77
721,1377433954,20.78
721,1377433959,20.78
721,1377433964,20.78
721,1377433969,20.8
721,1377433974,20.78
721,1377433979,20.79
721,1377433984,20.78
721,1377433989,20.78
721,1377433994,20.8
721,1377433999,20.79
721,1377434004,20.78
721,1377434009,20.79
721,1377434014,20.8
721,1377434019,20.79
721,1377434024,20.79
721,1377434029,20.79
721,1377434034,20.79
721,1377434039,20.8
721,1377434044,20.79
721,1377434049,20.78
721,1377434054,20.8
721,1377434059,20.78
721,1377434064,20.79
721,1377434069,20.79
721,1377434074,20.79
721,1377434079,20.8
721,1377434084,20.78
721,1377434089,20.79
721,1377434094,20.8
721,1377434099,20.8
721,1377434104,20.79
721,1377434109,20.8
721,1377434114,20.79
721,1377434119,20.8
721,1377434124,20.8
721,1377434129,20.79
721,1377434134,20.8
721,1377434139,20.8
721,1377434144,20.8
721,1377434149,20.79
721,1377434154,20.8
721,1377434159,20.79
721,1377434164,20.8
721,1377434169,20.79
721,1377434174,20.79
721,1377434179,20.8
721,1377434184,20.8
721,1377434189,20.79
721,1377434194,20.8
721,1377434199,20.8
721,1377434204,20.79
721,1377434209,20.79
721,1377434214,20.79
721,1377434219,20.8
721,1377434224,20.79
721,1377434229,20.79
721,1377434234,20.8
721,1377434239,20.8
721,1377434244,20.8
721,1377434249,20.79
721,1377434254,20.79
721,1377434259,20.79
721,1377434264,20.8
721,1377434269,20.79
721,1377434274,20.79
721,1377434279,20.8
721,1377434284,20.79
721,1377434289,20.8
721,1377434294,20.8
721,1377434299,20.79
721,1377434304,20.79
721,1377434309,20.78
721,1377434314,20.78
721,1377434319,20.79
721,1377434324,20.79
721,1377434329,20.79
721,1377434334,20.8
721,1377434339,20.8
721,1377434344,20.79
721,1377434349,20.79
721,1377434354,20.79
721,1377434359,20.79
721,1377434364,20.78
721,1377434369,20.78
721,1377434374,20.79
721,1377434379,20.78
721,1377434384,20.78
721,1377434389,20.78
721,1377434394,20.79
721,1377434399,20.78
721,1377434404,20.79
721,1377434409,20.79
721,1377434414,20.8
721,1377434419,20.79
721,1377434424,20.79
721,1377434429,20.78
721,1377434434,20.78
721,1377434439,20.79
721,1377434444,20.79
721,1377434449,20.78
721,1377434454,20.79
721,1377434460,20.79
721,1377434464,20.8
721,1377434469,20.8
721,1377434474,20.79
721,1377434479,20.79
721,1377434484,20.78
721,1377434489,20.78
721,1377434494,20.78
721,1377434499,20.79
721,1377434504,20.79
721,1377434509,20.79
721,1377434514,20.78
721,1377434519,20.79
721,1377434524,20.79
721,1377434529,20.79
721,1377434534,20.8
721,1377434539,20.79
721,1377434544,20.78
721,1377434549,20.78
721,1377434554,20.79
721,1377434559,20.78
721,1377434564,20.78
721,1377434569,20.79
721,1377434574,20.78
721,1377434579,20.78
721,1377434584,20.78
721,1377434589,20.78
721,1377434594,20.78
721,1377434599,20.79
721,1377434604,20.78
721,1377434609,20.79
721,1377434614,20.79
721,1377434619,20.79
721,1377434624,20.79
721,1377434629,20.8
721,1377434634,20.78
721,1377434639,20.79
721,1377434644,20.79
721,1377434649,20.79
721,1377434654,20.78
721,1377434659,20.77
721,1377434664,20.79
721,1377434669,20.78
721,1377434674,20.79
721,1377434679,20.78
721,1377434684,20.78
721,1377434689,20.78
721,1377434694,20.78
721,1377434699,20.78
721,1377434704,20.79
721,1377434709,20.79
721,1377434714,20.78
721,1377434719,20.79
721,1377434724,20.76
721,1377434729,20.78
721,1377434734,20.78
721,1377434739,20.77
721,1377434744,20.78
721,1377434749,20.77
721,1377434754,20.78
721,1377434759,20.77
721,1377434764,20.78
721,1377434769,20.78
721,1377434774,20.78
721,1377434779,20.78
721,1377434784,20.78
721,1377434789,20.78
721,1377434794,20.77
721,1377434799,20.77
721,1377434804,20.78
721,1377434809,20.77
721,1377434814,20.78
721,1377434819,20.78
721,1377434824,20.78
721,1377434829,20.78
721,1377434834,20.78
721,1377434839,20.78
721,1377434844,20.78
721,1377434849,20.78
721,1377434854,20.77
721,1377434859,20.78
721,1377434864,20.77
721,1377434869,20.78
721,1377434874,20.78
721,1377434879,20.78
721,1377434884,20.78
721,1377434889,20.79
721,1377434894,20.78
721,1377434899,20.78
721,1377434904,20.78
721,1377434909,20.78
721,1377434914,20.78
721,1377434919,20.78
721,1377434924,20.77
721,1377434929,20.77
721,1377434934,20.77
721,1377434939,20.76
721,1377434944,20.78
721,1377434949,20.77
721,1377434954,20.78
721,1377434959,20.78
721,1377434964,20.78
721,1377434969,20.78
721,1377434974,20.78
721,1377434979,20.78
721,1377434984,20.78
721,1377434989,20.78
721,1377434994,20.79
721,1377434999,20.78
721,1377435004,20.78
721,1377435009,20.78
721,1377435014,20.78
721,1377435019,20.78
721,1377435024,20.78
721,1377435029,20.78
721,1377435034,20.79
721,1377435039,20.78
721,1377435044,20.78
721,1377435049,20.78
721,1377435054,20.78
721,1377435059,20.78
721,1377435064,20.79
721,1377435069,20.77
721,1377435074,20.78
721,1377435079,20.78
721,1377435084,20.78
721,1377435089,20.78
721,1377435094,20.77
721,1377435099,20.78
721,1377435104,20.78
721,1377435109,20.78
721,1377435114,20.78
721,1377435119,20.78
721,1377435124,20.78
721,1377435129,20.77
721,1377435134,20.78
721,1377435139,20.78
721,1377435144,20.78
721,1377435149,20.77
721,1377435154,20.78
721,1377435159,20.77
721,1377435164,20.78
721,1377435169,20.77
721,1377435174,20.77
721,1377435179,20.78
721,1377435184,20.77
721,1377435189,20.77
721,1377435194,20.78
721,1377435199,20.78
721,1377435204,20.76
721,1377435209,20.77
721,1377435214,20.78
721,1377435219,20.78
721,1377435224,20.78
721,1377435229,20.77
721,1377435234,20.78
721,1377435239,20.78
721,1377435244,20.78
721,1377435249,20.79
721,1377435254,20.78
721,1377435259,20.76
721,1377435264,20.77
721,1377435269,20.78
721,1377435275,20.78
721,1377435279,20.78
721,1377435284,20.78
721,1377435289,20.78
721,1377435294,20.78
721,1377435299,20.79
721,1377435304,20.78
721,1377435309,20.78
721,1377435314,20.78
721,1377435319,20.77
721,1377435324,20.78
721,1377435329,20.78
721,1377435334,20.79
721,1377435339,20.79
721,1377435344,20.78
721,1377435349,20.78
721,1377435354,20.78
721,1377435359,20.78
721,1377435364,20.78
721,1377435369,20.78
721,1377435374,20.78
721,1377435379,20.78
721,1377435384,20.8
721,1377435389,20.78
721,1377435394,20.79
721,1377435399,20.78
721,1377435404,20.78
721,1377435409,20.78
721,1377435414,20.78
721,1377435419,20.79
721,1377435424,20.77
721,1377435429,20.78
721,1377435434,20.78
721,1377435439,20.78
721,1377435444,20.78
721,1377435449,20.78
721,1377435454,20.79
721,1377435459,20.79
721,1377435464,20.78
721,1377435469,20.78
721,1377435474,20.78
721,1377435479,20.78
721,1377435484,20.78
721,1377435489,20.78
721,1377435494,20.78
721,1377435499,20.78
721,1377435504,20.78
721,1377435509,20.77
721,1377435514,20.79
721,1377435519,20.78
721,1377435524,20.77
721,1377435529,20.77
721,1377435534,20.79
721,1377435539,20.78
721,1377435544,20.78
721,1377435549,20.78
721,1377435554,20.79
721,1377435559,20.78
721,1377435564,20.77
721,1377435569,20.78
721,1377435574,20.77
721,1377435579,20.78
721,1377435584,20.78
721,1377435589,20.78
721,1377435594,20.78
721,1377435599,20.78
721,1377435604,20.78
721,1377435609,20.78
721,1377435614,20.79
721,1377435619,20.78
721,1377435624,20.77
721,1377435629,20.78
721,1377435634,20.78
721,1377435639,20.77
721,1377435644,20.78
721,1377435649,20.78
721,1377435654,20.77
721,1377435659,20.78
721,1377435664,20.78
721,1377435669,20.78
721,1377435674,20.78
721,1377435679,20.78
721,1377435684,20.78
721,1377435689,20.78
721,1377435694,20.77
721,1377435699,20.78
721,1377435704,20.78
721,1377435709,20.78
721,1377435714,20.76
721,1377435719,20.78
721,1377435724,20.78
721,1377435729,20.77
721,1377435734,20.77
721,1377435739,20.77
721,1377435744,20.77
721,1377435749,20.76
721,1377435754,20.77
721,1377435759,20.78
721,1377435764,20.77
721,1377435769,20.78
721,1377435774,20.78
721,1377435779,20.77
721,1377435784,20.78
721,1377435789,20.78
721,1377435794,20.78
721,1377435799,20.77
721,1377435804,20.78
721,1377435809,20.77
721,1377435814,20.78
721,1377435819,20.78
721,1377435824,20.77
721,1377435829,20.78
721,1377435834,20.77
721,1377435839,20.78
721,1377435844,20.78
721,1377435849,20.78
721,1377435854,20.77
721,1377435859,20.78
721,1377435864,20.78
721,1377435869,20.78
721,1377435874,20.78
721,1377435879,20.78
721,1377435884,20.78
721,1377435889,20.77
721,1377435894,20.78
721,1377435899,20.78
721,1377435904,20.79
721,1377435909,20.78
721,1377435914,20.78
721,1377435919,20.78
721,1377435924,20.78
721,1377435929,20.78
721,1377435934,20.78
721,1377435939,20.78
721,1377435944,20.78
721,1377435949,20.78
721,1377435954,20.78
721,1377435959,20.78
721,1377435964,20.78
721,1377435969,20.78
721,1377435974,20.78
721,1377435979,20.78
721,1377435984,20.78
721,1377435989,20.79
721,1377435994,20.78
721,1377435999,20.78
721,1377436004,20.78
721,1377436009,20.78
721,1377436014,20.77
721,1377436019,20.78
721,1377436024,20.78
721,1377436029,20.78
721,1377436034,20.78
721,1377436039,20.78
721,1377436044,20.78
721,1377436049,20.77
721,1377436054,20.77
721,1377436059,20.77
721,1377436064,20.77
721,1377436069,20.77
721,1377436074,20.78
721,1377436079,20.77
721,1377436084,20.77
721,1377436089,20.77
721,1377436094,20.77
721,1377436099,20.76
721,1377436104,20.77
721,1377436109,20.77
721,1377436114,20.77
721,1377436119,20.77
721,1377436124,20.77
721,1377436129,20.76
721,1377436134,20.76
721,1377436139,20.78
721,1377436144,20.78
721,1377436149,20.77
721,1377436154,20.77
721,1377436159,20.77
721,1377436164,20.77
721,1377436169,20.76
721,1377436174,20.77
721,1377436179,20.76
721,1377436184,20.78
721,1377436189,20.77
721,1377436194,20.76
721,1377436199,20.76
721,1377436204,20.77
721,1377436209,20.77
721,1377436214,20.77
721,1377436219,20.76
721,1377436224,20.76
721,1377436229,20.77
721,1377436234,20.76
721,1377436239,20.76
721,1377436244,20.77
721,1377436249,20.76
721,1377436254,20.76
721,1377436259,20.76
721,1377436264,20.77
721,1377436269,20.77
721,1377436274,20.77
721,1377436279,20.77
721,1377436284,20.77
721,1377436289,20.76
721,1377436294,20.77
721,1377436299,20.77
721,1377436304,20.76
721,1377436309,20.77
721,1377436314,20.76
721,1377436319,20.77
721,1377436324,20.77
721,1377436329,20.76
721,1377436334,20.77
721,1377436339,20.77
721,1377436344,20.76
721,1377436349,20.77
721,1377436354,20.76
721,1377436359,20.77
721,1377436364,20.76
721,1377436369,20.76
721,1377436374,20.76
721,1377436379,20.76
721,1377436384,20.76
721,1377436389,20.76
721,1377436394,20.76
721,1377436399,20.77
721,1377436404,20.76
721,1377436409,20.78
721,1377436414,20.76
721,1377436419,20.78
721,1377436424,20.77
721,1377436429,20.78
721,1377436434,20.77
721,1377436439,20.77
721,1377436444,20.76
721,1377436449,20.76
721,1377436454,20.76
721,1377436459,20.77
721,1377436464,20.76
721,1377436469,20.77
721,1377436474,20.76
721,1377436479,20.77
721,1377436484,20.76
721,1377436489,20.77
721,1377436494,20.76
721,1377436499,20.77
721,1377436504,20.77
721,1377436509,20.77
721,1377436514,20.77
721,1377436519,20.75
721,1377436524,20.76
721,1377436529,20.75
721,1377436534,20.76
721,1377436539,20.76
721,1377436544,20.76
721,1377436549,20.76
721,1377436554,20.77
721,1377436559,20.77
721,1377436564,20.76
721,1377436569,20.76
721,1377436574,20.76
721,1377436579,20.77
721,1377436584,20.76
721,1377436589,20.76
721,1377436594,20.77
721,1377436599,20.76
721,1377436604,20.76
721,1377436609,20.76
721,1377436614,20.76
721,1377436619,20.76
721,1377436624,20.76
721,1377436629,20.77
721,1377436634,20.77
721,1377436639,20.76
721,1377436644,20.76
721,1377436649,20.77
721,1377436654,20.76
721,1377436659,20.76
721,1377436664,20.75
721,1377436669,20.76
721,1377436674,20.77
721,1377436679,20.76
721,1377436684,20.76
721,1377436689,20.76
721,1377436694,20.76
721,1377436699,20.76
721,1377436704,20.76
721,1377436709,20.76
721,1377436714,20.76
721,1377436719,20.74
721,1377436724,20.76
721,1377436729,20.75
721,1377436734,20.76
721,1377436739,20.77
721,1377436744,20.76
721,1377436749,20.76
721,1377436754,20.76
721,1377436759,20.76
721,1377436764,20.76
721,1377436769,20.76
721,1377436774,20.75
721,1377436779,20.76
721,1377436784,20.77
721,1377436789,20.76
721,1377436794,20.76
721,1377436799,20.76
721,1377436804,20.76
721,1377436809,20.76
721,1377436814,20.75
721,1377436819,20.76
721,1377436824,20.75
721,1377436829,20.75
721,1377436834,20.75
721,1377436839,20.75
721,1377436844,20.76
721,1377436849,20.76
721,1377436854,20.76
721,1377436859,20.76
721,1377436864,20.78
721,1377436869,20.76
721,1377436874,20.76
721,1377436879,20.76
721,1377436884,20.76
721,1377436889,20.76
721,1377436894,20.75
721,1377436899,20.76
721,1377436904,20.76
721,1377436909,20.76
721,1377436914,20.76
721,1377436919,20.75
721,1377436924,20.75
721,1377436929,20.75
721,1377436934,20.74
721,1377436939,20.75
721,1377436944,20.76
721,1377436949,20.76
721,1377436954,20.76
721,1377436959,20.75
721,1377436964,20.76
721,1377436969,20.76
721,1377436974,20.76
721,1377436979,20.76
721,1377436984,20.76
721,1377436989,20.76
721,1377436994,20.75
721,1377436999,20.76
721,1377437004,20.77
721,1377437009,20.76
721,1377437014,20.76
721,1377437019,20.76
721,1377437024,20.76
721,1377437029,20.76
721,1377437034,20.77
721,1377437039,20.77
721,1377437044,20.77
721,1377437049,20.76
721,1377437054,20.76
721,1377437059,20.77
721,1377437064,20.77
721,1377437069,20.76
721,1377437074,20.76
721,1377437079,20.76
721,1377437084,20.76
721,1377437089,20.76
721,1377437094,20.77
721,1377437099,20.76
721,1377437104,20.76
721,1377437109,20.76
721,1377437114,20.76
721,1377437119,20.76
721,1377437124,20.76
721,1377437129,20.77
721,1377437134,20.76
721,1377437139,20.76
721,1377437144,20.76
721,1377437149,20.76
721,1377437154,20.77
721,1377437159,20.76
721,1377437164,20.77
721,1377437169,20.76
721,1377437174,20.77
721,1377437179,20.76
721,1377437184,20.77
721,1377437189,20.77
721,1377437194,20.77
721,1377437199,20.77
721,1377437204,20.76
721,1377437209,20.76
721,1377437214,20.77
721,1377437219,20.76
721,1377437224,20.77
721,1377437229,20.75
721,1377437234,20.76
721,1377437239,20.76
721,1377437244,20.76
721,1377437249,20.76
721,1377437254,20.76
721,1377437259,20.76
721,1377437264,20.78
721,1377437269,20.76
721,1377437274,20.76
721,1377437279,20.76
721,1377437284,20.76
721,1377437289,20.77
721,1377437294,20.76
721,1377437299,20.76
721,1377437304,20.76
721,1377437309,20.76
721,1377437314,20.76
721,1377437319,20.76
721,1377437324,20.76
721,1377437329,20.75
721,1377437334,20.75
721,1377437339,20.76
721,1377437344,20.76
721,1377437349,20.76
721,1377437354,20.76
721,1377437359,20.76
721,1377437364,20.76
721,1377437369,20.75
721,1377437374,20.76
721,1377437379,20.76
721,1377437384,20.76
721,1377437389,20.76
721,1377437394,20.76
721,1377437399,20.76
721,1377437404,20.76
721,1377437409,20.76
721,1377437414,20.77
721,1377437419,20.76
721,1377437424,20.76
721,1377437429,20.75
721,1377437434,20.76
721,1377437439,20.75
721,1377437444,20.76
721,1377437449,20.76
721,1377437454,20.76
721,1377437459,20.76
721,1377437464,20.76
721,1377437469,20.75
721,1377437474,20.76
721,1377437479,20.76
721,1377437484,20.76
721,1377437489,20.76
721,1377437494,20.76
721,1377437499,20.76
721,1377437504,20.76
721,1377437509,20.75
721,1377437514,20.76
721,1377437519,20.76
721,1377437524,20.75
721,1377437529,20.76
721,1377437534,20.76
721,1377437539,20.75
721,1377437544,20.76
721,1377437549,20.76
721,1377437554,20.76
721,1377437559,20.77
721,1377437564,20.76
721,1377437569,20.76
721,1377437574,20.76
721,1377437579,20.76
721,1377437584,20.77
721,1377437589,20.76
721,1377437594,20.76
721,1377437599,20.76
721,1377437604,20.76
721,1377437609,20.75
721,1377437614,20.75
721,1377437619,20.76
721,1377437624,20.76
721,1377437629,20.76
721,1377437634,20.77
721,1377437639,20.76
721,1377437644,20.76
721,1377437649,20.76
721,1377437654,20.76
721,1377437659,20.76
721,1377437664,20.76
721,1377437669,20.77
721,1377437674,20.78
721,1377437679,20.77
721,1377437684,20.75
721,1377437689,20.75
721,1377437694,20.76
721,1377437699,20.77
721,1377437704,20.76
721,1377437709,20.75
721,1377437714,20.77
721,1377437719,20.76
721,1377437724,20.77
721,1377437729,20.77
721,1377437734,20.76
721,1377437739,20.76
721,1377437744,20.77
721,1377437749,20.76
721,1377437754,20.77
721,1377437759,20.76
721,1377437764,20.76
721,1377437769,20.76
721,1377437774,20.76
721,1377437779,20.76
721,1377437784,20.78
721,1377437789,20.76
721,1377437794,20.76
721,1377437799,20.77
721,1377437804,20.77
721,1377437809,20.78
721,1377437814,20.77
721,1377437819,20.76
721,1377437824,20.77
721,1377437829,20.78
721,1377437834,20.77
721,1377437839,20.77
721,1377437844,20.76
721,1377437849,20.76
721,1377437854,20.77
721,1377437859,20.78
721,1377437864,20.76
721,1377437869,20.77
721,1377437874,20.77
721,1377437879,20.78
721,1377437884,20.77
721,1377437889,20.76
721,1377437894,20.77
721,1377437899,20.77
721,1377437904,20.78
721,1377437909,20.78
721,1377437914,20.77
721,1377437919,20.77
721,1377437924,20.78
721,1377437929,20.78
721,1377437934,20.77
721,1377437939,20.78
721,1377437944,20.78
721,1377437949,20.76
721,1377437954,20.76
721,1377437959,20.78
721,1377437964,20.78
721,1377437969,20.77
721,1377437974,20.78
721,1377437979,20.77
721,1377437984,20.77
721,1377437989,20.76
721,1377437994,20.76
721,1377437999,20.77
721,1377438004,20.77
721,1377438009,20.76
721,1377438014,20.76
721,1377438019,20.76
721,1377438024,20.76
721,1377438029,20.76
721,1377438034,20.76
721,1377438039,20.76
721,1377438044,20.76
721,1377438049,20.76
721,1377438054,20.76
721,1377438059,20.75
721,1377438064,20.76
721,1377438069,20.77
721,1377438074,20.77
721,1377438079,20.76
721,1377438084,20.77
721,1377438089,20.76
721,1377438094,20.77
721,1377438099,20.77
721,1377438104,20.77
721,1377438109,20.76
721,1377438114,20.76
721,1377438119,20.76
721,1377438124,20.77
721,1377438129,20.76
721,1377438134,20.76
721,1377438139,20.76
721,1377438144,20.76
721,1377438149,20.77
721,1377438154,20.75
721,1377438159,20.75
721,1377438164,20.75
721,1377438169,20.76
721,1377438174,20.76
721,1377438179,20.75
721,1377438184,20.76
721,1377438189,20.77
721,1377438194,20.76
721,1377438199,20.76
721,1377438204,20.76
721,1377438209,20.77
721,1377438214,20.77
721,1377438219,20.77
721,1377438224,20.76
721,1377438229,20.76
721,1377438234,20.76
721,1377438239,20.76
721,1377438244,20.76
721,1377438249,20.77
721,1377438254,20.76
721,1377438259,20.76
721,1377438264,20.77
721,1377438269,20.78
721,1377438274,20.77
721,1377438279,20.76
721,1377438284,20.76
721,1377438289,20.76
721,1377438294,20.76
721,1377438299,20.77
721,1377438304,20.76
721,1377438309,20.77
721,1377438314,20.76
721,1377438319,20.76
721,1377438324,20.77
721,1377438329,20.77
721,1377438334,20.76
721,1377438339,20.76
721,1377438344,20.76
721,1377438349,20.76
721,1377438354,20.77
721,1377438359,20.76
721,1377438364,20.76
721,1377438369,20.76
721,1377438374,20.76
721,1377438379,20.76
721,1377438384,20.76
721,1377438389,20.76
721,1377438394,20.76
721,1377438399,20.77
721,1377438404,20.76
721,1377438409,20.76
721,1377438414,20.76
721,1377438419,20.77
721,1377438424,20.76
721,1377438429,20.75
721,1377438434,20.76
721,1377438439,20.76
721,1377438444,20.76
721,1377438449,20.77
721,1377438454,20.76
721,1377438459,20.76
721,1377438464,20.75
721,1377438469,20.76
721,1377438474,20.76
721,1377438479,20.75
721,1377438484,20.76
721,1377438489,20.75
721,1377438494,20.76
721,1377438499,20.75
721,1377438504,20.76
721,1377438509,20.76
721,1377438514,20.75
721,1377438519,20.76
721,1377438524,20.75
721,1377438529,20.75
721,1377438534,20.74
721,1377438539,20.76
721,1377438544,20.75
721,1377438549,20.76
721,1377438554,20.76
721,1377438559,20.76
721,1377438564,20.76
721,1377438569,20.75
721,1377438574,20.76
721,1377438579,20.76
721,1377438584,20.76
721,1377438589,20.76
721,1377438594,20.76
721,1377438599,20.76
721,1377438604,20.76
721,1377438609,20.76
721,1377438614,20.76
721,1377438619,20.76
721,1377438624,20.76
721,1377438629,20.76
721,1377438634,20.76
721,1377438639,20.75
721,1377438644,20.76
721,1377438649,20.76
721,1377438654,20.76
721,1377438659,20.75
721,1377438664,20.75
721,1377438669,20.76
721,1377438674,20.75
721,1377438679,20.76
721,1377438684,20.76
721,1377438689,20.76
721,1377438694,20.74
721,1377438699,20.75
721,1377438704,20.76
721,1377438709,20.75
721,1377438714,20.76
721,1377438719,20.76
721,1377438724,20.75
721,1377438729,20.75
721,1377438734,20.77
721,1377438739,20.76
721,1377438744,20.76
721,1377438749,20.76
721,1377438754,20.75
721,1377438761,20.76
721,1377438764,20.76
721,1377438769,20.76
721,1377438774,20.75
721,1377438779,20.75
721,1377438784,20.75
721,1377438789,20.76
721,1377438794,20.76
721,1377438799,20.76
721,1377438804,20.76
721,1377438809,20.76
721,1377438814,20.75
721,1377438819,20.75
721,1377438824,20.75
721,1377438829,20.76
721,1377438834,20.76
721,1377438839,20.75
721,1377438844,20.76
721,1377438849,20.77
721,1377438854,20.75
721,1377438859,20.75
721,1377438864,20.76
721,1377438869,20.76
721,1377438874,20.76
721,1377438879,20.76
721,1377438884,20.76
721,1377438889,20.76
721,1377438894,20.76
721,1377438899,20.77
721,1377438904,20.77
721,1377438909,20.76
721,1377438914,20.76
721,1377438919,20.76
721,1377438924,20.76
721,1377438929,20.76
721,1377438934,20.76
721,1377438939,20.74
721,1377438944,20.76
721,1377438949,20.76
721,1377438954,20.77
721,1377438959,20.76
721,1377438964,20.77
721,1377438969,20.76
721,1377438974,20.76
721,1377438979,20.76
721,1377438984,20.76
721,1377438989,20.75
721,1377438994,20.75
721,1377438999,20.75
721,1377439004,20.75
721,1377439009,20.76
721,1377439014,20.75
721,1377439019,20.76
721,1377439024,20.75
721,1377439029,20.76
721,1377439034,20.76
721,1377439039,20.75
721,1377439044,20.76
721,1377439049,20.76
721,1377439054,20.76
721,1377439059,20.75
721,1377439064,20.75
721,1377439069,20.77
721,1377439074,20.76
721,1377439079,20.75
721,1377439084,20.76
721,1377439089,20.76
721,1377439094,20.75
721,1377439099,20.74
721,1377439104,20.76
721,1377439109,20.75
721,1377439114,20.76
721,1377439119,20.76
721,1377439124,20.76
721,1377439129,20.76
721,1377439134,20.76
721,1377439139,20.76
721,1377439144,20.75
721,1377439149,20.76
721,1377439154,20.78
721,1377439159,20.76
721,1377439164,20.76
721,1377439169,20.76
721,1377439174,20.75
721,1377439179,20.76
721,1377439184,20.76
721,1377439189,20.74
721,1377439194,20.76
721,1377439199,20.76
721,1377439204,20.76
721,1377439209,20.76
721,1377439214,20.75
721,1377439219,20.76
721,1377439224,20.75
721,1377439229,20.76
721,1377439234,20.74
721,1377439239,20.76
721,1377439244,20.77
721,1377439249,20.74
721,1377439254,20.75
721,1377439259,20.76
721,1377439264,20.75
721,1377439269,20.76
721,1377439274,20.75
721,1377439279,20.74
721,1377439284,20.76
721,1377439289,20.75
721,1377439294,20.76
721,1377439299,20.75
721,1377439304,20.75
721,1377439309,20.76
721,1377439314,20.76
721,1377439319,20.75
721,1377439324,20.76
721,1377439329,20.76
721,1377439334,20.76
721,1377439339,20.76
721,1377439344,20.74
721,1377439349,20.76
721,1377439354,20.76
721,1377439359,20.76
721,1377439364,20.74
721,1377439369,20.76
721,1377439374,20.76
721,1377439379,20.75
721,1377439384,20.75
721,1377439389,20.75
721,1377439394,20.74
721,1377439399,20.75
721,1377439404,20.76
721,1377439409,20.76
721,1377439414,20.75
721,1377439419,20.75
721,1377439424,20.76
721,1377439429,20.75
721,1377439434,20.76
721,1377439439,20.75
721,1377439444,20.74
721,1377439449,20.76
721,1377439454,20.75
721,1377439459,20.76
721,1377439464,20.74
721,1377439469,20.74
721,1377439474,20.75
721,1377439479,20.75
721,1377439484,20.76
721,1377439489,20.75
721,1377439494,20.74
721,1377439499,20.76
721,1377439504,20.75
721,1377439509,20.76
721,1377439514,20.76
721,1377439519,20.75
721,1377439524,20.76
721,1377439529,20.75
721,1377439534,20.74
721,1377439539,20.76
721,1377439544,20.76
721,1377439549,20.76
721,1377439554,20.76
721,1377439559,20.76
721,1377439564,20.76
721,1377439569,20.76
721,1377439574,20.76
721,1377439579,20.77
721,1377439584,20.75
721,1377439589,20.76
721,1377439594,20.76
721,1377439599,20.76
721,1377439604,20.77
721,1377439609,20.74
721,1377439614,20.77
721,1377439619,20.78
721,1377439624,20.76
721,1377439629,20.76
721,1377439634,20.77
721,1377439639,20.76
721,1377439644,20.77
721,1377439649,20.75
721,1377439654,20.76
721,1377439659,20.76
721,1377439664,20.76
721,1377439669,20.77
721,1377439674,20.77
721,1377439679,20.76
721,1377439684,20.76
721,1377439689,20.76
721,1377439694,20.76
721,1377439699,20.76
721,1377439704,20.76
721,1377439709,20.76
721,1377439714,20.77
721,1377439719,20.76
721,1377439724,20.76
721,1377439729,20.76
721,1377439734,20.77
721,1377439739,20.76
721,1377439744,20.76
721,1377439749,20.75
721,1377439754,20.76
721,1377439759,20.76
721,1377439764,20.76
721,1377439769,20.76
721,1377439774,20.76
721,1377439779,20.75
721,1377439784,20.76
721,1377439789,20.76
721,1377439794,20.76
721,1377439799,20.76
721,1377439804,20.76
721,1377439809,20.74
721,1377439814,20.76
721,1377439819,20.75
721,1377439824,20.76
721,1377439829,20.75
721,1377439834,20.76
721,1377439839,20.76
721,1377439844,20.76
721,1377439849,20.76
721,1377439854,20.76
721,1377439859,20.76
721,1377439864,20.76
721,1377439869,20.77
721,1377439874,20.76
721,1377439879,20.75
721,1377439884,20.76
721,1377439889,20.76
721,1377439894,20.76
721,1377439899,20.76
721,1377439904,20.76
721,1377439909,20.76
721,1377439914,20.76
721,1377439919,20.76
721,1377439924,20.76
721,1377439929,20.75
721,1377439934,20.76
721,1377439939,20.77
721,1377439944,20.76
721,1377439949,20.76
721,1377439954,20.77
721,1377439959,20.74
721,1377439964,20.77
721,1377439969,20.76
721,1377439974,20.76
721,1377439979,20.76
721,1377439984,20.76
721,1377439989,20.76
721,1377439994,20.76
721,1377439999,20.76
721,1377440004,20.76
721,1377440009,20.75
721,1377440014,20.76
721,1377440019,20.76
721,1377440024,20.76
721,1377440029,20.76
721,1377440034,20.76
721,1377440039,20.76
721,1377440044,20.76
721,1377440049,20.76
721,1377440054,20.76
721,1377440059,20.76
721,1377440064,20.76
721,1377440069,20.75
721,1377440074,20.77
721,1377440079,20.76
721,1377440084,20.74
721,1377440089,20.76
721,1377440094,20.76
721,1377440099,20.75
721,1377440104,20.74
721,1377440109,20.75
721,1377440114,20.74
721,1377440119,20.75
721,1377440124,20.76
721,1377440129,20.76
721,1377440134,20.76
721,1377440139,20.76
721,1377440144,20.76
721,1377440149,20.76
721,1377440154,20.76
721,1377440159,20.76
721,1377440164,20.76
721,1377440169,20.75
721,1377440174,20.77
721,1377440179,20.76
721,1377440184,20.76
721,1377440189,20.76
721,1377440194,20.76
721,1377440199,20.76
721,1377440204,20.76
721,1377440209,20.76
721,1377440214,20.76
721,1377440219,20.76
721,1377440224,20.75
721,1377440229,20.76
721,1377440234,20.76
721,1377440239,20.76
721,1377440244,20.76
721,1377440249,20.75
721,1377440254,20.76
721,1377440259,20.76
721,1377440264,20.76
721,1377440269,20.76
721,1377440274,20.75
721,1377440279,20.77
721,1377440284,20.76
721,1377440289,20.75
721,1377440294,20.76
721,1377440299,20.76
721,1377440304,20.77
721,1377440309,20.77
721,1377440314,20.76
721,1377440319,20.76
721,1377440324,20.76
721,1377440329,20.76
721,1377440334,20.76
721,1377440339,20.76
721,1377440344,20.76
721,1377440349,20.76
721,1377440354,20.76
721,1377440359,20.76
721,1377440364,20.77
721,1377440369,20.76
721,1377440374,20.75
721,1377440379,20.75
721,1377440384,20.76
721,1377440389,20.75
721,1377440394,20.75
721,1377440399,20.76
721,1377440404,20.74
721,1377440409,20.76
721,1377440414,20.77
721,1377440419,20.75
721,1377440424,20.76
721,1377440429,20.76
721,1377440434,20.75
721,1377440439,20.76
721,1377440444,20.76
721,1377440449,20.76
721,1377440454,20.75
721,1377440459,20.76
721,1377440464,20.76
721,1377440469,20.76
721,1377440474,20.76
721,1377440479,20.76
721,1377440484,20.76
721,1377440489,20.74
721,1377440494,20.77
721,1377440499,20.74
721,1377440504,20.75
721,1377440509,20.75
721,1377440514,20.75
721,1377440519,20.74
721,1377440524,20.76
721,1377440529,20.76
721,1377440534,20.75
721,1377440539,20.76
721,1377440544,20.76
721,1377440549,20.76
721,1377440554,20.75
721,1377440559,20.75
721,1377440564,20.76
721,1377440569,20.75
721,1377440574,20.76
721,1377440579,20.75
721,1377440584,20.76
721,1377440589,20.75
721,1377440594,20.74
721,1377440599,20.75
721,1377440604,20.74
721,1377440609,20.76
721,1377440614,20.75
721,1377440619,20.75
721,1377440624,20.76
721,1377440629,20.75
721,1377440634,20.74
721,1377440639,20.75
721,1377440644,20.76
721,1377440649,20.75
721,1377440654,20.74
721,1377440659,20.75
721,1377440664,20.76
721,1377440669,20.74
721,1377440674,20.76
721,1377440679,20.75
721,1377440684,20.75
721,1377440689,20.76
721,1377440694,20.75
721,1377440699,20.75
721,1377440704,20.75
721,1377440709,20.74
721,1377440714,20.74
721,1377440719,20.74
721,1377440724,20.76
721,1377440729,20.75
721,1377440734,20.77
721,1377440739,20.75
721,1377440744,20.75
721,1377440749,20.75
721,1377440754,20.75
721,1377440759,20.75
721,1377440764,20.74
721,1377440769,20.75
721,1377440774,20.74
721,1377440779,20.75
721,1377440784,20.76
721,1377440789,20.75
721,1377440794,20.76
721,1377440799,20.76
721,1377440804,20.75
721,1377440809,20.75
721,1377440814,20.75
721,1377440819,20.75
721,1377440824,20.76
721,1377440829,20.75
721,1377440834,20.75
721,1377440839,20.77
721,1377440844,20.76
721,1377440849,20.76
721,1377440854,20.76
721,1377440859,20.76
721,1377440864,20.74
721,1377440869,20.76
721,1377440874,20.75
721,1377440879,20.76
721,1377440884,20.75
721,1377440889,20.75
721,1377440894,20.75
721,1377440899,20.76
721,1377440904,20.77
721,1377440909,20.75
721,1377440914,20.76
721,1377440919,20.76
721,1377440924,20.76
721,1377440929,20.76
721,1377440934,20.76
721,1377440939,20.76
721,1377440944,20.76
721,1377440949,20.76
721,1377440954,20.76
721,1377440959,20.75
721,1377440964,20.78
721,1377440969,20.78
721,1377440974,20.76
721,1377440979,20.76
721,1377440984,20.76
721,1377440989,20.75
721,1377440994,20.76
721,1377440999,20.77
721,1377441004,20.76
721,1377441009,20.76
721,1377441014,20.75
721,1377441019,20.76
721,1377441024,20.76
721,1377441029,20.76
721,1377441034,20.76
721,1377441039,20.76
721,1377441044,20.76
721,1377441049,20.76
721,1377441054,20.76
721,1377441059,20.77
721,1377441064,20.77
721,1377441069,20.76
721,1377441074,20.75
721,1377441079,20.75
721,1377441084,20.76
721,1377441089,20.76
721,1377441094,20.76
721,1377441099,20.76
721,1377441104,20.75
721,1377441109,20.75
721,1377441114,20.75
721,1377441119,20.75
721,1377441124,20.75
721,1377441129,20.76
721,1377441134,20.77
721,1377441139,20.76
721,1377441144,20.76
721,1377441149,20.75
721,1377441154,20.75
721,1377441159,20.76
721,1377441164,20.74
721,1377441169,20.76
721,1377441174,20.76
721,1377441179,20.75
721,1377441184,20.74
721,1377441189,20.76
721,1377441194,20.74
721,1377441199,20.75
721,1377441204,20.76
721,1377441209,20.75
721,1377441214,20.75
721,1377441219,20.75
721,1377441224,20.75
721,1377441229,20.75
721,1377441234,20.76
721,1377441239,20.75
721,1377441244,20.76
721,1377441249,20.76
721,1377441254,20.75
721,1377441259,20.75
721,1377441264,20.76
721,1377441269,20.76
721,1377441274,20.75
721,1377441279,20.76
721,1377441284,20.75
721,1377441289,20.76
721,1377441294,20.76
721,1377441299,20.76
721,1377441304,20.74
721,1377441309,20.75
721,1377441314,20.76
721,1377441319,20.75
721,1377441324,20.76
721,1377441329,20.76
721,1377441334,20.76
721,1377441339,20.75
721,1377441344,20.76
721,1377441349,20.76
721,1377441354,20.74
721,1377441359,20.75
721,1377441364,20.76
721,1377441369,20.76
721,1377441374,20.76
721,1377441379,20.77
721,1377441384,20.75
721,1377441389,20.77
721,1377441394,20.77
721,1377441399,20.75
721,1377441404,20.76
721,1377441409,20.76
721,1377441414,20.75
721,1377441419,20.75
721,1377441424,20.75
721,1377441429,20.76
721,1377441434,20.75
721,1377441439,20.76
721,1377441444,20.76
721,1377441449,20.76
721,1377441454,20.76
721,1377441459,20.76
721,1377441464,20.76
721,1377441469,20.77
721,1377441474,20.76
721,1377441479,20.76
721,1377441484,20.76
721,1377441489,20.77
721,1377441494,20.75
721,1377441499,20.77
721,1377441504,20.76
721,1377441509,20.77
721,1377441514,20.77
721,1377441519,20.76
721,1377441524,20.76
721,1377441529,20.76
721,1377441534,20.76
721,1377441539,20.75
721,1377441544,20.76
721,1377441549,20.77
721,1377441554,20.77
721,1377441559,20.77
721,1377441564,20.76
721,1377441569,20.76
721,1377441574,20.76
721,1377441579,20.76
721,1377441584,20.75
721,1377441589,20.76
721,1377441594,20.76
721,1377441599,20.76
721,1377441604,20.76
721,1377441609,20.76
721,1377441614,20.76
721,1377441619,20.76
721,1377441624,20.76
721,1377441629,20.75
721,1377441634,20.76
721,1377441639,20.76
721,1377441644,20.77
721,1377441649,20.77
721,1377441654,20.76
721,1377441659,20.76
721,1377441664,20.75
721,1377441669,20.76
721,1377441674,20.76
721,1377441679,20.76
721,1377441684,20.76
721,1377441689,20.76
721,1377441694,20.77
721,1377441699,20.77
721,1377441704,20.77
721,1377441709,20.76
721,1377441714,20.76
721,1377441719,20.76
721,1377441724,20.76
721,1377441729,20.77
721,1377441734,20.76
721,1377441739,20.76
721,1377441744,20.77
721,1377441749,20.76
721,1377441754,20.76
721,1377441759,20.76
721,1377441764,20.76
721,1377441769,20.77
721,1377441774,20.77
721,1377441779,20.76
721,1377441784,20.77
721,1377441789,20.77
721,1377441794,20.76
721,1377441799,20.77
721,1377441804,20.76
721,1377441809,20.75
721,1377441814,20.77
721,1377441819,20.75
721,1377441824,20.76
721,1377441829,20.77
721,1377441834,20.77
721,1377441839,20.77
721,1377441844,20.77
721,1377441849,20.77
721,1377441854,20.76
721,1377441859,20.78
721,1377441864,20.76
721,1377441871,20.76
721,1377441874,20.78
721,1377441879,20.77
721,1377441884,20.77
721,1377441889,20.77
721,1377441894,20.76
721,1377441899,20.78
721,1377441904,20.77
721,1377441909,20.76
721,1377441914,20.77
721,1377441919,20.77
721,1377441924,20.76
721,1377441929,20.78
721,1377441934,20.76
721,1377441939,20.77
721,1377441944,20.77
721,1377441949,20.78
721,1377441954,20.77
721,1377441959,20.77
721,1377441964,20.77
721,1377441969,20.76
721,1377441974,20.77
721,1377441979,20.76
721,1377441984,20.77
721,1377441989,20.78
721,1377441994,20.77
721,1377441999,20.76
721,1377442004,20.78
721,1377442009,20.77
721,1377442014,20.78
721,1377442019,20.78
721,1377442024,20.78
721,1377442029,20.78
721,1377442034,20.76
721,1377442039,20.76
721,1377442044,20.77
721,1377442049,20.76
721,1377442054,20.77
721,1377442059,20.76
721,1377442064,20.77
721,1377442069,20.77
721,1377442074,20.77
721,1377442079,20.76
721,1377442084,20.76
721,1377442089,20.76
721,1377442094,20.76
721,1377442099,20.75
721,1377442104,20.76
721,1377442109,20.76
721,1377442114,20.75
721,1377442119,20.77
721,1377442124,20.77
721,1377442129,20.75
721,1377442134,20.78
721,1377442139,20.78
721,1377442144,20.76
721,1377442149,20.78
721,1377442154,20.77
721,1377442159,20.76
721,1377442164,20.78
721,1377442169,20.77
721,1377442174,20.76
721,1377442179,20.77
721,1377442184,20.77
721,1377442189,20.77
721,1377442194,20.76
721,1377442199,20.77
721,1377442204,20.78
721,1377442209,20.79
721,1377442214,20.77
721,1377442219,20.78
721,1377442224,20.78
721,1377442229,20.78
721,1377442234,20.78
721,1377442239,20.79
721,1377442244,20.78
721,1377442249,20.77
721,1377442254,20.78
721,1377442259,20.78
721,1377442264,20.77
721,1377442269,20.77
721,1377442274,20.78
721,1377442279,20.78
721,1377442284,20.78
721,1377442289,20.78
721,1377442294,20.77
721,1377442299,20.78
721,1377442304,20.78
721,1377442309,20.79
721,1377442314,20.79
721,1377442319,20.79
721,1377442324,20.8
721,1377442329,20.79
721,1377442334,20.78
721,1377442339,20.79
721,1377442344,20.78
721,1377442349,20.78
721,1377442354,20.79
721,1377442359,20.79
721,1377442364,20.79
721,1377442369,20.79
721,1377442374,20.8
721,1377442379,20.8
721,1377442384,20.8
721,1377442389,20.81
721,1377442394,20.79
721,1377442399,20.8
721,1377442404,20.8
721,1377442409,20.8
721,1377442414,20.8
721,1377442419,20.8
721,1377442424,20.8
721,1377442429,20.81
721,1377442434,20.8
721,1377442439,20.81
721,1377442444,20.8
721,1377442449,20.8
721,1377442454,20.82
721,1377442459,20.8
721,1377442464,20.81
721,1377442469,20.81
721,1377442474,20.79
721,1377442479,20.81
721,1377442484,20.81
721,1377442489,20.82
721,1377442494,20.81
721,1377442499,20.8
721,1377442504,20.82
721,1377442509,20.81
721,1377442514,20.8
721,1377442519,20.82
721,1377442524,20.8
721,1377442529,20.81
721,1377442534,20.82
721,1377442539,20.81
721,1377442544,20.81
721,1377442549,20.81
721,1377442554,20.8
721,1377442559,20.82
721,1377442564,20.82
721,1377442569,20.82
721,1377442574,20.82
721,1377442579,20.81
721,1377442584,20.81
721,1377442589,20.82
721,1377442594,20.82
721,1377442599,20.82
721,1377442604,20.81
721,1377442609,20.82
721,1377442614,20.82
721,1377442619,20.81
721,1377442624,20.82
721,1377442629,20.82
721,1377442634,20.82
721,1377442639,20.82
721,1377442644,20.82
721,1377442649,20.83
721,1377442654,20.82
721,1377442659,20.82
721,1377442664,20.83
721,1377442669,20.82
721,1377442674,20.83
721,1377442679,20.82
721,1377442684,20.82
721,1377442689,20.82
721,1377442694,20.81
721,1377442699,20.82
721,1377442704,20.82
721,1377442709,20.81
721,1377442714,20.82
721,1377442719,20.82
721,1377442724,20.82
721,1377442729,20.82
721,1377442734,20.82
721,1377442739,20.82
721,1377442744,20.81
721,1377442749,20.82
721,1377442754,20.82
721,1377442759,20.83
721,1377442764,20.82
721,1377442769,20.81
721,1377442774,20.81
721,1377442779,20.81
721,1377442784,20.81
721,1377442789,20.81
721,1377442794,20.81
721,1377442799,20.82
721,1377442804,20.82
721,1377442809,20.82
721,1377442814,20.81
721,1377442819,20.82
721,1377442824,20.82
721,1377442829,20.81
721,1377442834,20.81
721,1377442839,20.82
721,1377442844,20.82
721,1377442849,20.82
721,1377442854,20.82
721,1377442859,20.83
721,1377442864,20.82
721,1377442869,20.82
721,1377442874,20.81
721,1377442879,20.82
721,1377442884,20.82
721,1377442889,20.81
721,1377442894,20.81
721,1377442899,20.81
721,1377442904,20.82
721,1377442909,20.82
721,1377442914,20.82
721,1377442919,20.83
721,1377442924,20.82
721,1377442929,20.81
721,1377442934,20.82
721,1377442939,20.81
721,1377442944,20.81
721,1377442949,20.82
721,1377442954,20.82
721,1377442959,20.81
721,1377442964,20.82
721,1377442969,20.82
721,1377442974,20.81
721,1377442979,20.8
721,1377442984,20.82
721,1377442989,20.81
721,1377442994,20.82
721,1377442999,20.82
721,1377443004,20.8
721,1377443009,20.82
721,1377443014,20.82
721,1377443019,20.82
721,1377443024,20.81
721,1377443029,20.82
721,1377443034,20.8
721,1377443039,20.81
721,1377443044,20.81
721,1377443049,20.82
721,1377443054,20.82
721,1377443059,20.82
721,1377443064,20.81
721,1377443069,20.81
721,1377443074,20.82
721,1377443079,20.82
721,1377443084,20.81
721,1377443089,20.82
721,1377443094,20.81
721,1377443099,20.82
721,1377443104,20.82
721,1377443109,20.82
721,1377443114,20.82
721,1377443119,20.82
721,1377443124,20.81
721,1377443129,20.83
721,1377443134,20.82
721,1377443139,20.81
721,1377443144,20.82
721,1377443149,20.81
721,1377443154,20.8
721,1377443159,20.82
721,1377443164,20.8
721,1377443169,20.82
721,1377443174,20.82
721,1377443179,20.81
721,1377443184,20.82
721,1377443189,20.81
721,1377443194,20.81
721,1377443199,20.8
721,1377443204,20.81
721,1377443209,20.81
721,1377443214,20.81
721,1377443219,20.81
721,1377443224,20.82
721,1377443229,20.82
721,1377443234,20.82
721,1377443239,20.82
721,1377443244,20.81
721,1377443249,20.82
721,1377443254,20.8
721,1377443259,20.81
721,1377443264,20.82
721,1377443269,20.82
721,1377443274,20.81
721,1377443279,20.8
721,1377443284,20.81
721,1377443289,20.81
721,1377443294,20.81
721,1377443299,20.81
721,1377443304,20.82
721,1377443309,20.81
721,1377443314,20.81
721,1377443319,20.81
721,1377443324,20.81
721,1377443329,20.82
721,1377443334,20.82
721,1377443339,20.81
721,1377443344,20.81
721,1377443349,20.82
721,1377443354,20.8
721,1377443359,20.81
721,1377443364,20.81
721,1377443369,20.81
721,1377443374,20.81
721,1377443379,20.82
721,1377443384,20.8
721,1377443389,20.82
721,1377443394,20.81
721,1377443399,20.8
721,1377443404,20.82
721,1377443409,20.81
721,1377443414,20.82
721,1377443419,20.82
721,1377443424,20.82
721,1377443429,20.82
721,1377443434,20.82
721,1377443439,20.82
721,1377443444,20.82
721,1377443449,20.81
721,1377443454,20.81
721,1377443459,20.81
721,1377443464,20.82
721,1377443469,20.82
721,1377443474,20.82
721,1377443479,20.81
721,1377443484,20.82
721,1377443489,20.81
721,1377443494,20.82
721,1377443499,20.82
721,1377443504,20.82
721,1377443509,20.82
721,1377443514,20.81
721,1377443519,20.82
721,1377443524,20.82
721,1377443529,20.81
721,1377443534,20.82
721,1377443539,20.82
721,1377443544,20.83
721,1377443549,20.82
721,1377443554,20.82
721,1377443559,20.82
721,1377443564,20.82
721,1377443569,20.83
721,1377443574,20.84
721,1377443579,20.82
721,1377443584,20.82
721,1377443589,20.82
721,1377443594,20.82
721,1377443599,20.82
721,1377443604,20.82
721,1377443609,20.82
721,1377443614,20.82
721,1377443619,20.83
721,1377443624,20.84
721,1377443629,20.82
721,1377443634,20.83
721,1377443639,20.82
721,1377443644,20.84
721,1377443649,20.84
721,1377443654,20.82
721,1377443659,20.82
721,1377443664,20.82
721,1377443669,20.83
721,1377443674,20.83
721,1377443679,20.83
721,1377443684,20.83
721,1377443689,20.83
721,1377443694,20.83
721,1377443699,20.84
721,1377443704,20.83
721,1377443709,20.83
721,1377443714,20.84
721,1377443719,20.83
721,1377443724,20.84
721,1377443729,20.82
721,1377443734,20.83
721,1377443739,20.83
721,1377443744,20.82
721,1377443749,20.84
721,1377443754,20.83
721,1377443759,20.84
721,1377443764,20.84
721,1377443769,20.83
721,1377443774,20.83
721,1377443779,20.83
721,1377443784,20.84
721,1377443789,20.83
721,1377443794,20.84
721,1377443799,20.84
721,1377443804,20.83
721,1377443809,20.84
721,1377443814,20.84
721,1377443819,20.84
721,1377443824,20.83
721,1377443829,20.84
721,1377443834,20.84
721,1377443839,20.84
721,1377443844,20.85
721,1377443849,20.84
721,1377443854,20.84
721,1377443859,20.84
721,1377443864,20.84
721,1377443869,20.84
721,1377443874,20.84
721,1377443879,20.84
721,1377443884,20.84
721,1377443889,20.84
721,1377443894,20.84
721,1377443899,20.84
721,1377443904,20.84
721,1377443909,20.84
721,1377443914,20.84
721,1377443919,20.85
721,1377443924,20.84
721,1377443929,20.84
721,1377443934,20.84
721,1377443939,20.84
721,1377443944,20.85
721,1377443949,20.84
721,1377443954,20.84
721,1377443959,20.84
721,1377443964,20.84
721,1377443969,20.84
721,1377443974,20.84
721,1377443979,20.84
721,1377443984,20.84
721,1377443989,20.84
721,1377443994,20.83
721,1377443999,20.84
721,1377444004,20.85
721,1377444009,20.84
721,1377444014,20.84
721,1377444019,20.85
721,1377444024,20.84
721,1377444029,20.84
721,1377444034,20.82
721,1377444039,20.84
721,1377444044,20.83
721,1377444049,20.84
721,1377444054,20.83
721,1377444059,20.83
721,1377444064,20.84
721,1377444069,20.83
721,1377444074,20.84
721,1377444079,20.84
721,1377444084,20.84
721,1377444089,20.84
721,1377444094,20.84
721,1377444099,20.84
721,1377444104,20.85
721,1377444109,20.85
721,1377444114,20.85
721,1377444119,20.85
721,1377444124,20.85
721,1377444129,20.83
721,1377444134,20.85
721,1377444139,20.85
721,1377444144,20.85
721,1377444149,20.84
721,1377444154,20.84
721,1377444159,20.85
721,1377444164,20.84
721,1377444169,20.84
721,1377444174,20.84
721,1377444179,20.86
721,1377444184,20.84
721,1377444189,20.84
721,1377444194,20.84
721,1377444199,20.85
721,1377444204,20.84
721,1377444209,20.84
721,1377444214,20.84
721,1377444219,20.84
721,1377444224,20.84
721,1377444229,20.84
721,1377444234,20.84
721,1377444239,20.85
721,1377444244,20.84
721,1377444249,20.84
721,1377444254,20.84
721,1377444259,20.85
721,1377444264,20.84
721,1377444269,20.85
721,1377444274,20.85
721,1377444279,20.84
721,1377444284,20.86
721,1377444289,20.84
721,1377444294,20.85
721,1377444299,20.85
721,1377444304,20.84
721,1377444309,20.84
721,1377444314,20.85
721,1377444319,20.84
721,1377444324,20.85
721,1377444329,20.84
721,1377444334,20.85
721,1377444339,20.85
721,1377444344,20.85
721,1377444349,20.85
721,1377444354,20.85
721,1377444359,20.85
721,1377444364,20.86
721,1377444369,20.84
721,1377444374,20.85
721,1377444379,20.84
721,1377444384,20.86
721,1377444389,20.86
721,1377444394,20.86
721,1377444399,20.84
721,1377444404,20.85
721,1377444409,20.86
721,1377444414,20.86
721,1377444419,20.85
721,1377444424,20.85
721,1377444429,20.84
721,1377444434,20.87
721,1377444439,20.85
721,1377444444,20.85
721,1377444449,20.86
721,1377444454,20.85
721,1377444459,20.86
721,1377444464,20.85
721,1377444469,20.86
721,1377444474,20.85
721,1377444479,20.86
721,1377444484,20.84
721,1377444489,20.86
721,1377444494,20.86
721,1377444499,20.86
721,1377444504,20.86
721,1377444509,20.86
721,1377444514,20.86
721,1377444519,20.86
721,1377444524,20.86
721,1377444529,20.86
721,1377444534,20.84
721,1377444539,20.86
721,1377444544,20.86
721,1377444549,20.86
721,1377444554,20.86
721,1377444559,20.86
721,1377444564,20.88
721,1377444569,20.85
721,1377444574,20.86
721,1377444579,20.86
721,1377444584,20.86
721,1377444589,20.86
721,1377444594,20.86
721,1377444599,20.87
721,1377444604,20.87
721,1377444609,20.87
721,1377444614,20.86
721,1377444619,20.86
721,1377444624,20.86
721,1377444629,20.86
721,1377444634,20.86
721,1377444639,20.86
721,1377444644,20.86
721,1377444649,20.87
721,1377444654,20.86
721,1377444659,20.87
721,1377444664,20.86
721,1377444669,20.87
721,1377444674,20.86
721,1377444679,20.86
721,1377444684,20.87
721,1377444689,20.86
721,1377444694,20.86
721,1377444699,20.87
721,1377444704,20.86
721,1377444709,20.86
721,1377444714,20.86
721,1377444719,20.86
721,1377444724,20.87
721,1377444729,20.88
721,1377444734,20.87
721,1377444739,20.85
721,1377444744,20.87
721,1377444749,20.87
721,1377444754,20.86
721,1377444759,20.88
721,1377444764,20.86
721,1377444769,20.86
721,1377444774,20.86
721,1377444779,20.87
721,1377444784,20.87
721,1377444789,20.87
721,1377444794,20.87
721,1377444799,20.86
721,1377444804,20.87
721,1377444809,20.86
721,1377444814,20.87
721,1377444819,20.87
721,1377444824,20.87
721,1377444829,20.87
721,1377444834,20.86
721,1377444839,20.86
721,1377444844,20.87
721,1377444849,20.87
721,1377444854,20.88
721,1377444859,20.87
721,1377444864,20.86
721,1377444869,20.86
721,1377444874,20.88
721,1377444879,20.86
721,1377444884,20.87
721,1377444889,20.87
721,1377444894,20.88
721,1377444899,20.87
721,1377444904,20.86
721,1377444909,20.87
721,1377444914,20.88
721,1377444919,20.87
721,1377444924,20.88
721,1377444929,20.87
721,1377444934,20.88
721,1377444939,20.87
721,1377444944,20.88
721,1377444949,20.88
721,1377444954,20.87
721,1377444959,20.88
721,1377444964,20.88
721,1377444969,20.87
721,1377444974,20.88
721,1377444979,20.89
721,1377444984,20.88
721,1377444989,20.88
721,1377444994,20.88
721,1377444999,20.88
721,1377445004,20.88
721,1377445009,20.88
721,1377445014,20.87
721,1377445019,20.88
721,1377445024,20.88
721,1377445029,20.89
721,1377445034,20.87
721,1377445039,20.89
721,1377445044,20.89
721,1377445049,20.88
721,1377445054,20.87
721,1377445059,20.88
721,1377445064,20.89
721,1377445069,20.88
721,1377445074,20.89
721,1377445079,20.9
721,1377445084,20.88
721,1377445089,20.9
721,1377445094,20.89
721,1377445099,20.88
721,1377445104,20.88
721,1377445109,20.89
721,1377445114,20.9
721,1377445119,20.9
721,1377445124,20.88
721,1377445129,20.88
721,1377445134,20.9
721,1377445139,20.89
721,1377445144,20.89
721,1377445149,20.89
721,1377445154,20.89
721,1377445159,20.9
721,1377445164,20.89
721,1377445169,20.89
721,1377445174,20.89
721,1377445179,20.9
721,1377445184,20.89
721,1377445189,20.89
721,1377445194,20.88
721,1377445199,20.89
721,1377445204,20.9
721,1377445209,20.89
721,1377445214,20.89
721,1377445219,20.89
721,1377445224,20.9
721,1377445229,20.91
721,1377445234,20.89
721,1377445239,20.9
721,1377445244,20.91
721,1377445249,20.9
721,1377445254,20.91
721,1377445259,20.89
721,1377445264,20.9
721,1377445269,20.89
721,1377445274,20.91
721,1377445279,20.9
721,1377445284,20.89
721,1377445289,20.9
721,1377445294,20.91
721,1377445299,20.9
721,1377445304,20.9
721,1377445309,20.9
721,1377445314,20.9
721,1377445319,20.91
721,1377445324,20.91
721,1377445329,20.91
721,1377445334,20.9
721,1377445339,20.9
721,1377445344,20.9
721,1377445349,20.9
721,1377445354,20.91
721,1377445359,20.92
721,1377445364,20.9
721,1377445369,20.9
721,1377445374,20.91
721,1377445379,20.9
721,1377445384,20.9
721,1377445389,20.91
721,1377445394,20.9
721,1377445399,20.9
721,1377445404,20.91
721,1377445409,20.9
721,1377445414,20.91
721,1377445419,20.92
721,1377445424,20.9
721,1377445429,20.9
721,1377445434,20.9
721,1377445439,20.9
721,1377445444,20.9
721,1377445449,20.92
721,1377445454,20.91
721,1377445459,20.9
721,1377445464,20.9
721,1377445469,20.9
721,1377445474,20.9
721,1377445479,20.9
721,1377445484,20.91
721,1377445489,20.9
721,1377445494,20.9
721,1377445499,20.91
721,1377445504,20.93
721,1377445509,20.9
721,1377445514,20.91
721,1377445519,20.92
721,1377445524,20.92
721,1377445529,20.9
721,1377445534,20.9
721,1377445539,20.91
721,1377445544,20.9
721,1377445549,20.92
721,1377445554,20.92
721,1377445559,20.9
721,1377445564,20.92
721,1377445569,20.91
721,1377445574,20.91
721,1377445579,20.92
721,1377445584,20.91
721,1377445589,20.92
721,1377445594,20.92
721,1377445599,20.92
721,1377445604,20.93
721,1377445609,20.91
721,1377445614,20.91
721,1377445619,20.92
721,1377445624,20.91
721,1377445629,20.92
721,1377445634,20.91
721,1377445639,20.92
721,1377445644,20.92
721,1377445649,20.92
721,1377445654,20.92
721,1377445659,20.91
721,1377445664,20.92
721,1377445669,20.92
721,1377445674,20.92
721,1377445679,20.91
721,1377445684,20.92
721,1377445689,20.92
721,1377445694,20.92
721,1377445699,20.91
721,1377445704,20.92
721,1377445709,20.92
721,1377445714,20.91
721,1377445719,20.92
721,1377445724,20.93
721,1377445729,20.92
721,1377445734,20.93
721,1377445739,20.91
721,1377445744,20.91
721,1377445749,20.92
721,1377445754,20.92
721,1377445759,20.92
721,1377445764,20.93
721,1377445769,20.92
721,1377445774,20.92
721,1377445779,20.93
721,1377445784,20.93
721,1377445789,20.92
721,1377445794,20.92
721,1377445799,20.93
721,1377445804,20.92
721,1377445809,20.92
721,1377445814,20.92
721,1377445819,20.92
721,1377445824,20.92
721,1377445829,20.92
721,1377445834,20.92
721,1377445839,20.93
721,1377445844,20.93
721,1377445849,20.93
721,1377445854,20.92
721,1377445859,20.94
721,1377445864,20.93
721,1377445869,20.94
721,1377445874,20.92
721,1377445879,20.93
721,1377445884,20.94
721,1377445889,20.93
721,1377445894,20.94
721,1377445899,20.94
721,1377445904,20.92
721,1377445909,20.92
721,1377445914,20.94
721,1377445919,20.94
721,1377445924,20.92
721,1377445929,20.94
721,1377445934,20.93
721,1377445939,20.94
721,1377445944,20.94
721,1377445949,20.94
721,1377445954,20.93
721,1377445959,20.94
721,1377445964,20.94
721,1377445969,20.94
721,1377445974,20.93
721,1377445979,20.94
721,1377445984,20.94
721,1377445989,20.94
721,1377445994,20.95
721,1377445999,20.94
721,1377446004,20.94
721,1377446009,20.95
721,1377446014,20.95
721,1377446019,20.96
721,1377446024,20.94
721,1377446029,20.94
721,1377446034,20.93
721,1377446039,20.94
721,1377446044,20.94
721,1377446049,20.93
721,1377446054,20.94
721,1377446059,20.94
721,1377446064,20.94
721,1377446069,20.94
721,1377446074,20.94
721,1377446079,20.95
721,1377446084,20.94
721,1377446089,20.94
721,1377446094,20.96
721,1377446099,20.96
721,1377446104,20.94
721,1377446109,20.95
721,1377446114,20.95
721,1377446119,20.95
721,1377446124,20.95
721,1377446129,20.94
721,1377446134,20.95
721,1377446139,20.95
721,1377446144,20.95
721,1377446149,20.94
721,1377446154,20.95
721,1377446159,20.95
721,1377446164,20.94
721,1377446169,20.96
721,1377446174,20.96
721,1377446179,20.95
721,1377446184,20.96
721,1377446189,20.95
721,1377446194,20.96
721,1377446199,20.95
721,1377446204,20.95
721,1377446209,20.95
721,1377446214,20.96
721,1377446219,20.94
721,1377446224,20.96
721,1377446229,20.97
721,1377446234,20.96
721,1377446239,20.96
721,1377446244,20.96
721,1377446249,20.96
721,1377446254,20.96
721,1377446259,20.97
721,1377446264,20.96
721,1377446269,20.96
721,1377446274,20.97
721,1377446279,20.97
721,1377446284,20.97
721,1377446289,20.96
721,1377446294,20.96
721,1377446299,20.96
721,1377446304,20.96
721,1377446309,20.97
721,1377446314,20.97
721,1377446319,20.96
721,1377446324,20.97
721,1377446329,20.98
721,1377446334,20.97
721,1377446339,20.97
721,1377446344,20.96
721,1377446349,20.97
721,1377446354,20.97
721,1377446359,20.97
721,1377446364,20.96
721,1377446369,20.97
721,1377446374,20.97
721,1377446379,20.98
721,1377446384,20.98
721,1377446389,20.98
721,1377446394,20.97
721,1377446399,20.98
721,1377446404,20.96
721,1377446409,20.97
721,1377446414,20.97
721,1377446419,20.97
721,1377446424,20.98
721,1377446429,20.98
721,1377446434,20.98
721,1377446439,20.97
721,1377446444,20.98
721,1377446449,20.97
721,1377446454,20.97
721,1377446459,20.98
721,1377446464,20.98
721,1377446469,20.98
721,1377446474,20.98
721,1377446479,20.98
721,1377446484,20.98
721,1377446489,20.99
721,1377446494,21.0
721,1377446499,20.99
721,1377446504,20.99
721,1377446509,20.99
721,1377446514,20.99
721,1377446519,20.99
721,1377446524,20.99
721,1377446529,20.99
721,1377446534,20.99
721,1377446539,20.98
721,1377446544,21.0
721,1377446549,20.99
721,1377446554,20.99
721,1377446559,20.98
721,1377446564,21.0
721,1377446569,20.99
721,1377446574,21.0
721,1377446579,20.99
721,1377446584,21.0
721,1377446589,21.0
721,1377446594,21.0
721,1377446599,21.0
721,1377446604,21.0
721,1377446609,21.0
721,1377446614,21.0
721,1377446619,21.01
721,1377446624,21.0
721,1377446629,21.01
721,1377446634,21.0
721,1377446639,21.01
721,1377446644,21.0
721,1377446649,21.02
721,1377446654,21.0
721,1377446659,21.01
721,1377446664,20.99
721,1377446669,21.0
721,1377446674,21.01
721,1377446679,21.01
721,1377446684,21.01
721,1377446689,21.0
721,1377446694,21.01
721,1377446699,21.02
721,1377446704,21.02
721,1377446709,21.02
721,1377446714,21.02
721,1377446719,21.02
721,1377446724,21.02
721,1377446729,21.01
721,1377446734,21.02
721,1377446739,21.02
721,1377446744,21.01
721,1377446749,21.02
721,1377446754,21.02
721,1377446759,21.02
721,1377446764,21.02
721,1377446769,21.02
721,1377446774,21.03
721,1377446779,21.02
721,1377446784,21.03
721,1377446789,21.03
721,1377446794,21.02
721,1377446799,21.03
721,1377446804,21.04
721,1377446809,21.02
721,1377446814,21.03
721,1377446819,21.04
721,1377446824,21.03
721,1377446829,21.04
721,1377446834,21.03
721,1377446839,21.04
721,1377446844,21.03
721,1377446852,21.04
721,1377446854,21.04
721,1377446859,21.04
721,1377446864,21.05
721,1377446869,21.04
721,1377446874,21.04
721,1377446879,21.04
721,1377446884,21.04
721,1377446889,21.05
721,1377446894,21.04
721,1377446899,21.04
721,1377446904,21.05
721,1377446909,21.04
721,1377446914,21.06
721,1377446919,21.05
721,1377446924,21.07
721,1377446929,21.06
721,1377446934,21.06
721,1377446939,21.06
721,1377446944,21.06
721,1377446949,21.05
721,1377446954,21.06
721,1377446959,21.06
721,1377446964,21.05
721,1377446969,21.06
721,1377446974,21.06
721,1377446979,21.06
721,1377446984,21.05
721,1377446989,21.05
721,1377446994,21.06
721,1377446999,21.06
721,1377447004,21.06
721,1377447009,21.06
721,1377447014,21.07
721,1377447019,21.06
721,1377447024,21.05
721,1377447029,21.06
721,1377447034,21.06
721,1377447039,21.04
721,1377447044,21.06
721,1377447049,21.06
721,1377447054,21.07
721,1377447059,21.06
721,1377447064,21.06
721,1377447069,21.06
721,1377447074,21.07
721,1377447079,21.07
721,1377447084,21.07
721,1377447089,21.05
721,1377447094,21.07
721,1377447099,21.06
721,1377447104,21.06
721,1377447109,21.08
721,1377447114,21.06
721,1377447119,21.08
721,1377447124,21.07
721,1377447129,21.08
721,1377447134,21.06
721,1377447139,21.06
721,1377447144,21.07
721,1377447149,21.07
721,1377447154,21.07
721,1377447159,21.08
721,1377447164,21.08
721,1377447169,21.07
721,1377447174,21.07
721,1377447179,21.07
721,1377447184,21.08
721,1377447189,21.08
721,1377447194,21.08
721,1377447199,21.06
721,1377447204,21.09
721,1377447209,21.08
721,1377447214,21.08
721,1377447219,21.08
721,1377447224,21.09
721,1377447229,21.09
721,1377447234,21.09
721,1377447239,21.08
721,1377447244,21.08
721,1377447249,21.08
721,1377447254,21.09
721,1377447259,21.1
721,1377447264,21.1
721,1377447269,21.1
721,1377447274,21.09
721,1377447279,21.09
721,1377447284,21.1
721,1377447289,21.1
721,1377447294,21.1
721,1377447299,21.1
721,1377447304,21.09
721,1377447309,21.1
721,1377447314,21.11
721,1377447319,21.1
721,1377447324,21.1
721,1377447329,21.1
721,1377447334,21.09
721,1377447339,21.1
721,1377447344,21.09
721,1377447349,21.1
721,1377447354,21.1
721,1377447359,21.1
721,1377447364,21.11
721,1377447369,21.1
721,1377447374,21.12
721,1377447379,21.1
721,1377447384,21.12
721,1377447389,21.12
721,1377447394,21.11
721,1377447399,21.12
721,1377447404,21.1
721,1377447409,21.12
721,1377447414,21.1
721,1377447419,21.11
721,1377447424,21.12
721,1377447429,21.12
721,1377447434,21.12
721,1377447439,21.12
721,1377447444,21.12
721,1377447449,21.11
721,1377447454,21.11
721,1377447459,21.12
721,1377447464,21.12
721,1377447469,21.13
721,1377447474,21.13
721,1377447479,21.12
721,1377447484,21.12
721,1377447489,21.13
721,1377447494,21.13
721,1377447499,21.13
721,1377447504,21.13
721,1377447509,21.14
721,1377447514,21.12
721,1377447519,21.13
721,1377447524,21.13
721,1377447529,21.13
721,1377447534,21.14
721,1377447539,21.13
721,1377447544,21.14
721,1377447549,21.15
721,1377447554,21.14
721,1377447559,21.14
721,1377447564,21.14
721,1377447569,21.15
721,1377447574,21.14
721,1377447579,21.14
721,1377447584,21.14
721,1377447589,21.15
721,1377447594,21.15
721,1377447599,21.15
721,1377447604,21.14
721,1377447609,21.14
721,1377447614,21.16
721,1377447619,21.15
721,1377447624,21.16
721,1377447629,21.15
721,1377447634,21.16
721,1377447639,21.16
721,1377447644,21.16
721,1377447649,21.15
721,1377447654,21.16
721,1377447659,21.14
721,1377447664,21.16
721,1377447669,21.16
721,1377447674,21.14
721,1377447679,21.16
721,1377447685,21.16
721,1377447689,21.16
721,1377447694,21.17
721,1377447699,21.16
721,1377447704,21.16
721,1377447709,21.16
721,1377447714,21.17
721,1377447719,21.16
721,1377447724,21.17
721,1377447729,21.17
721,1377447734,21.16
721,1377447739,21.17
721,1377447744,21.18
721,1377447749,21.17
721,1377447754,21.18
721,1377447759,21.17
721,1377447764,21.17
721,1377447769,21.18
721,1377447774,21.18
721,1377447779,21.18
721,1377447784,21.19
721,1377447789,21.18
721,1377447794,21.18
721,1377447799,21.18
721,1377447804,21.18
721,1377447809,21.18
721,1377447814,21.19
721,1377447819,21.19
721,1377447824,21.22
721,1377447829,21.21
721,1377447834,21.2
721,1377447839,21.19
721,1377447844,21.21
721,1377447849,21.2
721,1377447854,21.21
721,1377447859,21.19
721,1377447864,21.21
721,1377447869,21.21
721,1377447874,21.19
721,1377447879,21.21
721,1377447884,21.2
721,1377447889,21.2
721,1377447894,21.21
721,1377447899,21.22
721,1377447904,21.21
721,1377447909,21.22
721,1377447914,21.2
721,1377447919,21.2
721,1377447924,21.21
721,1377447929,21.21
721,1377447934,21.21
721,1377447939,21.22
721,1377447944,21.22
721,1377447949,21.21
721,1377447954,21.22
721,1377447959,21.22
721,1377447964,21.21
721,1377447969,21.22
721,1377447974,21.22
721,1377447979,21.22
721,1377447984,21.22
721,1377447989,21.23
721,1377447994,21.22
721,1377447999,21.23
721,1377448004,21.22
721,1377448009,21.23
721,1377448014,21.23
721,1377448019,21.24
721,1377448024,21.24
721,1377448029,21.23
721,1377448034,21.24
721,1377448039,21.24
721,1377448044,21.24
721,1377448049,21.24
721,1377448054,21.24
721,1377448059,21.25
721,1377448064,21.26
721,1377448069,21.24
721,1377448074,21.25
721,1377448079,21.24
721,1377448084,21.24
721,1377448089,21.24
721,1377448094,21.25
721,1377448099,21.24
721,1377448104,21.25
721,1377448109,21.25
721,1377448114,21.25
721,1377448119,21.25
721,1377448124,21.24
721,1377448129,21.25
721,1377448134,21.26
721,1377448139,21.26
721,1377448144,21.26
721,1377448149,21.26
721,1377448154,21.26
721,1377448159,21.26
721,1377448164,21.26
721,1377448169,21.26
721,1377448174,21.28
721,1377448179,21.26
721,1377448184,21.28
721,1377448189,21.27
721,1377448194,21.27
721,1377448199,21.27
721,1377448204,21.26
721,1377448209,21.27
721,1377448214,21.26
721,1377448219,21.26
721,1377448224,21.27
721,1377448229,21.27
721,1377448234,21.27
721,1377448239,21.27
721,1377448244,21.26
721,1377448249,21.27
721,1377448254,21.3
721,1377448259,21.28
721,1377448264,21.28
721,1377448269,21.28
721,1377448274,21.27
721,1377448279,21.28
721,1377448284,21.28
721,1377448289,21.29
721,1377448294,21.29
721,1377448299,21.28
721,1377448304,21.27
721,1377448309,21.29
721,1377448314,21.3
721,1377448319,21.3
721,1377448324,21.29
721,1377448329,21.29
721,1377448334,21.3
721,1377448339,21.29
721,1377448344,21.29
721,1377448349,21.29
721,1377448354,21.3
721,1377448359,21.3
721,1377448364,21.3
721,1377448369,21.3
721,1377448374,21.29
721,1377448379,21.31
721,1377448384,21.3
721,1377448389,21.3
721,1377448394,21.3
721,1377448399,21.3
721,1377448404,21.3
721,1377448409,21.29
721,1377448414,21.3
721,1377448419,21.3
721,1377448424,21.3
721,1377448429,21.3
721,1377448434,21.3
721,1377448439,21.31
721,1377448444,21.31
721,1377448449,21.3
721,1377448454,21.3
721,1377448459,21.31
721,1377448464,21.31
721,1377448469,21.31
721,1377448474,21.31
721,1377448479,21.3
721,1377448484,21.3
721,1377448489,21.32
721,1377448494,21.32
721,1377448499,21.32
721,1377448504,21.31
721,1377448509,21.32
721,1377448514,21.32
721,1377448519,21.32
721,1377448524,21.33
721,1377448529,21.32
721,1377448534,21.32
721,1377448539,21.32
721,1377448544,21.32
721,1377448549,21.33
721,1377448554,21.34
721,1377448559,21.33
721,1377448564,21.33
721,1377448569,21.33
721,1377448574,21.33
721,1377448579,21.32
721,1377448584,21.34
721,1377448589,21.33
721,1377448594,21.32
721,1377448599,21.33
721,1377448604,21.33
721,1377448609,21.33
721,1377448614,21.35
721,1377448619,21.33
721,1377448624,21.34
721,1377448629,21.34
721,1377448634,21.34
721,1377448639,21.33
721,1377448644,21.34
721,1377448649,21.34
721,1377448654,21.34
721,1377448659,21.35
721,1377448664,21.34
721,1377448669,21.34
721,1377448674,21.35
721,1377448679,21.34
721,1377448684,21.34
721,1377448689,21.36
721,1377448694,21.35
721,1377448699,21.36
721,1377448704,21.35
721,1377448709,21.34
721,1377448714,21.36
721,1377448719,21.36
721,1377448724,21.36
721,1377448729,21.36
721,1377448734,21.36
721,1377448739,21.35
721,1377448744,21.36
721,1377448749,21.36
721,1377448754,21.36
721,1377448759,21.36
721,1377448764,21.37
721,1377448769,21.36
721,1377448774,21.37
721,1377448779,21.37
721,1377448784,21.37
721,1377448789,21.38
721,1377448794,21.38
721,1377448799,21.38
721,1377448804,21.37
721,1377448809,21.38
721,1377448814,21.38
721,1377448819,21.38
721,1377448824,21.37
721,1377448829,21.39
721,1377448834,21.36
721,1377448839,21.37
721,1377448844,21.38
721,1377448849,21.38
721,1377448854,21.38
721,1377448859,21.37
721,1377448864,21.38
721,1377448869,21.38
721,1377448874,21.38
721,1377448879,21.38
721,1377448884,21.39
721,1377448889,21.38
721,1377448894,21.39
721,1377448899,21.39
721,1377448904,21.38
721,1377448909,21.39
721,1377448914,21.4
721,1377448919,21.4
721,1377448924,21.38
721,1377448929,21.4
721,1377448934,21.38
721,1377448939,21.39
721,1377448944,21.38
721,1377448949,21.39
721,1377448954,21.39
721,1377448959,21.39
721,1377448964,21.39
721,1377448969,21.4
721,1377448974,21.4
721,1377448979,21.39
721,1377448984,21.39
721,1377448989,21.4
721,1377448994,21.41
721,1377448999,21.4
721,1377449004,21.4
721,1377449009,21.4
721,1377449014,21.4
721,1377449019,21.4
721,1377449024,21.4
721,1377449029,21.4
721,1377449034,21.4
721,1377449039,21.4
721,1377449044,21.39
721,1377449049,21.4
721,1377449054,21.41
721,1377449059,21.41
721,1377449064,21.41
721,1377449069,21.42
721,1377449074,21.41
721,1377449079,21.41
721,1377449084,21.42
721,1377449089,21.42
721,1377449094,21.42
721,1377449099,21.4
721,1377449104,21.42
721,1377449109,21.42
721,1377449114,21.4
721,1377449119,21.41
721,1377449124,21.42
721,1377449129,21.42
721,1377449134,21.42
721,1377449139,21.41
721,1377449144,21.42
721,1377449149,21.42
721,1377449154,21.42
721,1377449159,21.42
721,1377449164,21.43
721,1377449169,21.42
721,1377449174,21.42
721,1377449179,21.42
721,1377449184,21.42
721,1377449189,21.43
721,1377449194,21.42
721,1377449199,21.43
721,1377449204,21.43
721,1377449209,21.42
721,1377449214,21.42
721,1377449219,21.42
721,1377449224,21.42
721,1377449229,21.42
721,1377449234,21.42
721,1377449239,21.43
721,1377449244,21.42
721,1377449249,21.44
721,1377449254,21.44
721,1377449259,21.44
721,1377449264,21.44
721,1377449269,21.44
721,1377449274,21.43
721,1377449279,21.42
721,1377449284,21.44
721,1377449289,21.43
721,1377449294,21.43
721,1377449299,21.43
721,1377449304,21.45
721,1377449309,21.44
721,1377449314,21.43
721,1377449319,21.43
721,1377449324,21.45
721,1377449329,21.44
721,1377449334,21.44
721,1377449339,21.44
721,1377449344,21.44
721,1377449349,21.45
721,1377449354,21.43
721,1377449359,21.45
721,1377449364,21.44
721,1377449369,21.45
721,1377449374,21.44
721,1377449379,21.46
721,1377449384,21.45
721,1377449389,21.44
721,1377449394,21.44
721,1377449399,21.44
721,1377449404,21.44
721,1377449409,21.45
721,1377449414,21.44
721,1377449419,21.44
721,1377449424,21.45
721,1377449429,21.46
721,1377449434,21.46
721,1377449439,21.46
721,1377449444,21.45
721,1377449449,21.45
721,1377449454,21.45
721,1377449459,21.46
721,1377449464,21.45
721,1377449469,21.46
721,1377449474,21.46
721,1377449479,21.45
721,1377449484,21.45
721,1377449489,21.46
721,1377449494,21.46
721,1377449499,21.46
721,1377449504,21.46
721,1377449509,21.46
721,1377449514,21.47
721,1377449519,21.46
721,1377449524,21.46
721,1377449529,21.47
721,1377449534,21.47
721,1377449539,21.46
721,1377449544,21.47
721,1377449549,21.47
721,1377449554,21.48
721,1377449559,21.47
721,1377449564,21.48
721,1377449569,21.47
721,1377449574,21.48
721,1377449579,21.47
721,1377449584,21.46
721,1377449589,21.48
721,1377449594,21.47
721,1377449599,21.49
721,1377449604,21.48
721,1377449609,21.48
721,1377449614,21.48
721,1377449619,21.48
721,1377449624,21.48
721,1377449629,21.49
721,1377449634,21.48
721,1377449639,21.48
721,1377449644,21.48
721,1377449649,21.48
721,1377449654,21.48
721,1377449659,21.48
721,1377449664,21.48
721,1377449669,21.49
721,1377449674,21.49
721,1377449679,21.5
721,1377449684,21.5
721,1377449689,21.48
721,1377449694,21.5
721,1377449699,21.49
721,1377449704,21.49
721,1377449709,21.49
721,1377449714,21.5
721,1377449719,21.5
721,1377449724,21.5
721,1377449729,21.5
721,1377449734,21.49
721,1377449739,21.5
721,1377449744,21.51
721,1377449749,21.49
721,1377449754,21.5
721,1377449759,21.5
721,1377449764,21.51
721,1377449769,21.5
721,1377449774,21.5
721,1377449779,21.5
721,1377449784,21.5
721,1377449789,21.5
721,1377449794,21.51
721,1377449799,21.5
721,1377449804,21.5
721,1377449809,21.51
721,1377449814,21.51
721,1377449819,21.5
721,1377449824,21.5
721,1377449829,21.51
721,1377449834,21.51
721,1377449839,21.5
721,1377449844,21.51
721,1377449849,21.5
721,1377449854,21.51
721,1377449859,21.51
721,1377449864,21.52
721,1377449869,21.5
721,1377449874,21.51
721,1377449879,21.5
721,1377449884,21.51
721,1377449889,21.51
721,1377449894,21.52
721,1377449899,21.52
721,1377449904,21.52
721,1377449909,21.52
721,1377449914,21.52
721,1377449919,21.51
721,1377449924,21.52
721,1377449929,21.52
721,1377449934,21.52
721,1377449939,21.51
721,1377449944,21.51
721,1377449949,21.54
721,1377449954,21.51
721,1377449959,21.52
721,1377449964,21.52
721,1377449969,21.54
721,1377449974,21.54
721,1377449979,21.52
721,1377449984,21.52
721,1377449989,21.53
721,1377449994,21.52
721,1377449999,21.52
721,1377450004,21.52
721,1377450009,21.52
721,1377450014,21.53
721,1377450019,21.52
721,1377450024,21.53
721,1377450029,21.52
721,1377450034,21.53
721,1377450039,21.54
721,1377450044,21.54
721,1377450049,21.53
721,1377450054,21.53
721,1377450059,21.53
721,1377450064,21.54
721,1377450069,21.54
721,1377450074,21.54
721,1377450079,21.54
721,1377450084,21.54
721,1377450089,21.54
721,1377450094,21.54
721,1377450099,21.53
721,1377450104,21.54
721,1377450109,21.55
721,1377450114,21.54
721,1377450119,21.54
721,1377450124,21.54
721,1377450129,21.54
721,1377450134,21.54
721,1377450139,21.54
721,1377450144,21.53
721,1377450149,21.55
721,1377450154,21.53
721,1377450159,21.56
721,1377450164,21.54
721,1377450169,21.55
721,1377450174,21.54
721,1377450179,21.54
721,1377450184,21.55
721,1377450189,21.55
721,1377450194,21.55
721,1377450199,21.54
721,1377450204,21.54
721,1377450209,21.54
721,1377450214,21.54
721,1377450219,21.55
721,1377450224,21.55
721,1377450229,21.55
721,1377450234,21.55
721,1377450239,21.55
721,1377450244,21.55
721,1377450249,21.55
721,1377450254,21.55
721,1377450259,21.55
721,1377450264,21.55
721,1377450269,21.54
721,1377450274,21.54
721,1377450279,21.55
721,1377450284,21.55
721,1377450289,21.56
721,1377450294,21.55
721,1377450299,21.55
721,1377450304,21.55
721,1377450309,21.56
721,1377450314,21.56
721,1377450319,21.55
721,1377450324,21.55
721,1377450329,21.56
721,1377450334,21.56
721,1377450339,21.56
721,1377450344,21.56
721,1377450349,21.56
721,1377450354,21.56
721,1377450359,21.57
721,1377450364,21.56
721,1377450369,21.58
721,1377450374,21.55
721,1377450379,21.57
721,1377450384,21.56
721,1377450389,21.56
721,1377450394,21.56
721,1377450399,21.57
721,1377450404,21.56
721,1377450409,21.57
721,1377450414,21.57
721,1377450419,21.57
721,1377450424,21.57
721,1377450429,21.57
721,1377450434,21.57
721,1377450439,21.57
721,1377450444,21.58
721,1377450449,21.58
721,1377450454,21.58
721,1377450459,21.58
721,1377450464,21.58
721,1377450469,21.58
721,1377450474,21.57
721,1377450479,21.59
721,1377450484,21.58
721,1377450489,21.58
721,1377450494,21.58
721,1377450499,21.57
721,1377450504,21.58
721,1377450509,21.58
721,1377450514,21.58
721,1377450519,21.58
721,1377450524,21.58
721,1377450529,21.58
721,1377450534,21.59
721,1377450539,21.58
721,1377450544,21.58
721,1377450549,21.59
721,1377450554,21.6
721,1377450559,21.59
721,1377450564,21.59
721,1377450569,21.58
721,1377450574,21.59
721,1377450579,21.59
721,1377450584,21.59
721,1377450589,21.6
721,1377450594,21.58
721,1377450599,21.58
721,1377450604,21.58
721,1377450609,21.58
721,1377450614,21.58
721,1377450619,21.6
721,1377450624,21.6
721,1377450629,21.6
721,1377450634,21.6
721,1377450639,21.6
721,1377450644,21.59
721,1377450649,21.6
721,1377450654,21.6
721,1377450659,21.6
721,1377450664,21.6
721,1377450669,21.6
721,1377450674,21.6
721,1377450679,21.6
721,1377450684,21.6
721,1377450689,21.6
721,1377450694,21.6
721,1377450699,21.6
721,1377450704,21.6
721,1377450709,21.6
721,1377450714,21.61
721,1377450719,21.61
721,1377450724,21.62
721,1377450729,21.6
721,1377450734,21.61
721,1377450739,21.61
721,1377450744,21.62
721,1377450749,21.61
721,1377450754,21.59
721,1377450759,21.6
721,1377450764,21.6
721,1377450769,21.6
721,1377450774,21.62
721,1377450779,21.61
721,1377450784,21.61
721,1377450789,21.61
721,1377450794,21.62
721,1377450799,21.61
721,1377450804,21.61
721,1377450809,21.6
721,1377450814,21.62
721,1377450819,21.6
721,1377450824,21.61
721,1377450829,21.61
721,1377450834,21.61
721,1377450839,21.6
721,1377450844,21.6
721,1377450849,21.62
721,1377450854,21.61
721,1377450859,21.61
721,1377450864,21.62
721,1377450869,21.62
721,1377450874,21.62
721,1377450879,21.61
721,1377450884,21.62
721,1377450889,21.61
721,1377450894,21.61
721,1377450899,21.61
721,1377450904,21.62
721,1377450909,21.62
721,1377450914,21.62
721,1377450919,21.63
721,1377450924,21.62
721,1377450929,21.62
721,1377450934,21.62
721,1377450939,21.62
721,1377450944,21.62
721,1377450949,21.62
721,1377450954,21.63
721,1377450959,21.62
721,1377450964,21.62
721,1377450969,21.61
721,1377450974,21.64
721,1377450979,21.62
721,1377450984,21.63
721,1377450989,21.62
721,1377450994,21.62
721,1377450999,21.62
721,1377451004,21.62
721,1377451009,21.62
721,1377451014,21.62
721,1377451019,21.62
721,1377451024,21.62
721,1377451029,21.62
721,1377451034,21.62
721,1377451039,21.62
721,1377451044,21.64
721,1377451049,21.63
721,1377451054,21.64
721,1377451059,21.63
721,1377451064,21.62
721,1377451069,21.63
721,1377451074,21.63
721,1377451079,21.63
721,1377451084,21.62
721,1377451089,21.64
721,1377451094,21.64
721,1377451099,21.64
721,1377451104,21.63
721,1377451109,21.64
721,1377451114,21.64
721,1377451119,21.64
721,1377451124,21.64
721,1377451129,21.64
721,1377451134,21.64
721,1377451139,21.64
721,1377451144,21.64
721,1377451149,21.64
721,1377451154,21.64
721,1377451159,21.64
721,1377451164,21.64
721,1377451169,21.64
721,1377451174,21.64
721,1377451179,21.65
721,1377451184,21.64
721,1377451189,21.66
721,1377451194,21.64
721,1377451199,21.66
721,1377451204,21.64
721,1377451209,21.65
721,1377451214,21.64
721,1377451219,21.66
721,1377451224,21.65
721,1377451229,21.65
721,1377451234,21.65
721,1377451239,21.64
721,1377451244,21.65
721,1377451249,21.65
721,1377451254,21.66
721,1377451259,21.66
721,1377451264,21.65
721,1377451269,21.65
721,1377451274,21.65
721,1377451279,21.66
721,1377451284,21.66
721,1377451289,21.66
721,1377451294,21.65
721,1377451299,21.66
721,1377451304,21.66
721,1377451309,21.65
721,1377451314,21.66
721,1377451319,21.65
721,1377451324,21.66
721,1377451329,21.65
721,1377451334,21.66
721,1377451339,21.67
721,1377451344,21.66
721,1377451349,21.65
721,1377451354,21.65
721,1377451359,21.66
721,1377451364,21.66
721,1377451369,21.65
721,1377451374,21.67
721,1377451379,21.66
721,1377451384,21.67
721,1377451389,21.65
721,1377451394,21.66
721,1377451399,21.66
721,1377451404,21.65
721,1377451409,21.66
721,1377451414,21.66
721,1377451419,21.66
721,1377451424,21.66
721,1377451429,21.66
721,1377451434,21.66
721,1377451439,21.67
721,1377451444,21.68
721,1377451449,21.66
721,1377451454,21.67
721,1377451459,21.67
721,1377451464,21.68
721,1377451469,21.66
721,1377451474,21.66
721,1377451479,21.67
721,1377451484,21.68
721,1377451489,21.67
721,1377451494,21.68
721,1377451499,21.68
721,1377451504,21.67
721,1377451509,21.67
721,1377451514,21.69
721,1377451519,21.68
721,1377451524,21.68
721,1377451529,21.68
721,1377451534,21.68
721,1377451539,21.68
721,1377451544,21.68
721,1377451549,21.68
721,1377451554,21.67
721,1377451559,21.68
721,1377451564,21.68
721,1377451569,21.68
721,1377451574,21.69
721,1377451579,21.68
721,1377451584,21.68
721,1377451589,21.68
721,1377451594,21.69
721,1377451599,21.69
721,1377451604,21.69
721,1377451609,21.68
721,1377451614,21.69
721,1377451619,21.68
721,1377451624,21.7
721,1377451629,21.69
721,1377451634,21.69
721,1377451639,21.69
721,1377451644,21.7
721,1377451649,21.68
721,1377451654,21.69
721,1377451659,21.69
721,1377451664,21.7
721,1377451669,21.7
721,1377451674,21.7
721,1377451679,21.69
721,1377451684,21.69
721,1377451689,21.69
721,1377451694,21.7
721,1377451699,21.69
721,1377451704,21.7
721,1377451709,21.7
721,1377451714,21.7
721,1377451719,21.7
721,1377451724,21.7
721,1377451729,21.71
721,1377451734,21.72
721,1377451739,21.7
721,1377451744,21.69
721,1377451749,21.7
721,1377451754,21.7
721,1377451759,21.71
721,1377451764,21.72
721,1377451769,21.7
721,1377451774,21.7
721,1377451779,21.7
721,1377451784,21.71
721,1377451789,21.71
721,1377451794,21.71
721,1377451799,21.71
721,1377451804,21.71
721,1377451809,21.72
721,1377451814,21.72
721,1377451819,21.7
721,1377451824,21.72
721,1377451829,21.72
721,1377451834,21.72
721,1377451839,21.72
721,1377451844,21.72
721,1377451849,21.72
721,1377451854,21.72
721,1377451859,21.72
721,1377451864,21.72
721,1377451869,21.72
721,1377451874,21.72
721,1377451879,21.73
721,1377451884,21.73
721,1377451889,21.73
721,1377451894,21.72
721,1377451899,21.73
721,1377451904,21.72
721,1377451909,21.73
721,1377451914,21.73
721,1377451921,21.73
721,1377451924,21.72
721,1377451929,21.73
721,1377451934,21.73
721,1377451939,21.74
721,1377451944,21.72
721,1377451949,21.73
721,1377451954,21.74
721,1377451959,21.72
721,1377451964,21.74
721,1377451969,21.73
721,1377451974,21.73
721,1377451979,21.74
721,1377451984,21.73
721,1377451989,21.73
721,1377451994,21.72
721,1377451999,21.74
721,1377452004,21.73
721,1377452009,21.74
721,1377452014,21.75
721,1377452019,21.73
721,1377452024,21.75
721,1377452029,21.74
721,1377452034,21.73
721,1377452039,21.75
721,1377452044,21.74
721,1377452049,21.74
721,1377452054,21.74
721,1377452059,21.74
721,1377452064,21.74
721,1377452069,21.75
721,1377452074,21.76
721,1377452079,21.75
721,1377452084,21.76
721,1377452089,21.74
721,1377452094,21.76
721,1377452099,21.76
721,1377452104,21.75
721,1377452109,21.76
721,1377452114,21.75
721,1377452119,21.76
721,1377452124,21.75
721,1377452129,21.76
721,1377452134,21.75
721,1377452139,21.76
721,1377452144,21.76
721,1377452149,21.77
721,1377452154,21.76
721,1377452159,21.76
721,1377452164,21.76
721,1377452169,21.76
721,1377452174,21.75
721,1377452179,21.75
721,1377452184,21.76
721,1377452189,21.76
721,1377452194,21.76
721,1377452199,21.77
721,1377452204,21.77
721,1377452209,21.78
721,1377452214,21.76
721,1377452219,21.76
721,1377452224,21.78
721,1377452229,21.78
721,1377452234,21.77
721,1377452239,21.78
721,1377452244,21.78
721,1377452249,21.77
721,1377452254,21.78
721,1377452259,21.78
721,1377452264,21.78
721,1377452269,21.77
721,1377452274,21.78
721,1377452279,21.78
721,1377452284,21.78
721,1377452289,21.78
721,1377452294,21.78
721,1377452299,21.79
721,1377452304,21.78
721,1377452309,21.78
721,1377452314,21.78
721,1377452319,21.78
721,1377452324,21.78
721,1377452329,21.78
721,1377452334,21.79
721,1377452339,21.79
721,1377452344,21.78
721,1377452349,21.79
721,1377452354,21.78
721,1377452359,21.79
721,1377452364,21.79
721,1377452369,21.79
721,1377452374,21.78
721,1377452379,21.77
721,1377452384,21.79
721,1377452389,21.79
721,1377452394,21.79
721,1377452399,21.79
721,1377452404,21.8
721,1377452409,21.79
721,1377452414,21.79
721,1377452419,21.8
721,1377452424,21.79
721,1377452429,21.8
721,1377452434,21.8
721,1377452439,21.79
721,1377452444,21.8
721,1377452449,21.82
721,1377452454,21.8
721,1377452459,21.8
721,1377452464,21.81
721,1377452469,21.8
721,1377452474,21.8
721,1377452479,21.81
721,1377452484,21.81
721,1377452489,21.82
721,1377452494,21.81
721,1377452499,21.82
721,1377452504,21.82
721,1377452509,21.8
721,1377452514,21.8
721,1377452519,21.81
721,1377452524,21.82
721,1377452529,21.81
721,1377452534,21.82
721,1377452539,21.82
721,1377452544,21.82
721,1377452549,21.82
721,1377452554,21.82
721,1377452559,21.81
721,1377452564,21.82
721,1377452569,21.82
721,1377452574,21.82
721,1377452579,21.82
721,1377452584,21.83
721,1377452589,21.84
721,1377452594,21.82
721,1377452599,21.83
721,1377452604,21.83
721,1377452609,21.84
721,1377452614,21.83
721,1377452619,21.83
721,1377452624,21.83
721,1377452629,21.83
721,1377452634,21.83
721,1377452639,21.84
721,1377452644,21.83
721,1377452649,21.83
721,1377452654,21.83
721,1377452659,21.84
721,1377452664,21.84
721,1377452669,21.83
721,1377452674,21.83
721,1377452679,21.84
721,1377452684,21.84
721,1377452689,21.84
721,1377452694,21.85
721,1377452699,21.84
721,1377452704,21.84
721,1377452709,21.84
721,1377452714,21.84
721,1377452719,21.84
721,1377452724,21.83
721,1377452729,21.84
721,1377452734,21.84
721,1377452739,21.86
721,1377452744,21.84
721,1377452749,21.84
721,1377452754,21.84
721,1377452759,21.86
721,1377452764,21.84
721,1377452769,21.85
721,1377452774,21.86
721,1377452779,21.86
721,1377452784,21.85
721,1377452789,21.86
721,1377452794,21.86
721,1377452799,21.86
721,1377452804,21.86
721,1377452809,21.86
721,1377452814,21.86
721,1377452819,21.86
721,1377452824,21.87
721,1377452829,21.86
721,1377452834,21.87
721,1377452839,21.86
721,1377452844,21.87
721,1377452849,21.86
721,1377452854,21.86
721,1377452859,21.86
721,1377452864,21.86
721,1377452869,21.86
721,1377452874,21.87
721,1377452879,21.87
721,1377452884,21.87
721,1377452889,21.86
721,1377452894,21.88
721,1377452899,21.87
721,1377452904,21.87
721,1377452909,21.86
721,1377452914,21.88
721,1377452919,21.88
721,1377452924,21.87
721,1377452929,21.87
721,1377452934,21.86
721,1377452939,21.88
721,1377452944,21.86
721,1377452949,21.88
721,1377452954,21.86
721,1377452959,21.86
721,1377452964,21.88
721,1377452969,21.88
721,1377452974,21.88
721,1377452979,21.88
721,1377452984,21.88
721,1377452989,21.88
721,1377452994,21.88
721,1377452999,21.88
721,1377453004,21.88
721,1377453009,21.89
721,1377453014,21.89
721,1377453019,21.88
721,1377453024,21.88
721,1377453029,21.89
721,1377453034,21.9
721,1377453039,21.9
721,1377453044,21.88
721,1377453049,21.89
721,1377453054,21.89
721,1377453059,21.88
721,1377453064,21.89
721,1377453069,21.9
721,1377453074,21.89
721,1377453079,21.91
721,1377453084,21.9
721,1377453089,21.9
721,1377453094,21.89
721,1377453099,21.91
721,1377453104,21.89
721,1377453109,21.9
721,1377453114,21.9
721,1377453119,21.9
721,1377453124,21.9
721,1377453129,21.9
721,1377453134,21.91
721,1377453139,21.9
721,1377453144,21.89
721,1377453149,21.9
721,1377453154,21.9
721,1377453159,21.9
721,1377453165,21.89
721,1377453169,21.9
721,1377453174,21.9
721,1377453179,21.9
721,1377453184,21.9
721,1377453189,21.91
721,1377453194,21.9
721,1377453199,21.9
721,1377453204,21.9
721,1377453209,21.9
721,1377453214,21.91
721,1377453219,21.91
721,1377453224,21.91
721,1377453229,21.9
721,1377453234,21.92
721,1377453239,21.91
721,1377453244,21.92
721,1377453249,21.92
721,1377453254,21.91
721,1377453259,21.91
721,1377453264,21.92
721,1377453269,21.9
721,1377453274,21.91
721,1377453279,21.9
721,1377453284,21.9
721,1377453289,21.92
721,1377453294,21.9
721,1377453299,21.91
721,1377453304,21.92
721,1377453309,21.92
721,1377453314,21.92
721,1377453319,21.92
721,1377453324,21.92
721,1377453329,21.92
721,1377453334,21.92
721,1377453339,21.92
721,1377453344,21.92
721,1377453349,21.92
721,1377453354,21.93
721,1377453359,21.92
721,1377453364,21.93
721,1377453369,21.92
721,1377453374,21.93
721,1377453379,21.93
721,1377453384,21.93
721,1377453389,21.92
721,1377453394,21.92
721,1377453399,21.92
721,1377453404,21.92
721,1377453409,21.92
721,1377453414,21.93
721,1377453419,21.92
721,1377453424,21.93
721,1377453429,21.93
721,1377453434,21.93
721,1377453439,21.91
721,1377453444,21.93
721,1377453449,21.93
721,1377453454,21.94
721,1377453459,21.93
721,1377453464,21.92
721,1377453469,21.92
721,1377453474,21.93
721,1377453479,21.93
721,1377453484,21.93
721,1377453489,21.93
721,1377453494,21.93
721,1377453499,21.92
721,1377453504,21.94
721,1377453509,21.94
721,1377453514,21.94
721,1377453519,21.93
721,1377453524,21.93
721,1377453529,21.93
721,1377453534,21.93
721,1377453539,21.93
721,1377453544,21.94
721,1377453549,21.94
721,1377453554,21.93
721,1377453559,21.93
721,1377453564,21.94
721,1377453569,21.93
721,1377453574,21.93
721,1377453579,21.94
721,1377453584,21.94
721,1377453589,21.93
721,1377453594,21.93
721,1377453599,21.93
721,1377453604,21.93
721,1377453609,21.93
721,1377453614,21.94
721,1377453619,21.93
721,1377453624,21.94
721,1377453629,21.93
721,1377453634,21.93
721,1377453639,21.93
721,1377453644,21.94
721,1377453649,21.94
721,1377453654,21.94
721,1377453659,21.94
721,1377453664,21.92
721,1377453669,21.94
721,1377453674,21.94
721,1377453679,21.94
721,1377453684,21.94
721,1377453689,21.94
721,1377453694,21.94
721,1377453699,21.93
721,1377453704,21.94
721,1377453709,21.94
721,1377453714,21.94
721,1377453719,21.95
721,1377453724,21.94
721,1377453729,21.94
721,1377453734,21.94
721,1377453739,21.93
721,1377453744,21.94
721,1377453749,21.94
721,1377453754,21.94
721,1377453759,21.95
721,1377453764,21.94
721,1377453769,21.94
721,1377453774,21.95
721,1377453779,21.94
721,1377453784,21.95
721,1377453789,21.94
721,1377453794,21.94
721,1377453799,21.94
721,1377453804,21.95
721,1377453809,21.94
721,1377453814,21.95
721,1377453819,21.95
721,1377453824,21.95
721,1377453829,21.95
721,1377453834,21.95
721,1377453839,21.95
721,1377453844,21.94
721,1377453849,21.95
721,1377453854,21.95
721,1377453859,21.94
721,1377453864,21.95
721,1377453869,21.95
721,1377453874,21.94
721,1377453879,21.94
721,1377453884,21.95
721,1377453889,21.94
721,1377453894,21.95
721,1377453899,21.95
721,1377453904,21.95
721,1377453909,21.95
721,1377453914,21.96
721,1377453919,21.95
721,1377453924,21.95
721,1377453929,21.95
721,1377453934,21.95
721,1377453939,21.96
721,1377453944,21.96
721,1377453949,21.96
721,1377453954,21.94
721,1377453959,21.96
721,1377453964,21.96
721,1377453969,21.96
721,1377453974,21.96
721,1377453979,21.96
721,1377453984,21.95
721,1377453989,21.96
721,1377453994,21.95
721,1377453999,21.96
721,1377454004,21.96
721,1377454009,21.95
721,1377454014,21.97
721,1377454019,21.96
721,1377454024,21.96
721,1377454029,21.97
721,1377454034,21.96
721,1377454039,21.96
721,1377454044,21.96
721,1377454049,21.96
721,1377454054,21.96
721,1377454059,21.96
721,1377454064,21.96
721,1377454069,21.96
721,1377454074,21.96
721,1377454079,21.97
721,1377454084,21.97
721,1377454089,21.97
721,1377454094,21.96
721,1377454099,21.98
721,1377454104,21.97
721,1377454109,21.96
721,1377454114,21.97
721,1377454119,21.97
721,1377454124,21.96
721,1377454129,21.95
721,1377454134,21.97
721,1377454139,21.97
721,1377454144,21.97
721,1377454149,21.97
721,1377454154,21.96
721,1377454159,21.96
721,1377454164,21.98
721,1377454169,21.98
721,1377454174,21.97
721,1377454179,21.97
721,1377454184,21.97
721,1377454189,21.98
721,1377454194,21.97
721,1377454199,21.98
721,1377454204,21.97
721,1377454209,21.98
721,1377454214,21.98
721,1377454219,21.98
721,1377454224,21.98
721,1377454229,21.98
721,1377454234,22.0
721,1377454239,21.97
721,1377454244,21.99
721,1377454249,21.99
721,1377454254,21.98
721,1377454259,21.99
721,1377454264,21.99
721,1377454269,21.98
721,1377454274,22.0
721,1377454279,21.98
721,1377454284,21.99
721,1377454289,21.99
721,1377454294,21.99
721,1377454299,21.99
721,1377454304,21.98
721,1377454309,21.99
721,1377454314,21.99
721,1377454319,21.98
721,1377454324,21.99
721,1377454329,21.99
721,1377454334,22.0
721,1377454339,21.99
721,1377454344,22.0
721,1377454349,22.0
721,1377454354,21.99
721,1377454359,21.99
721,1377454364,21.99
721,1377454369,22.0
721,1377454374,21.98
721,1377454379,22.0
721,1377454384,22.0
721,1377454389,22.0
721,1377454394,22.0
721,1377454399,22.0
721,1377454404,22.0
721,1377454409,22.0
721,1377454414,22.01
721,1377454419,22.0
721,1377454424,22.0
721,1377454429,22.0
721,1377454434,22.01
721,1377454439,22.0
721,1377454444,22.0
721,1377454449,22.0
721,1377454454,22.01
721,1377454459,21.99
721,1377454464,22.02
721,1377454469,22.0
721,1377454474,22.0
721,1377454479,22.01
721,1377454484,22.0
721,1377454489,22.0
721,1377454494,22.01
721,1377454499,22.01
721,1377454504,22.02
721,1377454509,22.01
721,1377454514,22.0
721,1377454519,22.02
721,1377454524,22.02
721,1377454529,22.02
721,1377454534,22.0
721,1377454539,22.02
721,1377454544,22.01
721,1377454549,22.01
721,1377454554,22.02
721,1377454559,22.02
721,1377454564,22.02
721,1377454569,22.02
721,1377454574,22.01
721,1377454579,22.01
721,1377454584,22.02
721,1377454589,22.02
721,1377454594,22.01
721,1377454599,22.01
721,1377454604,22.02
721,1377454609,22.03
721,1377454614,22.02
721,1377454619,22.02
721,1377454624,22.03
721,1377454629,22.02
721,1377454634,22.02
721,1377454639,22.02
721,1377454644,22.02
721,1377454649,22.02
721,1377454654,22.02
721,1377454659,22.02
721,1377454664,22.03
721,1377454669,22.02
721,1377454674,22.02
721,1377454679,22.03
721,1377454684,22.02
721,1377454689,22.03
721,1377454694,22.03
721,1377454699,22.01
721,1377454704,22.02
721,1377454709,22.02
721,1377454714,22.02
721,1377454719,22.03
721,1377454724,22.02
721,1377454729,22.03
721,1377454734,22.03
721,1377454739,22.03
721,1377454744,22.04
721,1377454749,22.03
721,1377454754,22.02
721,1377454759,22.04
721,1377454764,22.03
721,1377454769,22.03
721,1377454774,22.03
721,1377454779,22.04
721,1377454784,22.02
721,1377454789,22.03
721,1377454794,22.03
721,1377454799,22.02
721,1377454804,22.03
721,1377454809,22.02
721,1377454814,22.03
721,1377454819,22.03
721,1377454824,22.02
721,1377454829,22.03
721,1377454834,22.03
721,1377454839,22.04
721,1377454844,22.03
721,1377454849,22.02
721,1377454854,22.02
721,1377454859,22.02
721,1377454864,22.04
721,1377454869,22.02
721,1377454874,22.02
721,1377454879,22.03
721,1377454884,22.03
721,1377454889,22.04
721,1377454894,22.03
721,1377454899,22.03
721,1377454904,22.03
721,1377454909,22.03
721,1377454914,22.04
721,1377454919,22.04
721,1377454924,22.02
721,1377454929,22.03
721,1377454934,22.02
721,1377454939,22.03
721,1377454944,22.04
721,1377454949,22.04
721,1377454954,22.04
721,1377454959,22.03
721,1377454964,22.03
721,1377454969,22.02
721,1377454974,22.04
721,1377454979,22.03
721,1377454984,22.04
721,1377454989,22.03
721,1377454994,22.04
721,1377454999,22.03
721,1377455004,22.02
721,1377455009,22.04
721,1377455014,22.04
721,1377455019,22.03
721,1377455024,22.04
721,1377455029,22.03
721,1377455034,22.02
721,1377455039,22.02
721,1377455044,22.04
721,1377455049,22.04
721,1377455054,22.04
721,1377455059,22.04
721,1377455064,22.04
721,1377455069,22.02
721,1377455074,22.04
721,1377455079,22.03
721,1377455084,22.03
721,1377455089,22.03
721,1377455094,22.03
721,1377455099,22.04
721,1377455104,22.04
721,1377455109,22.03
721,1377455114,22.03
721,1377455119,22.04
721,1377455124,22.04
721,1377455129,22.04
721,1377455134,22.03
721,1377455139,22.04
721,1377455144,22.04
721,1377455149,22.04
721,1377455154,22.05
721,1377455159,22.04
721,1377455164,22.04
721,1377455169,22.04
721,1377455174,22.04
721,1377455179,22.04
721,1377455184,22.04
721,1377455189,22.04
721,1377455194,22.04
721,1377455199,22.04
721,1377455204,22.04
721,1377455209,22.05
721,1377455214,22.04
721,1377455219,22.04
721,1377455224,22.04
721,1377455229,22.04
721,1377455234,22.04
721,1377455239,22.04
721,1377455244,22.04
721,1377455249,22.04
721,1377455254,22.04
721,1377455259,22.04
721,1377455264,22.05
721,1377455269,22.04
721,1377455274,22.04
721,1377455279,22.04
721,1377455284,22.04
721,1377455289,22.04
721,1377455294,22.04
721,1377455299,22.03
721,1377455304,22.05
721,1377455309,22.04
721,1377455314,22.05
721,1377455319,22.05
721,1377455324,22.04
721,1377455329,22.05
721,1377455334,22.06
721,1377455339,22.05
721,1377455344,22.03
721,1377455349,22.04
721,1377455354,22.05
721,1377455359,22.04
721,1377455364,22.04
721,1377455369,22.04
721,1377455374,22.05
721,1377455379,22.03
721,1377455384,22.05
721,1377455389,22.06
721,1377455394,22.06
721,1377455399,22.05
721,1377455404,22.04
721,1377455409,22.05
721,1377455414,22.05
721,1377455419,22.04
721,1377455424,22.05
721,1377455429,22.05
721,1377455434,22.06
721,1377455439,22.05
721,1377455444,22.05
721,1377455449,22.05
721,1377455454,22.05
721,1377455459,22.05
721,1377455464,22.05
721,1377455469,22.05
721,1377455474,22.06
721,1377455479,22.06
721,1377455484,22.06
721,1377455489,22.06
721,1377455494,22.06
721,1377455499,22.07
721,1377455504,22.06
721,1377455509,22.07
721,1377455514,22.06
721,1377455519,22.05
721,1377455524,22.06
721,1377455529,22.06
721,1377455534,22.06
721,1377455539,22.06
721,1377455544,22.06
721,1377455549,22.06
721,1377455554,22.07
721,1377455559,22.06
721,1377455564,22.06
721,1377455569,22.07
721,1377455574,22.05
721,1377455579,22.05
721,1377455584,22.06
721,1377455589,22.06
721,1377455594,22.05
721,1377455599,22.06
721,1377455604,22.05
721,1377455609,22.07
721,1377455614,22.06
721,1377455619,22.06
721,1377455624,22.06
721,1377455629,22.06
721,1377455634,22.06
721,1377455639,22.07
721,1377455644,22.06
721,1377455649,22.06
721,1377455654,22.06
721,1377455659,22.06
721,1377455664,22.06
721,1377455669,22.06
721,1377455674,22.06
721,1377455679,22.07
721,1377455684,22.07
721,1377455689,22.06
721,1377455694,22.06
721,1377455699,22.08
721,1377455704,22.07
721,1377455709,22.06
721,1377455714,22.06
721,1377455719,22.06
721,1377455724,22.07
721,1377455729,22.07
721,1377455734,22.06
721,1377455739,22.06
721,1377455744,22.07
721,1377455749,22.06
721,1377455754,22.07
721,1377455759,22.07
721,1377455764,22.07
721,1377455769,22.07
721,1377455774,22.07
721,1377455779,22.07
721,1377455784,22.07
721,1377455789,22.07
721,1377455794,22.08
721,1377455799,22.08
721,1377455804,22.07
721,1377455809,22.06
721,1377455814,22.08
721,1377455819,22.08
721,1377455824,22.06
721,1377455829,22.06
721,1377455834,22.07
721,1377455839,22.08
721,1377455844,22.05
721,1377455849,22.07
721,1377455854,22.06
721,1377455859,22.06
721,1377455864,22.07
721,1377455869,22.07
721,1377455874,22.07
721,1377455879,22.07
721,1377455884,22.09
721,1377455889,22.06
721,1377455894,22.08
721,1377455899,22.07
721,1377455904,22.08
721,1377455909,22.07
721,1377455914,22.07
721,1377455919,22.08
721,1377455924,22.07
721,1377455929,22.08
721,1377455934,22.08
721,1377455939,22.08
721,1377455944,22.08
721,1377455949,22.08
721,1377455954,22.08
721,1377455959,22.08
721,1377455964,22.08
721,1377455969,22.08
721,1377455974,22.08
721,1377455979,22.08
721,1377455984,22.07
721,1377455989,22.08
721,1377455994,22.08
721,1377455999,22.08
721,1377456004,22.09
721,1377456009,22.08
721,1377456014,22.09
721,1377456019,22.08
721,1377456024,22.08
721,1377456029,22.08
721,1377456034,22.08
721,1377456039,22.08
721,1377456044,22.09
721,1377456049,22.07
721,1377456054,22.08
721,1377456059,22.08
721,1377456064,22.09
721,1377456069,22.09
721,1377456074,22.09
721,1377456079,22.09
721,1377456084,22.08
721,1377456089,22.1
721,1377456094,22.1
721,1377456099,22.09
721,1377456104,22.09
721,1377456109,22.1
721,1377456114,22.08
721,1377456119,22.1
721,1377456124,22.09
721,1377456129,22.09
721,1377456134,22.09
721,1377456139,22.09
721,1377456144,22.09
721,1377456149,22.1
721,1377456154,22.09
721,1377456159,22.09
721,1377456164,22.1
721,1377456169,22.09
721,1377456174,22.08
721,1377456178,22.09
721,1377456184,22.08
721,1377456189,22.08
721,1377456194,22.1
721,1377456199,22.1
721,1377456204,22.09
721,1377456208,22.09
721,1377456214,22.08
721,1377456219,22.09
721,1377456224,22.1
721,1377456229,22.1
721,1377456236,22.09
721,1377456239,22.09
721,1377456244,22.09
721,1377456249,22.09
721,1377456254,22.1
721,1377456259,22.1
721,1377456264,22.1
721,1377456269,22.09
721,1377456274,22.1
721,1377456279,22.09
721,1377456284,22.08
721,1377456289,22.09
721,1377456294,22.08
721,1377456299,22.1
721,1377456304,22.1
721,1377456309,22.09
721,1377456314,22.09
721,1377456319,22.09
721,1377456324,22.09
721,1377456329,22.1
721,1377456334,22.1
721,1377456339,22.1
721,1377456344,22.11
721,1377456349,22.1
721,1377456354,22.1
721,1377456358,22.1
721,1377456364,22.09
721,1377456369,22.1
721,1377456373,22.09
721,1377456379,22.1
721,1377456384,22.1
721,1377456389,22.1
721,1377456394,22.11
721,1377456399,22.1
721,1377456403,22.1
721,1377456408,22.1
721,1377456414,22.1
721,1377456419,22.1
721,1377456424,22.11
721,1377456429,22.11
721,1377456434,22.11
721,1377456438,22.1
721,1377456444,22.09
721,1377456448,22.1
721,1377456453,22.1
721,1377456459,22.1
721,1377456464,22.11
721,1377456469,22.1
721,1377456474,22.1
721,1377456479,22.11
721,1377456483,22.09
721,1377456488,22.1
721,1377456494,22.12
721,1377456499,22.1
721,1377456504,22.11
721,1377456509,22.12
721,1377456514,22.1
721,1377456519,22.11
721,1377456523,22.1
721,1377456529,22.12
721,1377456534,22.11
721,1377456539,22.1
721,1377456543,22.1
721,1377456548,22.1
721,1377456554,22.1
721,1377456559,22.1
721,1377456564,22.11
721,1377456568,22.1
721,1377456573,22.1
721,1377456578,22.1
721,1377456584,22.11
721,1377456589,22.12
721,1377456594,22.12
721,1377456598,22.11
721,1377456603,22.12
721,1377456608,22.1
721,1377456613,22.1
721,1377456618,22.1
721,1377456624,22.11
721,1377456629,22.1
721,1377456634,22.1
721,1377456638,22.11
721,1377456644,22.1
721,1377456649,22.11
721,1377456654,22.1
721,1377456658,22.11
721,1377456663,22.1
721,1377456669,22.12
721,1377456674,22.12
721,1377456679,22.1
721,1377456683,22.11
721,1377456688,22.11
721,1377456693,22.11
721,1377456698,22.12
721,1377456703,22.11
721,1377456709,22.11
721,1377456714,22.11
721,1377456718,22.11
721,1377456724,22.12
721,1377456728,22.11
721,1377456733,22.11
721,1377456738,22.12
721,1377456743,22.12
721,1377456748,22.11
721,1377456753,22.12
721,1377456758,22.12
721,1377456764,22.12
721,1377456768,22.12
721,1377456773,22.13
721,1377456778,22.11
721,1377456783,22.12
721,1377456788,22.11
721,1377456793,22.12
721,1377456798,22.12
721,1377456803,22.11
721,1377456808,22.12
721,1377456813,22.13
721,1377456818,22.11
721,1377456823,22.12
721,1377456828,22.13
721,1377456833,22.12
721,1377456838,22.12
721,1377456843,22.13
721,1377456849,22.11
721,1377456853,22.12
721,1377456858,22.12
721,1377456863,22.12
721,1377456868,22.12
721,1377456873,22.12
721,1377456878,22.12
721,1377456883,22.12
721,1377456888,22.12
721,1377456893,22.12
721,1377456898,22.12
721,1377456903,22.11
721,1377456908,22.13
721,1377456914,22.12
721,1377456918,22.12
721,1377456923,22.13
721,1377456928,22.12
721,1377456933,22.12
721,1377456938,22.12
721,1377456943,22.13
721,1377456948,22.12
721,1377456953,22.13
721,1377456958,22.13
721,1377456963,22.12
721,1377456968,22.11
721,1377456974,22.13
721,1377456978,22.11
721,1377456983,22.13
721,1377456988,22.12
721,1377456994,22.12
721,1377456998,22.13
721,1377457003,22.14
721,1377457008,22.13
721,1377457013,22.12
721,1377457018,22.13
721,1377457023,22.12
721,1377457028,22.13
721,1377457033,22.13
721,1377457038,22.12
721,1377457043,22.14
721,1377457048,22.14
721,1377457054,22.13
721,1377457058,22.13
721,1377457063,22.13
721,1377457068,22.12
721,1377457073,22.12
721,1377457078,22.14
721,1377457084,22.13
721,1377457088,22.12
721,1377457093,22.13
721,1377457098,22.13
721,1377457103,22.13
721,1377457108,22.13
721,1377457113,22.13
721,1377457118,22.13
721,1377457123,22.13
721,1377457128,22.13
721,1377457133,22.13
721,1377457138,22.13
721,1377457143,22.14
721,1377457148,22.12
721,1377457153,22.14
721,1377457158,22.12
721,1377457163,22.12
721,1377457168,22.13
721,1377457173,22.13
721,1377457178,22.14
721,1377457183,22.13
721,1377457188,22.13
721,1377457193,22.14
721,1377457198,22.13
721,1377457203,22.13
721,1377457208,22.13
721,1377457213,22.14
721,1377457218,22.14
721,1377457223,22.13
721,1377457228,22.13
721,1377457233,22.14
721,1377457238,22.14
721,1377457243,22.14
721,1377457248,22.14
721,1377457253,22.14
721,1377457258,22.14
721,1377457263,22.14
721,1377457268,22.13
721,1377457273,22.13
721,1377457278,22.14
721,1377457283,22.13
721,1377457288,22.14
721,1377457293,22.14
721,1377457298,22.14
721,1377457303,22.12
721,1377457308,22.14
721,1377457313,22.13
721,1377457318,22.14
721,1377457323,22.13
721,1377457328,22.14
721,1377457333,22.14
721,1377457338,22.14
721,1377457343,22.14
721,1377457348,22.16
721,1377457353,22.14
721,1377457358,22.14
721,1377457363,22.14
721,1377457368,22.14
721,1377457373,22.15
721,1377457378,22.14
721,1377457383,22.14
721,1377457388,22.14
721,1377457393,22.16
721,1377457398,22.14
721,1377457403,22.15
721,1377457408,22.15
721,1377457413,22.14
721,1377457418,22.16
721,1377457423,22.14
721,1377457428,22.15
721,1377457433,22.14
721,1377457438,22.14
721,1377457443,22.14
721,1377457448,22.15
721,1377457453,22.14
721,1377457458,22.16
721,1377457463,22.15
721,1377457468,22.15
721,1377457473,22.14
721,1377457478,22.14
721,1377457483,22.15
721,1377457488,22.14
721,1377457493,22.15
721,1377457498,22.16
721,1377457503,22.15
721,1377457508,22.14
721,1377457513,22.14
721,1377457518,22.14
721,1377457523,22.14
721,1377457528,22.16
721,1377457533,22.14
721,1377457538,22.14
721,1377457543,22.16
721,1377457548,22.16
721,1377457553,22.15
721,1377457558,22.15
721,1377457563,22.14
721,1377457568,22.16
721,1377457573,22.16
721,1377457578,22.15
721,1377457583,22.16
721,1377457588,22.15
721,1377457593,22.15
721,1377457598,22.14
721,1377457603,22.16
721,1377457608,22.16
721,1377457613,22.15
721,1377457618,22.14
721,1377457623,22.16
721,1377457628,22.16
721,1377457633,22.16
721,1377457638,22.15
721,1377457643,22.17
721,1377457648,22.15
721,1377457653,22.14
721,1377457658,22.16
721,1377457663,22.16
721,1377457668,22.16
721,1377457673,22.16
721,1377457678,22.16
721,1377457683,22.16
721,1377457688,22.17
721,1377457693,22.17
721,1377457698,22.16
721,1377457703,22.16
721,1377457708,22.16
721,1377457713,22.16
721,1377457718,22.16
721,1377457723,22.17
721,1377457728,22.17
721,1377457733,22.16
721,1377457738,22.16
721,1377457743,22.15
721,1377457748,22.16
721,1377457753,22.16
721,1377457758,22.16
721,1377457763,22.16
721,1377457768,22.16
721,1377457773,22.16
721,1377457778,22.16
721,1377457783,22.17
721,1377457788,22.16
721,1377457793,22.16
721,1377457798,22.17
721,1377457803,22.16
721,1377457808,22.17
721,1377457813,22.16
721,1377457818,22.17
721,1377457823,22.17
721,1377457828,22.17
721,1377457833,22.16
721,1377457838,22.17
721,1377457843,22.16
721,1377457848,22.16
721,1377457853,22.17
721,1377457858,22.17
721,1377457863,22.17
721,1377457868,22.17
721,1377457873,22.16
721,1377457878,22.17
721,1377457883,22.16
721,1377457888,22.16
721,1377457893,22.17
721,1377457898,22.18
721,1377457903,22.17
721,1377457908,22.16
721,1377457913,22.17
721,1377457918,22.16
721,1377457923,22.18
721,1377457928,22.18
721,1377457933,22.17
721,1377457938,22.17
721,1377457943,22.16
721,1377457948,22.17
721,1377457953,22.17
721,1377457958,22.17
721,1377457963,22.17
721,1377457968,22.17
721,1377457973,22.17
721,1377457978,22.18
721,1377457983,22.16
721,1377457988,22.17
721,1377457993,22.17
721,1377457998,22.16
721,1377458003,22.17
721,1377458008,22.17
721,1377458013,22.17
721,1377458018,22.18
721,1377458023,22.17
721,1377458028,22.16
721,1377458033,22.17
721,1377458038,22.16
721,1377458043,22.18
721,1377458048,22.18
721,1377458053,22.17
721,1377458058,22.17
721,1377458063,22.17
721,1377458068,22.16
721,1377458073,22.18
721,1377458078,22.18
721,1377458083,22.18
721,1377458088,22.18
721,1377458093,22.18
721,1377458098,22.17
721,1377458103,22.18
721,1377458108,22.18
721,1377458113,22.17
721,1377458118,22.18
721,1377458123,22.18
721,1377458128,22.18
721,1377458133,22.18
721,1377458138,22.18
721,1377458143,22.17
721,1377458148,22.18
721,1377458153,22.18
721,1377458158,22.19
721,1377458163,22.18
721,1377458168,22.19
721,1377458173,22.18
721,1377458178,22.18
721,1377458183,22.18
721,1377458188,22.19
721,1377458193,22.17
721,1377458198,22.18
721,1377458203,22.17
721,1377458208,22.18
721,1377458213,22.18
721,1377458218,22.17
721,1377458223,22.18
721,1377458228,22.17
721,1377458233,22.18
721,1377458238,22.18
721,1377458243,22.18
721,1377458248,22.18
721,1377458253,22.17
721,1377458258,22.18
721,1377458263,22.18
721,1377458268,22.18
721,1377458273,22.18
721,1377458278,22.19
721,1377458283,22.18
721,1377458288,22.19
721,1377458293,22.19
721,1377458298,22.18
721,1377458303,22.18
721,1377458308,22.18
721,1377458313,22.19
721,1377458318,22.18
721,1377458323,22.19
721,1377458328,22.18
721,1377458333,22.18
721,1377458338,22.19
721,1377458343,22.18
721,1377458348,22.2
721,1377458353,22.19
721,1377458358,22.2
721,1377458363,22.19
721,1377458368,22.19
721,1377458373,22.18
721,1377458378,22.18
721,1377458383,22.2
721,1377458388,22.2
721,1377458393,22.19
721,1377458398,22.2
721,1377458403,22.18
721,1377458408,22.17
721,1377458413,22.18
721,1377458418,22.18
721,1377458423,22.19
721,1377458428,22.19
721,1377458433,22.19
721,1377458438,22.19
721,1377458443,22.18
721,1377458448,22.18
721,1377458453,22.19
721,1377458458,22.18
721,1377458463,22.2
721,1377458468,22.18
721,1377458473,22.19
721,1377458478,22.18
721,1377458483,22.19
721,1377458488,22.18
721,1377458493,22.19
721,1377458498,22.19
721,1377458503,22.19
721,1377458508,22.19
721,1377458513,22.2
721,1377458518,22.19
721,1377458523,22.19
721,1377458528,22.2
721,1377458533,22.19
721,1377458538,22.19
721,1377458543,22.2
721,1377458548,22.2
721,1377458553,22.2
721,1377458558,22.19
721,1377458563,22.2
721,1377458568,22.2
721,1377458573,22.2
721,1377458578,22.2
721,1377458583,22.2
721,1377458588,22.19
721,1377458593,22.2
721,1377458598,22.2
721,1377458603,22.21
721,1377458608,22.19
721,1377458613,22.2
721,1377458618,22.2
721,1377458623,22.2
721,1377458628,22.2
721,1377458633,22.2
721,1377458638,22.2
721,1377458643,22.2
721,1377458648,22.2
721,1377458653,22.2
721,1377458658,22.2
721,1377458663,22.2
721,1377458668,22.2
721,1377458673,22.21
721,1377458678,22.19
721,1377458683,22.19
721,1377458688,22.2
721,1377458693,22.2
721,1377458698,22.2
721,1377458703,22.2
721,1377458708,22.21
721,1377458713,22.2
721,1377458718,22.2
721,1377458723,22.19
721,1377458728,22.2
721,1377458733,22.2
721,1377458738,22.2
721,1377458743,22.2
721,1377458748,22.2
721,1377458753,22.2
721,1377458758,22.2
721,1377458763,22.2
721,1377458768,22.21
721,1377458773,22.2
721,1377458778,22.2
721,1377458783,22.2
721,1377458788,22.21
721,1377458793,22.21
721,1377458798,22.21
721,1377458803,22.2
721,1377458808,22.2
721,1377458813,22.22
721,1377458818,22.22
721,1377458823,22.21
721,1377458828,22.21
721,1377458833,22.21
721,1377458838,22.21
721,1377458843,22.21
721,1377458848,22.21
721,1377458853,22.21
721,1377458858,22.21
721,1377458863,22.21
721,1377458868,22.21
721,1377458873,22.21
721,1377458878,22.21
721,1377458883,22.21
721,1377458888,22.2
721,1377458893,22.21
721,1377458898,22.21
721,1377458903,22.21
721,1377458908,22.21
721,1377458913,22.21
721,1377458918,22.21
721,1377458923,22.2
721,1377458928,22.2
721,1377458933,22.21
721,1377458938,22.2
721,1377458943,22.21
721,1377458948,22.22
721,1377458953,22.22
721,1377458958,22.21
721,1377458963,22.21
721,1377458968,22.22
721,1377458973,22.22
721,1377458978,22.22
721,1377458983,22.22
721,1377458988,22.22
721,1377458993,22.22
721,1377458998,22.22
721,1377459003,22.22
721,1377459008,22.22
721,1377459013,22.22
721,1377459018,22.23
721,1377459023,22.21
721,1377459028,22.22
721,1377459033,22.22
721,1377459038,22.22
721,1377459043,22.22
721,1377459048,22.21
721,1377459053,22.22
721,1377459058,22.22
721,1377459063,22.22
721,1377459068,22.21
721,1377459073,22.22
721,1377459078,22.21
721,1377459083,22.21
721,1377459088,22.21
721,1377459093,22.22
721,1377459098,22.22
721,1377459103,22.22
721,1377459108,22.22
721,1377459113,22.22
721,1377459118,22.22
721,1377459123,22.23
721,1377459128,22.22
721,1377459133,22.22
721,1377459138,22.22
721,1377459143,22.22
721,1377459148,22.22
721,1377459153,22.22
721,1377459158,22.22
721,1377459163,22.23
721,1377459168,22.22
721,1377459173,22.22
721,1377459178,22.21
721,1377459183,22.22
721,1377459188,22.23
721,1377459193,22.23
721,1377459198,22.24
721,1377459203,22.23
721,1377459208,22.22
721,1377459213,22.23
721,1377459218,22.22
721,1377459223,22.22
721,1377459228,22.22
721,1377459233,22.22
721,1377459238,22.23
721,1377459243,22.23
721,1377459248,22.23
721,1377459253,22.23
721,1377459258,22.22
721,1377459263,22.23
721,1377459269,22.21
721,1377459273,22.22
721,1377459278,22.22
721,1377459283,22.22
721,1377459288,22.22
721,1377459293,22.22
721,1377459298,22.22
721,1377459303,22.23
721,1377459308,22.22
721,1377459313,22.22
721,1377459318,22.22
721,1377459323,22.22
721,1377459328,22.23
721,1377459333,22.22
721,1377459338,22.23
721,1377459343,22.22
721,1377459348,22.22
721,1377459353,22.22
721,1377459358,22.23
721,1377459363,22.23
721,1377459368,22.23
721,1377459373,22.21
721,1377459378,22.23
721,1377459383,22.22
721,1377459388,22.22
721,1377459393,22.23
721,1377459398,22.22
721,1377459403,22.23
721,1377459408,22.23
721,1377459413,22.23
721,1377459418,22.23
721,1377459423,22.22
721,1377459428,22.23
721,1377459433,22.24
721,1377459438,22.23
721,1377459443,22.23
721,1377459448,22.22
721,1377459453,22.22
721,1377459458,22.24
721,1377459463,22.23
721,1377459468,22.23
721,1377459473,22.23
721,1377459478,22.22
721,1377459483,22.23
721,1377459488,22.23
721,1377459493,22.23
721,1377459498,22.23
721,1377459503,22.24
721,1377459508,22.24
721,1377459513,22.23
721,1377459518,22.23
721,1377459523,22.23
721,1377459528,22.23
721,1377459533,22.23
721,1377459538,22.23
721,1377459543,22.23
721,1377459548,22.23
721,1377459553,22.22
721,1377459558,22.24
721,1377459563,22.24
721,1377459568,22.22
721,1377459573,22.23
721,1377459578,22.23
721,1377459583,22.24
721,1377459588,22.23
721,1377459593,22.23
721,1377459598,22.23
721,1377459603,22.23
721,1377459608,22.23
721,1377459613,22.24
721,1377459618,22.23
721,1377459623,22.23
721,1377459628,22.23
721,1377459633,22.23
721,1377459638,22.24
721,1377459643,22.24
721,1377459648,22.24
721,1377459653,22.23
721,1377459658,22.24
721,1377459663,22.26
721,1377459668,22.24
721,1377459673,22.25
721,1377459678,22.24
721,1377459683,22.23
721,1377459688,22.23
721,1377459693,22.24
721,1377459698,22.24
721,1377459703,22.23
721,1377459708,22.24
721,1377459713,22.26
721,1377459718,22.24
721,1377459723,22.24
721,1377459728,22.24
721,1377459733,22.23
721,1377459738,22.25
721,1377459743,22.24
721,1377459748,22.24
721,1377459753,22.24
721,1377459758,22.24
721,1377459763,22.24
721,1377459768,22.24
721,1377459773,22.24
721,1377459778,22.24
721,1377459783,22.24
721,1377459788,22.23
721,1377459793,22.24
721,1377459798,22.24
721,1377459803,22.25
721,1377459808,22.24
721,1377459813,22.24
721,1377459818,22.26
721,1377459823,22.24
721,1377459828,22.24
721,1377459833,22.24
721,1377459838,22.25
721,1377459843,22.26
721,1377459848,22.24
721,1377459853,22.25
721,1377459858,22.25
721,1377459863,22.26
721,1377459868,22.24
721,1377459873,22.25
721,1377459878,22.25
721,1377459883,22.24
721,1377459888,22.25
721,1377459893,22.25
721,1377459898,22.25
721,1377459903,22.25
721,1377459908,22.25
721,1377459913,22.25
721,1377459918,22.25
721,1377459923,22.24
721,1377459928,22.24
721,1377459933,22.25
721,1377459938,22.25
721,1377459943,22.26
721,1377459948,22.24
721,1377459953,22.26
721,1377459958,22.25
721,1377459963,22.25
721,1377459968,22.24
721,1377459973,22.26
721,1377459978,22.25
721,1377459983,22.26
721,1377459988,22.25
721,1377459993,22.25
721,1377459998,22.25
721,1377460003,22.25
721,1377460008,22.25
721,1377460013,22.25
721,1377460018,22.24
721,1377460023,22.25
721,1377460028,22.24
721,1377460033,22.26
721,1377460038,22.24
721,1377460043,22.25
721,1377460048,22.26
721,1377460053,22.27
721,1377460058,22.26
721,1377460063,22.24
721,1377460068,22.26
721,1377460073,22.26
721,1377460078,22.26
721,1377460083,22.26
721,1377460088,22.26
721,1377460093,22.26
721,1377460098,22.24
721,1377460103,22.26
721,1377460108,22.26
721,1377460113,22.26
721,1377460118,22.26
721,1377460123,22.27
721,1377460128,22.26
721,1377460133,22.26
721,1377460138,22.27
721,1377460143,22.26
721,1377460148,22.25
721,1377460153,22.26
721,1377460158,22.26
721,1377460163,22.26
721,1377460168,22.25
721,1377460173,22.26
721,1377460178,22.26
721,1377460183,22.26
721,1377460188,22.26
721,1377460193,22.26
721,1377460198,22.26
721,1377460203,22.26
721,1377460208,22.27
721,1377460213,22.26
721,1377460218,22.27
721,1377460223,22.27
721,1377460228,22.27
721,1377460233,22.27
721,1377460238,22.28
721,1377460243,22.26
721,1377460248,22.27
721,1377460253,22.27
721,1377460258,22.27
721,1377460263,22.27
721,1377460268,22.27
721,1377460273,22.28
721,1377460278,22.27
721,1377460283,22.27
721,1377460288,22.28
721,1377460293,22.27
721,1377460298,22.27
721,1377460303,22.26
721,1377460308,22.27
721,1377460313,22.28
721,1377460318,22.27
721,1377460323,22.28
721,1377460328,22.28
721,1377460333,22.27
721,1377460338,22.28
721,1377460343,22.27
721,1377460348,22.27
721,1377460353,22.28
721,1377460358,22.27
721,1377460363,22.27
721,1377460368,22.26
721,1377460373,22.28
721,1377460378,22.27
721,1377460383,22.28
721,1377460388,22.26
721,1377460393,22.28
721,1377460398,22.28
721,1377460403,22.28
721,1377460408,22.28
721,1377460413,22.28
721,1377460418,22.27
721,1377460423,22.27
721,1377460428,22.28
721,1377460433,22.27
721,1377460438,22.27
721,1377460443,22.29
721,1377460448,22.29
721,1377460453,22.28
721,1377460458,22.28
721,1377460463,22.28
721,1377460470,22.28
721,1377460473,22.28
721,1377460478,22.28
721,1377460483,22.27
721,1377460488,22.28
721,1377460493,22.27
721,1377460498,22.28
721,1377460503,22.28
721,1377460508,22.28
721,1377460513,22.28
721,1377460518,22.28
721,1377460523,22.28
721,1377460528,22.28
721,1377460533,22.28
721,1377460538,22.28
721,1377460543,22.27
721,1377460548,22.28
721,1377460553,22.28
721,1377460558,22.28
721,1377460563,22.29
721,1377460568,22.28
721,1377460573,22.28
721,1377460578,22.29
721,1377460583,22.29
721,1377460588,22.28
721,1377460593,22.29
721,1377460598,22.28
721,1377460603,22.3
721,1377460608,22.28
721,1377460613,22.29
721,1377460618,22.28
721,1377460623,22.28
721,1377460628,22.28
721,1377460633,22.28
721,1377460638,22.28
721,1377460643,22.28
721,1377460648,22.28
721,1377460653,22.28
721,1377460658,22.27
721,1377460663,22.28
721,1377460668,22.28
721,1377460673,22.28
721,1377460678,22.28
721,1377460683,22.28
721,1377460688,22.29
721,1377460693,22.28
721,1377460698,22.28
721,1377460703,22.29
721,1377460708,22.28
721,1377460713,22.28
721,1377460718,22.28
721,1377460723,22.28
721,1377460728,22.29
721,1377460733,22.29
721,1377460738,22.29
721,1377460743,22.29
721,1377460748,22.29
721,1377460753,22.29
721,1377460758,22.29
721,1377460763,22.3
721,1377460768,22.3
721,1377460773,22.29
721,1377460778,22.29
721,1377460783,22.29
721,1377460788,22.28
721,1377460793,22.3
721,1377460798,22.3
721,1377460803,22.3
721,1377460808,22.29
721,1377460813,22.29
721,1377460818,22.29
721,1377460823,22.3
721,1377460828,22.29
721,1377460833,22.29
721,1377460838,22.29
721,1377460843,22.29
721,1377460848,22.29
721,1377460853,22.28
721,1377460858,22.28
721,1377460863,22.29
721,1377460868,22.29
721,1377460873,22.29
721,1377460878,22.29
721,1377460883,22.29
721,1377460888,22.29
721,1377460893,22.29
721,1377460898,22.3
721,1377460903,22.3
721,1377460908,22.29
721,1377460913,22.3
721,1377460918,22.29
721,1377460923,22.29
721,1377460928,22.3
721,1377460933,22.3
721,1377460938,22.3
721,1377460943,22.3
721,1377460948,22.3
721,1377460953,22.29
721,1377460958,22.3
721,1377460963,22.29
721,1377460968,22.28
721,1377460973,22.28
721,1377460978,22.3
721,1377460983,22.3
721,1377460988,22.3
721,1377460993,22.28
721,1377460998,22.28
721,1377461003,22.28
721,1377461008,22.3
721,1377461013,22.29
721,1377461018,22.3
721,1377461023,22.3
721,1377461028,22.31
721,1377461033,22.29
721,1377461038,22.3
721,1377461043,22.3
721,1377461048,22.3
721,1377461053,22.3
721,1377461058,22.3
721,1377461063,22.31
721,1377461068,22.3
721,1377461073,22.31
721,1377461078,22.3
721,1377461083,22.3
721,1377461088,22.3
721,1377461093,22.3
721,1377461098,22.29
721,1377461103,22.3
721,1377461108,22.31
721,1377461113,22.3
721,1377461118,22.3
721,1377461123,22.3
721,1377461128,22.31
721,1377461133,22.31
721,1377461138,22.31
721,1377461143,22.32
721,1377461148,22.3
721,1377461153,22.3
721,1377461158,22.3
721,1377461163,22.31
721,1377461168,22.32
721,1377461173,22.31
721,1377461178,22.31
721,1377461183,22.31
721,1377461188,22.31
721,1377461193,22.31
721,1377461198,22.3
721,1377461203,22.31
721,1377461208,22.3
721,1377461213,22.31
721,1377461218,22.3
721,1377461223,22.31
721,1377461228,22.3
721,1377461233,22.31
721,1377461238,22.31
721,1377461243,22.3
721,1377461248,22.31
721,1377461253,22.31
721,1377461258,22.32
721,1377461263,22.3
721,1377461268,22.3
721,1377461273,22.31
721,1377461278,22.32
721,1377461283,22.31
721,1377461288,22.31
721,1377461293,22.31
721,1377461298,22.3
721,1377461303,22.31
721,1377461308,22.31
721,1377461313,22.31
721,1377461318,22.32
721,1377461323,22.3
721,1377461330,22.3
721,1377461333,22.32
721,1377461338,22.32
721,1377461343,22.31
721,1377461348,22.32
721,1377461353,22.32
721,1377461358,22.31
721,1377461363,22.32
721,1377461368,22.32
721,1377461373,22.31
721,1377461378,22.31
721,1377461383,22.31
721,1377461388,22.31
721,1377461393,22.32
721,1377461398,22.32
721,1377461403,22.31
721,1377461408,22.31
721,1377461413,22.32
721,1377461418,22.31
721,1377461423,22.32
721,1377461428,22.3
721,1377461433,22.31
721,1377461438,22.32
721,1377461443,22.32
721,1377461448,22.32
721,1377461453,22.31
721,1377461458,22.32
721,1377461463,22.32
721,1377461468,22.32
721,1377461473,22.32
721,1377461478,22.32
721,1377461483,22.32
721,1377461488,22.33
721,1377461493,22.33
721,1377461498,22.32
721,1377461503,22.31
721,1377461508,22.32
721,1377461513,22.32
721,1377461518,22.32
721,1377461523,22.32
721,1377461528,22.32
721,1377461533,22.32
721,1377461538,22.33
721,1377461543,22.32
721,1377461548,22.33
721,1377461553,22.32
721,1377461558,22.32
721,1377461563,22.32
721,1377461568,22.32
721,1377461573,22.32
721,1377461578,22.32
721,1377461583,22.32
721,1377461588,22.32
721,1377461593,22.32
721,1377461598,22.32
721,1377461603,22.32
721,1377461608,22.32
721,1377461613,22.32
721,1377461618,22.33
721,1377461623,22.32
721,1377461628,22.32
721,1377461633,22.32
721,1377461638,22.32
721,1377461643,22.33
721,1377461648,22.33
721,1377461653,22.32
721,1377461658,22.32
721,1377461663,22.32
721,1377461668,22.32
721,1377461673,22.33
721,1377461678,22.33
721,1377461683,22.32
721,1377461688,22.32
721,1377461693,22.33
721,1377461698,22.33
721,1377461703,22.33
721,1377461708,22.32
721,1377461713,22.32
721,1377461718,22.32
721,1377461723,22.31
721,1377461728,22.34
721,1377461733,22.34
721,1377461738,22.33
721,1377461743,22.34
721,1377461748,22.32
721,1377461753,22.32
721,1377461758,22.33
721,1377461763,22.33
721,1377461768,22.34
721,1377461773,22.32
721,1377461778,22.33
721,1377461783,22.33
721,1377461788,22.33
721,1377461793,22.33
721,1377461798,22.33
721,1377461803,22.34
721,1377461808,22.33
721,1377461813,22.33
721,1377461818,22.33
721,1377461823,22.33
721,1377461828,22.32
721,1377461833,22.34
721,1377461838,22.34
721,1377461843,22.33
721,1377461848,22.32
721,1377461853,22.33
721,1377461858,22.33
721,1377461863,22.34
721,1377461868,22.33
721,1377461873,22.34
721,1377461878,22.33
721,1377461883,22.33
721,1377461888,22.34
721,1377461893,22.34
721,1377461898,22.33
721,1377461903,22.34
721,1377461908,22.34
721,1377461913,22.34
721,1377461918,22.34
721,1377461923,22.34
721,1377461928,22.34
721,1377461933,22.34
721,1377461938,22.34
721,1377461943,22.34
721,1377461948,22.34
721,1377461953,22.34
721,1377461958,22.34
721,1377461963,22.34
721,1377461968,22.33
721,1377461973,22.34
721,1377461978,22.34
721,1377461983,22.34
721,1377461988,22.34
721,1377461993,22.34
721,1377461998,22.33
721,1377462003,22.35
721,1377462008,22.34
721,1377462013,22.35
721,1377462018,22.34
721,1377462023,22.33
721,1377462028,22.34
721,1377462033,22.35
721,1377462038,22.34
721,1377462043,22.34
721,1377462048,22.34
721,1377462053,22.34
721,1377462058,22.34
721,1377462063,22.34
721,1377462068,22.35
721,1377462073,22.34
721,1377462078,22.35
721,1377462083,22.34
721,1377462088,22.36
721,1377462093,22.34
721,1377462098,22.35
721,1377462103,22.35
721,1377462108,22.35
721,1377462113,22.35
721,1377462118,22.35
721,1377462123,22.34
721,1377462128,22.36
721,1377462133,22.36
721,1377462138,22.34
721,1377462143,22.36
721,1377462148,22.35
721,1377462153,22.36
721,1377462158,22.35
721,1377462163,22.34
721,1377462168,22.35
721,1377462175,22.34
721,1377462178,22.35
721,1377462183,22.35
721,1377462188,22.36
721,1377462193,22.36
721,1377462198,22.34
721,1377462203,22.36
721,1377462208,22.35
721,1377462213,22.35
721,1377462218,22.36
721,1377462223,22.36
721,1377462228,22.36
721,1377462233,22.36
721,1377462238,22.34
721,1377462243,22.35
721,1377462248,22.35
721,1377462253,22.36
721,1377462258,22.36
721,1377462263,22.36
721,1377462268,22.36
721,1377462273,22.37
721,1377462278,22.36
721,1377462283,22.36
721,1377462288,22.36
721,1377462293,22.36
721,1377462298,22.36
721,1377462303,22.35
721,1377462308,22.35
721,1377462313,22.36
721,1377462318,22.36
721,1377462323,22.36
721,1377462328,22.35
721,1377462333,22.36
721,1377462338,22.35
721,1377462343,22.36
721,1377462348,22.35
721,1377462353,22.35
721,1377462358,22.36
721,1377462363,22.36
721,1377462368,22.36
721,1377462373,22.37
721,1377462378,22.37
721,1377462383,22.36
721,1377462388,22.36
721,1377462393,22.36
721,1377462398,22.36
721,1377462403,22.37
721,1377462408,22.37
721,1377462413,22.36
721,1377462418,22.38
721,1377462423,22.37
721,1377462428,22.36
721,1377462433,22.37
721,1377462438,22.37
721,1377462443,22.36
721,1377462448,22.35
721,1377462453,22.36
721,1377462458,22.37
721,1377462463,22.35
721,1377462468,22.36
721,1377462473,22.37
721,1377462478,22.36
721,1377462483,22.36
721,1377462488,22.37
721,1377462493,22.36
721,1377462498,22.36
721,1377462503,22.37
721,1377462508,22.37
721,1377462513,22.36
721,1377462518,22.36
721,1377462523,22.37
721,1377462528,22.36
721,1377462533,22.37
721,1377462538,22.38
721,1377462543,22.38
721,1377462548,22.37
721,1377462553,22.37
721,1377462558,22.37
721,1377462563,22.36
721,1377462568,22.38
721,1377462573,22.37
721,1377462578,22.38
721,1377462583,22.37
721,1377462588,22.37
721,1377462593,22.38
721,1377462598,22.37
721,1377462603,22.38
721,1377462608,22.37
721,1377462613,22.38
721,1377462618,22.37
721,1377462623,22.37
721,1377462628,22.36
721,1377462633,22.37
721,1377462638,22.38
721,1377462643,22.37
721,1377462648,22.38
721,1377462653,22.38
721,1377462658,22.38
721,1377462663,22.38
721,1377462668,22.37
721,1377462673,22.37
721,1377462678,22.38
721,1377462683,22.38
721,1377462688,22.38
721,1377462693,22.38
721,1377462698,22.38
721,1377462703,22.38
721,1377462708,22.38
721,1377462713,22.37
721,1377462718,22.38
721,1377462723,22.38
721,1377462728,22.38
721,1377462733,22.37
721,1377462738,22.38
721,1377462743,22.38
721,1377462748,22.38
721,1377462753,22.38
721,1377462758,22.37
721,1377462763,22.37
721,1377462768,22.38
721,1377462773,22.38
721,1377462778,22.38
721,1377462783,22.38
721,1377462788,22.38
721,1377462793,22.38
721,1377462798,22.38
721,1377462803,22.38
721,1377462808,22.39
721,1377462813,22.39
721,1377462818,22.38
721,1377462823,22.38
721,1377462828,22.38
721,1377462833,22.38
721,1377462838,22.38
721,1377462843,22.38
721,1377462848,22.38
721,1377462853,22.39
721,1377462858,22.39
721,1377462863,22.38
721,1377462868,22.38
721,1377462873,22.38
721,1377462878,22.37
721,1377462883,22.39
721,1377462888,22.39
721,1377462893,22.38
721,1377462898,22.38
721,1377462903,22.38
721,1377462908,22.38
721,1377462913,22.39
721,1377462918,22.4
721,1377462923,22.4
721,1377462928,22.38
721,1377462933,22.38
721,1377462938,22.38
721,1377462943,22.38
721,1377462948,22.38
721,1377462953,22.38
721,1377462958,22.38
721,1377462963,22.38
721,1377462968,22.4
721,1377462973,22.38
721,1377462978,22.39
721,1377462983,22.39
721,1377462988,22.39
721,1377462993,22.38
721,1377462998,22.38
721,1377463003,22.39
721,1377463008,22.39
721,1377463013,22.38
721,1377463018,22.39
721,1377463023,22.38
721,1377463028,22.4
721,1377463033,22.4
721,1377463039,22.38
721,1377463043,22.38
721,1377463048,22.38
721,1377463053,22.39
721,1377463058,22.38
721,1377463063,22.38
721,1377463068,22.39
721,1377463073,22.39
721,1377463078,22.38
721,1377463083,22.38
721,1377463088,22.4
721,1377463093,22.38
721,1377463098,22.38
721,1377463103,22.4
721,1377463108,22.38
721,1377463113,22.38
721,1377463118,22.4
721,1377463123,22.38
721,1377463128,22.39
721,1377463133,22.38
721,1377463138,22.39
721,1377463143,22.39
721,1377463148,22.38
721,1377463153,22.4
721,1377463158,22.4
721,1377463163,22.4
721,1377463168,22.4
721,1377463173,22.41
721,1377463178,22.4
721,1377463183,22.4
721,1377463188,22.39
721,1377463193,22.4
721,1377463198,22.4
721,1377463203,22.39
721,1377463208,22.39
721,1377463213,22.4
721,1377463218,22.39
721,1377463223,22.39
721,1377463228,22.4
721,1377463233,22.4
721,1377463238,22.4
721,1377463243,22.39
721,1377463248,22.4
721,1377463253,22.38
721,1377463258,22.4
721,1377463263,22.4
721,1377463268,22.39
721,1377463273,22.4
721,1377463278,22.4
721,1377463283,22.39
721,1377463288,22.4
721,1377463293,22.4
721,1377463298,22.4
721,1377463303,22.39
721,1377463308,22.39
721,1377463313,22.4
721,1377463318,22.39
721,1377463323,22.4
721,1377463328,22.4
721,1377463333,22.4
721,1377463338,22.4
721,1377463343,22.39
721,1377463348,22.39
721,1377463353,22.41
721,1377463358,22.39
721,1377463363,22.4
721,1377463368,22.39
721,1377463373,22.4
721,1377463378,22.4
721,1377463383,22.39
721,1377463388,22.4
721,1377463393,22.4
721,1377463398,22.4
721,1377463403,22.39
721,1377463408,22.4
721,1377463413,22.41
721,1377463418,22.39
721,1377463423,22.39
721,1377463428,22.4
721,1377463433,22.4
721,1377463438,22.39
721,1377463443,22.4
721,1377463448,22.4
721,1377463453,22.39
721,1377463458,22.4
721,1377463463,22.4
721,1377463468,22.4
721,1377463473,22.39
721,1377463478,22.4
721,1377463483,22.4
721,1377463488,22.41
721,1377463493,22.4
721,1377463498,22.41
721,1377463503,22.4
721,1377463508,22.41
721,1377463513,22.4
721,1377463518,22.41
721,1377463523,22.4
721,1377463528,22.4
721,1377463533,22.4
721,1377463538,22.4
721,1377463543,22.4
721,1377463548,22.41
721,1377463553,22.4
721,1377463558,22.4
721,1377463563,22.4
721,1377463568,22.4
721,1377463573,22.4
721,1377463578,22.4
721,1377463583,22.4
721,1377463588,22.4
721,1377463593,22.4
721,1377463598,22.41
721,1377463603,22.4
721,1377463608,22.4
721,1377463613,22.41
721,1377463618,22.4
721,1377463623,22.4
721,1377463628,22.4
721,1377463633,22.4
721,1377463638,22.4
721,1377463643,22.4
721,1377463648,22.4
721,1377463653,22.4
721,1377463658,22.4
721,1377463663,22.4
721,1377463668,22.4
721,1377463673,22.41
721,1377463678,22.41
721,1377463683,22.41
721,1377463688,22.4
721,1377463693,22.41
721,1377463698,22.4
721,1377463703,22.41
721,1377463708,22.4
721,1377463713,22.41
721,1377463718,22.4
721,1377463723,22.41
721,1377463728,22.4
721,1377463733,22.4
721,1377463738,22.4
721,1377463743,22.41
721,1377463748,22.4
721,1377463753,22.41
721,1377463758,22.42
721,1377463763,22.4
721,1377463768,22.41
721,1377463773,22.41
721,1377463778,22.4
721,1377463783,22.41
721,1377463788,22.41
721,1377463793,22.41
721,1377463798,22.4
721,1377463803,22.41
721,1377463808,22.4
721,1377463813,22.4
721,1377463818,22.4
721,1377463823,22.41
721,1377463828,22.4
721,1377463833,22.4
721,1377463838,22.41
721,1377463843,22.42
721,1377463848,22.4
721,1377463853,22.4
721,1377463858,22.41
721,1377463863,22.4
721,1377463868,22.42
721,1377463873,22.41
721,1377463878,22.41
721,1377463883,22.41
721,1377463891,22.4
721,1377463893,22.4
721,1377463898,22.41
721,1377463903,22.41
721,1377463908,22.4
721,1377463913,22.42
721,1377463918,22.4
721,1377463923,22.41
721,1377463928,22.42
721,1377463933,22.41
721,1377463938,22.42
721,1377463943,22.42
721,1377463948,22.4
721,1377463953,22.41
721,1377463958,22.42
721,1377463963,22.42
721,1377463968,22.42
721,1377463973,22.42
721,1377463978,22.41
721,1377463983,22.42
721,1377463988,22.41
721,1377463993,22.42
721,1377463998,22.42
721,1377464003,22.42
721,1377464008,22.42
721,1377464013,22.42
721,1377464018,22.41
721,1377464023,22.41
721,1377464028,22.41
721,1377464033,22.42
721,1377464038,22.41
721,1377464043,22.41
721,1377464048,22.42
721,1377464053,22.42
721,1377464058,22.41
721,1377464063,22.42
721,1377464068,22.41
721,1377464073,22.42
721,1377464078,22.42
721,1377464083,22.42
721,1377464088,22.42
721,1377464093,22.42
721,1377464098,22.42
721,1377464103,22.42
721,1377464108,22.42
721,1377464113,22.42
721,1377464118,22.42
721,1377464123,22.43
721,1377464128,22.42
721,1377464133,22.42
721,1377464138,22.42
721,1377464143,22.42
721,1377464148,22.42
721,1377464153,22.42
721,1377464158,22.41
721,1377464163,22.42
721,1377464168,22.42
721,1377464173,22.42
721,1377464178,22.42
721,1377464183,22.42
721,1377464188,22.42
721,1377464193,22.44
721,1377464198,22.42
721,1377464203,22.42
721,1377464208,22.41
721,1377464213,22.43
721,1377464218,22.42
721,1377464223,22.43
721,1377464228,22.42
721,1377464233,22.43
721,1377464238,22.42
721,1377464243,22.42
721,1377464248,22.42
721,1377464253,22.42
721,1377464258,22.42
721,1377464263,22.42
721,1377464268,22.42
721,1377464273,22.43
721,1377464278,22.42
721,1377464283,22.43
721,1377464288,22.43
721,1377464293,22.42
721,1377464298,22.42
721,1377464303,22.42
721,1377464308,22.42
721,1377464313,22.41
721,1377464318,22.43
721,1377464323,22.42
721,1377464328,22.42
721,1377464333,22.44
721,1377464338,22.42
721,1377464343,22.43
721,1377464348,22.44
721,1377464353,22.43
721,1377464358,22.42
721,1377464363,22.44
721,1377464368,22.43
721,1377464373,22.42
721,1377464378,22.43
721,1377464383,22.42
721,1377464388,22.42
721,1377464393,22.45
721,1377464398,22.43
721,1377464403,22.43
721,1377464408,22.42
721,1377464413,22.43
721,1377464418,22.42
721,1377464423,22.42
721,1377464428,22.43
721,1377464433,22.43
721,1377464438,22.44
721,1377464443,22.42
721,1377464448,22.44
721,1377464453,22.43
721,1377464458,22.44
721,1377464463,22.44
721,1377464468,22.43
721,1377464473,22.43
721,1377464478,22.43
721,1377464483,22.43
721,1377464488,22.43
721,1377464493,22.44
721,1377464498,22.43
721,1377464503,22.43
721,1377464508,22.42
721,1377464513,22.44
721,1377464518,22.43
721,1377464523,22.42
721,1377464528,22.42
721,1377464533,22.42
721,1377464538,22.42
721,1377464543,22.43
721,1377464548,22.44
721,1377464553,22.43
721,1377464558,22.43
721,1377464563,22.44
721,1377464568,22.42
721,1377464573,22.42
721,1377464578,22.44
721,1377464583,22.44
721,1377464588,22.44
721,1377464593,22.44
721,1377464598,22.44
721,1377464603,22.44
721,1377464608,22.44
721,1377464613,22.43
721,1377464618,22.44
721,1377464623,22.43
721,1377464628,22.44
721,1377464633,22.42
721,1377464638,22.44
721,1377464643,22.44
721,1377464648,22.44
721,1377464653,22.44
721,1377464658,22.44
721,1377464663,22.44
721,1377464668,22.44
721,1377464673,22.43
721,1377464678,22.43
721,1377464683,22.44
721,1377464688,22.44
721,1377464693,22.44
721,1377464698,22.44
721,1377464703,22.44
721,1377464708,22.44
721,1377464713,22.44
721,1377464718,22.44
721,1377464723,22.44
721,1377464728,22.44
721,1377464733,22.44
721,1377464738,22.44
721,1377464743,22.44
721,1377464748,22.44
721,1377464753,22.43
721,1377464758,22.44
721,1377464765,22.44
721,1377464768,22.44
721,1377464773,22.45
721,1377464778,22.44
721,1377464783,22.44
721,1377464788,22.44
721,1377464793,22.44
721,1377464798,22.44
721,1377464803,22.44
721,1377464808,22.45
721,1377464813,22.44
721,1377464818,22.45
721,1377464823,22.45
721,1377464828,22.44
721,1377464833,22.44
721,1377464838,22.43
721,1377464843,22.44
721,1377464848,22.44
721,1377464853,22.44
721,1377464858,22.44
721,1377464863,22.43
721,1377464868,22.44
721,1377464873,22.44
721,1377464878,22.44
721,1377464883,22.45
721,1377464888,22.44
721,1377464893,22.44
721,1377464898,22.44
721,1377464903,22.44
721,1377464908,22.45
721,1377464913,22.45
721,1377464918,22.44
721,1377464923,22.45
721,1377464928,22.44
721,1377464933,22.46
721,1377464938,22.44
721,1377464943,22.45
721,1377464948,22.45
721,1377464953,22.45
721,1377464958,22.45
721,1377464963,22.44
721,1377464968,22.45
721,1377464973,22.44
721,1377464978,22.45
721,1377464983,22.45
721,1377464988,22.45
721,1377464993,22.44
721,1377464998,22.45
721,1377465003,22.44
721,1377465008,22.45
721,1377465013,22.44
721,1377465018,22.45
721,1377465023,22.44
721,1377465028,22.45
721,1377465033,22.45
721,1377465038,22.45
721,1377465043,22.45
721,1377465048,22.44
721,1377465053,22.45
721,1377465058,22.46
721,1377465063,22.45
721,1377465068,22.46
721,1377465073,22.45
721,1377465078,22.46
721,1377465083,22.46
721,1377465088,22.46
721,1377465093,22.46
721,1377465098,22.45
721,1377465103,22.47
721,1377465108,22.46
721,1377465113,22.45
721,1377465118,22.45
721,1377465123,22.46
721,1377465128,22.46
721,1377465133,22.46
721,1377465138,22.46
721,1377465143,22.46
721,1377465148,22.45
721,1377465153,22.45
721,1377465158,22.44
721,1377465163,22.44
721,1377465168,22.46
721,1377465173,22.46
721,1377465178,22.46
721,1377465183,22.46
721,1377465188,22.46
721,1377465193,22.46
721,1377465198,22.45
721,1377465203,22.46
721,1377465208,22.45
721,1377465213,22.46
721,1377465218,22.46
721,1377465223,22.46
721,1377465228,22.46
721,1377465233,22.46
721,1377465238,22.46
721,1377465243,22.46
721,1377465248,22.46
721,1377465253,22.46
721,1377465258,22.46
721,1377465263,22.46
721,1377465268,22.46
721,1377465273,22.47
721,1377465278,22.46
721,1377465283,22.46
721,1377465288,22.46
721,1377465293,22.46
721,1377465298,22.47
721,1377465303,22.46
721,1377465308,22.47
721,1377465313,22.46
721,1377465318,22.46
721,1377465323,22.46
721,1377465328,22.46
721,1377465333,22.46
721,1377465338,22.47
721,1377465343,22.47
721,1377465348,22.47
721,1377465353,22.47
721,1377465358,22.46
721,1377465363,22.47
721,1377465368,22.47
721,1377465373,22.45
721,1377465378,22.48
721,1377465383,22.48
721,1377465388,22.48
721,1377465393,22.47
721,1377465398,22.47
721,1377465403,22.47
721,1377465408,22.47
721,1377465413,22.47
721,1377465418,22.46
721,1377465423,22.46
721,1377465428,22.47
721,1377465433,22.47
721,1377465438,22.47
721,1377465443,22.48
721,1377465448,22.47
721,1377465453,22.46
721,1377465458,22.46
721,1377465463,22.47
721,1377465468,22.48
721,1377465473,22.48
721,1377465478,22.46
721,1377465483,22.47
721,1377465488,22.47
721,1377465493,22.47
721,1377465498,22.48
721,1377465503,22.48
721,1377465508,22.48
721,1377465513,22.47
721,1377465518,22.48
721,1377465523,22.48
721,1377465528,22.48
721,1377465533,22.48
721,1377465538,22.48
721,1377465543,22.48
721,1377465548,22.48
721,1377465553,22.47
721,1377465558,22.48
721,1377465563,22.48
721,1377465568,22.48
721,1377465573,22.48
721,1377465578,22.48
721,1377465583,22.48
721,1377465588,22.48
721,1377465593,22.47
721,1377465598,22.48
721,1377465603,22.48
721,1377465608,22.48
721,1377465613,22.48
721,1377465620,22.48
721,1377465623,22.48
721,1377465628,22.48
721,1377465633,22.48
721,1377465638,22.48
721,1377465643,22.48
721,1377465648,22.48
721,1377465653,22.48
721,1377465658,22.49
721,1377465663,22.49
721,1377465668,22.47
721,1377465673,22.48
721,1377465678,22.49
721,1377465683,22.48
721,1377465688,22.46
721,1377465693,22.48
721,1377465698,22.48
721,1377465703,22.48
721,1377465708,22.48
721,1377465713,22.49
721,1377465718,22.48
721,1377465723,22.48
721,1377465728,22.47
721,1377465733,22.49
721,1377465738,22.48
721,1377465743,22.49
721,1377465748,22.49
721,1377465753,22.48
721,1377465758,22.48
721,1377465763,22.49
721,1377465768,22.49
721,1377465773,22.49
721,1377465778,22.48
721,1377465783,22.48
721,1377465788,22.5
721,1377465793,22.48
721,1377465798,22.49
721,1377465803,22.48
721,1377465808,22.48
721,1377465813,22.48
721,1377465818,22.49
721,1377465823,22.49
721,1377465828,22.49
721,1377465833,22.49
721,1377465838,22.48
721,1377465843,22.48
721,1377465848,22.48
721,1377465853,22.48
721,1377465858,22.5
721,1377465863,22.49
721,1377465868,22.5
721,1377465873,22.49
721,1377465878,22.49
721,1377465883,22.5
721,1377465888,22.49
721,1377465893,22.5
721,1377465898,22.48
721,1377465903,22.5
721,1377465908,22.5
721,1377465913,22.5
721,1377465918,22.49
721,1377465923,22.5
721,1377465928,22.49
721,1377465933,22.5
721,1377465938,22.5
721,1377465943,22.5
721,1377465948,22.49
721,1377465953,22.5
721,1377465958,22.5
721,1377465963,22.5
721,1377465968,22.5
721,1377465973,22.5
721,1377465978,22.5
721,1377465983,22.5
721,1377465988,22.49
721,1377465993,22.5
721,1377465998,22.5
721,1377466003,22.5
721,1377466008,22.5
721,1377466013,22.5
721,1377466018,22.5
721,1377466023,22.5
721,1377466028,22.5
721,1377466033,22.5
721,1377466038,22.5
721,1377466043,22.49
721,1377466048,22.49
721,1377466053,22.49
721,1377466058,22.5
721,1377466063,22.49
721,1377466068,22.5
721,1377466073,22.5
721,1377466078,22.5
721,1377466083,22.5
721,1377466088,22.5
721,1377466093,22.5
721,1377466098,22.5
721,1377466103,22.5
721,1377466108,22.5
721,1377466113,22.5
721,1377466118,22.5
721,1377466123,22.5
721,1377466128,22.5
721,1377466133,22.49
721,1377466138,22.5
721,1377466143,22.5
721,1377466148,22.5
721,1377466153,22.5
721,1377466158,22.5
721,1377466163,22.5
721,1377466168,22.5
721,1377466173,22.51
721,1377466178,22.5
721,1377466183,22.5
721,1377466188,22.51
721,1377466193,22.5
721,1377466198,22.5
721,1377466203,22.52
721,1377466208,22.51
721,1377466213,22.51
721,1377466218,22.51
721,1377466223,22.5
721,1377466228,22.5
721,1377466233,22.5
721,1377466238,22.51
721,1377466243,22.51
721,1377466248,22.51
721,1377466253,22.51
721,1377466258,22.52
721,1377466263,22.52
721,1377466268,22.51
721,1377466273,22.5
721,1377466278,22.52
721,1377466283,22.52
721,1377466288,22.51
721,1377466293,22.51
721,1377466298,22.51
721,1377466303,22.51
721,1377466308,22.52
721,1377466313,22.52
721,1377466318,22.52
721,1377466323,22.52
721,1377466328,22.52
721,1377466333,22.52
721,1377466338,22.51
721,1377466343,22.52
721,1377466348,22.52
721,1377466353,22.52
721,1377466358,22.52
721,1377466363,22.51
721,1377466368,22.52
721,1377466373,22.52
721,1377466378,22.52
721,1377466383,22.52
721,1377466388,22.52
721,1377466393,22.52
721,1377466398,22.52
721,1377466403,22.54
721,1377466408,22.52
721,1377466413,22.52
721,1377466418,22.53
721,1377466423,22.53
721,1377466428,22.53
721,1377466433,22.53
721,1377466438,22.53
721,1377466443,22.54
721,1377466448,22.53
721,1377466453,22.53
721,1377466458,22.52
721,1377466463,22.53
721,1377466468,22.53
721,1377466473,22.53
721,1377466478,22.52
721,1377466483,22.52
721,1377466488,22.54
721,1377466494,22.53
721,1377466498,22.53
721,1377466503,22.53
721,1377466508,22.53
721,1377466513,22.53
721,1377466518,22.54
721,1377466523,22.54
721,1377466528,22.54
721,1377466533,22.53
721,1377466538,22.52
721,1377466543,22.53
721,1377466548,22.54
721,1377466553,22.54
721,1377466558,22.54
721,1377466563,22.54
721,1377466568,22.54
721,1377466573,22.55
721,1377466578,22.54
721,1377466583,22.55
721,1377466588,22.55
721,1377466593,22.55
721,1377466598,22.54
721,1377466603,22.55
721,1377466608,22.54
721,1377466613,22.54
721,1377466618,22.54
721,1377466623,22.55
721,1377466628,22.54
721,1377466633,22.54
721,1377466638,22.56
721,1377466643,22.55
721,1377466648,22.55
721,1377466653,22.55
721,1377466658,22.56
721,1377466663,22.56
721,1377466668,22.55
721,1377466673,22.55
721,1377466678,22.54
721,1377466683,22.55
721,1377466688,22.56
721,1377466693,22.55
721,1377466698,22.56
721,1377466703,22.56
721,1377466708,22.56
721,1377466713,22.56
721,1377466718,22.56
721,1377466723,22.55
721,1377466728,22.56
721,1377466733,22.56
721,1377466738,22.56
721,1377466743,22.57
721,1377466748,22.57
721,1377466753,22.56
721,1377466758,22.56
721,1377466763,22.57
721,1377466768,22.57
721,1377466773,22.57
721,1377466778,22.56
721,1377466783,22.56
721,1377466788,22.56
721,1377466793,22.58
721,1377466798,22.56
721,1377466803,22.57
721,1377466808,22.57
721,1377466813,22.56
721,1377466818,22.56
721,1377466823,22.57
721,1377466828,22.57
721,1377466833,22.58
721,1377466838,22.56
721,1377466843,22.57
721,1377466848,22.57
721,1377466853,22.57
721,1377466858,22.57
721,1377466863,22.58
721,1377466868,22.58
721,1377466873,22.58
721,1377466878,22.58
721,1377466883,22.58
721,1377466888,22.57
721,1377466893,22.58
721,1377466898,22.58
721,1377466903,22.57
721,1377466908,22.57
721,1377466913,22.58
721,1377466918,22.58
721,1377466923,22.58
721,1377466928,22.59
721,1377466933,22.59
721,1377466938,22.57
721,1377466943,22.58
721,1377466948,22.58
721,1377466953,22.58
721,1377466958,22.59
721,1377466963,22.58
721,1377466968,22.59
721,1377466973,22.58
721,1377466978,22.59
721,1377466983,22.58
721,1377466988,22.6
721,1377466993,22.59
721,1377466998,22.59
721,1377467003,22.6
721,1377467008,22.6
721,1377467013,22.59
721,1377467018,22.6
721,1377467023,22.59
721,1377467028,22.59
721,1377467033,22.6
721,1377467038,22.59
721,1377467043,22.6
721,1377467048,22.6
721,1377467053,22.6
721,1377467058,22.6
721,1377467063,22.58
721,1377467068,22.6
721,1377467073,22.6
721,1377467078,22.61
721,1377467083,22.6
721,1377467088,22.6
721,1377467093,22.6
721,1377467098,22.6
721,1377467103,22.6
721,1377467108,22.6
721,1377467113,22.61
721,1377467118,22.61
721,1377467123,22.6
721,1377467128,22.61
721,1377467133,22.62
721,1377467138,22.61
721,1377467143,22.62
721,1377467148,22.6
721,1377467153,22.61
721,1377467158,22.61
721,1377467163,22.61
721,1377467168,22.62
721,1377467173,22.62
721,1377467178,22.61
721,1377467183,22.62
721,1377467188,22.61
721,1377467193,22.62
721,1377467198,22.62
721,1377467203,22.62
721,1377467208,22.62
721,1377467213,22.62
721,1377467218,22.63
721,1377467223,22.63
721,1377467228,22.63
721,1377467233,22.62
721,1377467238,22.62
721,1377467243,22.63
721,1377467248,22.62
721,1377467253,22.63
721,1377467258,22.63
721,1377467263,22.63
721,1377467268,22.64
721,1377467273,22.63
721,1377467278,22.63
721,1377467283,22.63
721,1377467288,22.64
721,1377467293,22.63
721,1377467298,22.64
721,1377467303,22.63
721,1377467308,22.64
721,1377467313,22.63
721,1377467318,22.64
721,1377467323,22.63
721,1377467328,22.64
721,1377467333,22.66
721,1377467338,22.65
721,1377467343,22.64
721,1377467348,22.64
721,1377467353,22.64
721,1377467358,22.64
721,1377467363,22.64
721,1377467368,22.64
721,1377467373,22.63
721,1377467378,22.65
721,1377467383,22.65
721,1377467388,22.64
721,1377467393,22.64
721,1377467398,22.65
721,1377467403,22.64
721,1377467408,22.64
721,1377467413,22.65
721,1377467418,22.64
721,1377467423,22.66
721,1377467428,22.65
721,1377467433,22.64
721,1377467438,22.66
721,1377467443,22.65
721,1377467448,22.66
721,1377467453,22.66
721,1377467458,22.66
721,1377467463,22.65
721,1377467468,22.65
721,1377467473,22.66
721,1377467478,22.66
721,1377467483,22.65
721,1377467488,22.66
721,1377467493,22.66
721,1377467498,22.65
721,1377467503,22.66
721,1377467508,22.65
721,1377467513,22.65
721,1377467518,22.66
721,1377467523,22.66
721,1377467528,22.66
721,1377467533,22.66
721,1377467538,22.66
721,1377467543,22.65
721,1377467548,22.66
721,1377467553,22.66
721,1377467558,22.67
721,1377467563,22.66
721,1377467568,22.67
721,1377467573,22.67
721,1377467578,22.66
721,1377467583,22.66
721,1377467588,22.66
721,1377467593,22.67
721,1377467598,22.66
721,1377467603,22.67
721,1377467608,22.66
721,1377467613,22.66
721,1377467618,22.66
721,1377467623,22.67
721,1377467628,22.67
721,1377467633,22.67
721,1377467638,22.66
721,1377467643,22.67
721,1377467648,22.68
721,1377467653,22.67
721,1377467658,22.66
721,1377467663,22.68
721,1377467668,22.68
721,1377467673,22.68
721,1377467678,22.66
721,1377467683,22.68
721,1377467688,22.65
721,1377467693,22.68
721,1377467698,22.67
721,1377467703,22.67
721,1377467708,22.68
721,1377467713,22.67
721,1377467718,22.68
721,1377467723,22.67
721,1377467728,22.69
721,1377467733,22.68
721,1377467738,22.68
721,1377467743,22.68
721,1377467748,22.68
721,1377467753,22.68
721,1377467758,22.68
721,1377467763,22.69
721,1377467768,22.68
721,1377467773,22.69
721,1377467778,22.69
721,1377467783,22.69
721,1377467788,22.68
721,1377467793,22.68
721,1377467798,22.68
721,1377467803,22.69
721,1377467808,22.68
721,1377467813,22.68
721,1377467818,22.69
721,1377467823,22.69
721,1377467828,22.7
721,1377467833,22.7
721,1377467838,22.69
721,1377467843,22.7
721,1377467848,22.71
721,1377467853,22.7
721,1377467858,22.7
721,1377467863,22.69
721,1377467868,22.7
721,1377467873,22.68
721,1377467878,22.69
721,1377467883,22.7
721,1377467888,22.7
721,1377467893,22.69
721,1377467898,22.7
721,1377467903,22.71
721,1377467908,22.7
721,1377467913,22.69
721,1377467918,22.7
721,1377467923,22.71
721,1377467928,22.7
721,1377467933,22.71
721,1377467938,22.71
721,1377467943,22.7
721,1377467948,22.71
721,1377467953,22.7
721,1377467958,22.72
721,1377467963,22.71
721,1377467968,22.71
721,1377467973,22.71
721,1377467978,22.7
721,1377467983,22.71
721,1377467988,22.72
721,1377467993,22.72
721,1377467998,22.71
721,1377468003,22.71
721,1377468008,22.7
721,1377468013,22.72
721,1377468018,22.72
721,1377468023,22.72
721,1377468028,22.71
721,1377468033,22.72
721,1377468038,22.72
721,1377468043,22.73
721,1377468048,22.7
721,1377468053,22.71
721,1377468058,22.71
721,1377468063,22.72
721,1377468068,22.71
721,1377468073,22.72
721,1377468078,22.71
721,1377468083,22.72
721,1377468088,22.72
721,1377468093,22.72
721,1377468098,22.72
721,1377468103,22.72
721,1377468108,22.72
721,1377468113,22.71
721,1377468118,22.73
721,1377468123,22.72
721,1377468128,22.72
721,1377468133,22.72
721,1377468138,22.72
721,1377468143,22.72
721,1377468148,22.72
721,1377468153,22.72
721,1377468158,22.73
721,1377468163,22.72
721,1377468168,22.73
721,1377468173,22.72
721,1377468178,22.72
721,1377468186,22.73
721,1377468188,22.73
721,1377468193,22.73
721,1377468198,22.73
721,1377468203,22.73
721,1377468208,22.73
721,1377468213,22.74
721,1377468218,22.73
721,1377468223,22.73
721,1377468228,22.74
721,1377468233,22.73
721,1377468238,22.73
721,1377468243,22.73
721,1377468248,22.74
721,1377468253,22.74
721,1377468258,22.74
721,1377468263,22.74
721,1377468268,22.74
721,1377468273,22.73
721,1377468278,22.74
721,1377468283,22.74
721,1377468288,22.73
721,1377468293,22.73
721,1377468298,22.74
721,1377468303,22.74
721,1377468308,22.74
721,1377468313,22.73
721,1377468318,22.74
721,1377468323,22.74
721,1377468328,22.74
721,1377468333,22.74
721,1377468338,22.75
721,1377468343,22.74
721,1377468348,22.74
721,1377468353,22.74
721,1377468358,22.74
721,1377468363,22.74
721,1377468368,22.75
721,1377468373,22.74
721,1377468378,22.74
721,1377468383,22.75
721,1377468388,22.74
721,1377468393,22.76
721,1377468398,22.74
721,1377468403,22.75
721,1377468408,22.74
721,1377468413,22.75
721,1377468418,22.75
721,1377468423,22.76
721,1377468428,22.76
721,1377468433,22.76
721,1377468438,22.74
721,1377468443,22.75
721,1377468448,22.74
721,1377468453,22.76
721,1377468458,22.76
721,1377468463,22.75
721,1377468468,22.75
721,1377468473,22.76
721,1377468478,22.76
721,1377468483,22.75
721,1377468488,22.76
721,1377468493,22.76
721,1377468498,22.75
721,1377468503,22.75
721,1377468508,22.76
721,1377468513,22.76
721,1377468518,22.75
721,1377468523,22.76
721,1377468528,22.76
721,1377468533,22.76
721,1377468538,22.76
721,1377468543,22.76
721,1377468548,22.76
721,1377468553,22.76
721,1377468558,22.76
721,1377468563,22.76
721,1377468568,22.76
721,1377468573,22.77
721,1377468578,22.76
721,1377468583,22.76
721,1377468588,22.77
721,1377468593,22.77
721,1377468598,22.76
721,1377468603,22.77
721,1377468608,22.76
721,1377468613,22.77
721,1377468618,22.77
721,1377468623,22.76
721,1377468628,22.77
721,1377468633,22.77
721,1377468638,22.78
721,1377468643,22.78
721,1377468648,22.78
721,1377468653,22.78
721,1377468658,22.77
721,1377468663,22.78
721,1377468668,22.78
721,1377468673,22.77
721,1377468678,22.78
721,1377468683,22.77
721,1377468688,22.78
721,1377468693,22.77
721,1377468698,22.78
721,1377468703,22.79
721,1377468708,22.78
721,1377468713,22.78
721,1377468718,22.78
721,1377468723,22.77
721,1377468728,22.78
721,1377468733,22.78
721,1377468738,22.78
721,1377468743,22.79
721,1377468748,22.78
721,1377468753,22.77
721,1377468758,22.78
721,1377468763,22.78
721,1377468768,22.78
721,1377468773,22.79
721,1377468778,22.78
721,1377468783,22.78
721,1377468788,22.78
721,1377468793,22.78
721,1377468798,22.78
721,1377468803,22.78
721,1377468808,22.78
721,1377468813,22.78
721,1377468818,22.78
721,1377468823,22.78
721,1377468828,22.77
721,1377468833,22.78
721,1377468838,22.78
721,1377468843,22.78
721,1377468848,22.79
721,1377468853,22.78
721,1377468858,22.78
721,1377468863,22.8
721,1377468868,22.77
721,1377468873,22.78
721,1377468878,22.79
721,1377468883,22.78
721,1377468888,22.78
721,1377468893,22.78
721,1377468898,22.79
721,1377468903,22.78
721,1377468908,22.78
721,1377468913,22.78
721,1377468918,22.78
721,1377468923,22.79
721,1377468928,22.79
721,1377468933,22.79
721,1377468938,22.79
721,1377468943,22.79
721,1377468948,22.8
721,1377468953,22.78
721,1377468958,22.79
721,1377468963,22.8
721,1377468968,22.79
721,1377468973,22.79
721,1377468978,22.79
721,1377468983,22.79
721,1377468988,22.8
721,1377468993,22.8
721,1377468998,22.79
721,1377469003,22.79
721,1377469008,22.79
721,1377469013,22.8
721,1377469018,22.79
721,1377469023,22.78
721,1377469028,22.78
721,1377469033,22.8
721,1377469038,22.8
721,1377469043,22.8
721,1377469048,22.8
721,1377469053,22.8
721,1377469058,22.79
721,1377469063,22.8
721,1377469068,22.8
721,1377469073,22.79
721,1377469078,22.8
721,1377469083,22.79
721,1377469088,22.8
721,1377469093,22.81
721,1377469098,22.8
721,1377469103,22.79
721,1377469108,22.79
721,1377469113,22.8
721,1377469118,22.8
721,1377469123,22.79
721,1377469128,22.8
721,1377469133,22.81
721,1377469138,22.8
721,1377469143,22.8
721,1377469148,22.81
721,1377469153,22.8
721,1377469158,22.8
721,1377469163,22.8
721,1377469168,22.81
721,1377469173,22.8
721,1377469178,22.8
721,1377469183,22.81
721,1377469188,22.8
721,1377469193,22.81
721,1377469198,22.82
721,1377469203,22.8
721,1377469208,22.81
721,1377469213,22.8
721,1377469218,22.81
721,1377469223,22.82
721,1377469228,22.81
721,1377469233,22.8
721,1377469238,22.8
721,1377469243,22.8
721,1377469248,22.81
721,1377469253,22.8
721,1377469258,22.8
721,1377469263,22.8
721,1377469268,22.82
721,1377469273,22.8
721,1377469278,22.81
721,1377469283,22.81
721,1377469288,22.81
721,1377469293,22.81
721,1377469298,22.81
721,1377469303,22.81
721,1377469308,22.82
721,1377469313,22.82
721,1377469318,22.82
721,1377469323,22.82
721,1377469328,22.81
721,1377469333,22.82
721,1377469338,22.82
721,1377469343,22.82
721,1377469348,22.82
721,1377469353,22.82
721,1377469358,22.82
721,1377469363,22.82
721,1377469368,22.81
721,1377469373,22.82
721,1377469378,22.82
721,1377469383,22.81
721,1377469388,22.82
721,1377469393,22.8
721,1377469398,22.82
721,1377469403,22.83
721,1377469408,22.83
721,1377469413,22.82
721,1377469418,22.82
721,1377469423,22.82
721,1377469428,22.81
721,1377469433,22.82
721,1377469438,22.83
721,1377469443,22.82
721,1377469448,22.82
721,1377469453,22.83
721,1377469458,22.84
721,1377469463,22.82
721,1377469468,22.83
721,1377469473,22.82
721,1377469478,22.83
721,1377469483,22.82
721,1377469488,22.82
721,1377469493,22.84
721,1377469498,22.83
721,1377469503,22.83
721,1377469508,22.84
721,1377469513,22.84
721,1377469518,22.84
721,1377469523,22.84
721,1377469528,22.82
721,1377469533,22.83
721,1377469538,22.83
721,1377469543,22.82
721,1377469548,22.82
721,1377469553,22.83
721,1377469558,22.84
721,1377469563,22.84
721,1377469568,22.84
721,1377469573,22.84
721,1377469578,22.84
721,1377469583,22.84
721,1377469588,22.83
721,1377469593,22.83
721,1377469598,22.83
721,1377469603,22.83
721,1377469608,22.83
721,1377469613,22.82
721,1377469618,22.83
721,1377469623,22.84
721,1377469628,22.83
721,1377469633,22.83
721,1377469638,22.84
721,1377469643,22.85
721,1377469648,22.84
721,1377469653,22.84
721,1377469658,22.84
721,1377469663,22.83
721,1377469668,22.84
721,1377469673,22.84
721,1377469678,22.84
721,1377469683,22.84
721,1377469688,22.84
721,1377469693,22.84
721,1377469698,22.84
721,1377469703,22.84
721,1377469708,22.84
721,1377469713,22.84
721,1377469718,22.84
721,1377469723,22.84
721,1377469728,22.85
721,1377469733,22.85
721,1377469738,22.84
721,1377469743,22.85
721,1377469748,22.84
721,1377469753,22.84
721,1377469758,22.84
721,1377469763,22.84
721,1377469768,22.86
721,1377469773,22.84
721,1377469778,22.84
721,1377469783,22.84
721,1377469788,22.85
721,1377469793,22.86
721,1377469798,22.85
721,1377469803,22.85
721,1377469808,22.86
721,1377469813,22.84
721,1377469818,22.86
721,1377469823,22.85
721,1377469828,22.86
721,1377469833,22.85
721,1377469838,22.85
721,1377469843,22.84
721,1377469848,22.86
721,1377469853,22.86
721,1377469858,22.86
721,1377469863,22.86
721,1377469868,22.85
721,1377469873,22.86
721,1377469878,22.86
721,1377469883,22.86
721,1377469888,22.87
721,1377469893,22.87
721,1377469898,22.86
721,1377469903,22.86
721,1377469908,22.86
721,1377469916,22.86
721,1377469918,22.85
721,1377469923,22.86
721,1377469928,22.86
721,1377469933,22.88
721,1377469938,22.86
721,1377469943,22.87
721,1377469948,22.87
721,1377469953,22.87
721,1377469958,22.85
721,1377469963,22.86
721,1377469968,22.86
721,1377469973,22.86
721,1377469978,22.87
721,1377469983,22.86
721,1377469988,22.86
721,1377469993,22.88
721,1377469998,22.87
721,1377470003,22.87
721,1377470008,22.87
721,1377470013,22.88
721,1377470018,22.88
721,1377470023,22.88
721,1377470028,22.86
721,1377470033,22.87
721,1377470038,22.87
721,1377470043,22.87
721,1377470048,22.87
721,1377470053,22.86
721,1377470058,22.87
721,1377470063,22.87
721,1377470068,22.87
721,1377470073,22.87
721,1377470078,22.88
721,1377470083,22.87
721,1377470088,22.86
721,1377470093,22.86
721,1377470098,22.88
721,1377470103,22.86
721,1377470108,22.88
721,1377470113,22.87
721,1377470118,22.88
721,1377470123,22.87
721,1377470128,22.88
721,1377470133,22.87
721,1377470138,22.88
721,1377470143,22.87
721,1377470148,22.88
721,1377470153,22.88
721,1377470158,22.87
721,1377470163,22.87
721,1377470168,22.87
721,1377470173,22.88
721,1377470178,22.87
721,1377470183,22.88
721,1377470188,22.88
721,1377470193,22.88
721,1377470198,22.88
721,1377470203,22.89
721,1377470208,22.88
721,1377470213,22.88
721,1377470218,22.87
721,1377470223,22.88
721,1377470228,22.88
721,1377470233,22.89
721,1377470238,22.89
721,1377470243,22.88
721,1377470253,22.88
721,1377470258,22.88
721,1377470263,22.88
721,1377470268,22.89
721,1377470273,22.89
721,1377470278,22.88
721,1377470283,22.88
721,1377470288,22.89
721,1377470293,22.9
721,1377470298,22.88
721,1377470303,22.89
721,1377470308,22.89
721,1377470313,22.9
721,1377470318,22.88
721,1377470323,22.89
721,1377470328,22.88
721,1377470333,22.87
721,1377470338,22.88
721,1377470348,22.88
721,1377470353,22.89
721,1377470358,22.89
721,1377470363,22.89
721,1377470368,22.89
721,1377470373,22.9
721,1377470378,22.89
721,1377470383,22.9
721,1377470388,22.9
721,1377470393,22.9
721,1377470398,22.9
721,1377470403,22.9
721,1377470408,22.9
721,1377470413,22.9
721,1377470418,22.9
721,1377470423,22.9
721,1377470428,22.9
721,1377470433,22.9
721,1377470438,22.9
721,1377470443,22.91
721,1377470448,22.91
721,1377470453,22.92
721,1377470458,22.9
721,1377470463,22.91
721,1377470468,22.91
721,1377470478,22.91
721,1377470488,22.91
721,1377470493,22.91
721,1377470498,22.91
721,1377470503,22.92
721,1377470508,22.92
721,1377470513,22.9
721,1377470518,22.92
721,1377470528,22.92
721,1377470533,22.92
721,1377470538,22.92
721,1377470548,22.92
721,1377470563,22.92
721,1377470568,22.93
721,1377470573,22.93
721,1377470578,22.92
721,1377470583,22.92
721,1377470593,22.92
721,1377470598,22.92
721,1377470603,22.93
721,1377470608,22.93
721,1377470613,22.93
721,1377470623,22.94
721,1377470633,22.92
721,1377470638,22.94
721,1377470643,22.93
721,1377470648,22.94
721,1377470653,22.93
721,1377470658,22.94
721,1377470663,22.93
721,1377470668,22.93
721,1377470673,22.94
721,1377470678,22.94
721,1377470683,22.92
721,1377470688,22.92
721,1377470693,22.94
721,1377470698,22.94
721,1377470703,22.94
721,1377470708,22.93
721,1377470713,22.93
721,1377470718,22.94
721,1377470723,22.93
721,1377470728,22.94
721,1377470733,22.94
721,1377470738,22.96
721,1377470743,22.95
721,1377470748,22.95
721,1377470758,22.95
721,1377470763,22.95
721,1377470768,22.94
721,1377470773,22.95
721,1377470778,22.94
721,1377470783,22.94
721,1377470788,22.95
721,1377470795,22.95
721,1377470798,22.94
721,1377470803,22.95
721,1377470808,22.95
721,1377470813,22.95
721,1377470818,22.94
721,1377470823,22.96
721,1377470828,22.95
721,1377470833,22.96
721,1377470838,22.96
721,1377470843,22.95
721,1377470848,22.96
721,1377470853,22.96
721,1377470858,22.95
721,1377470863,22.96
721,1377470868,22.95
721,1377470873,22.96
721,1377470878,22.96
721,1377470883,22.96
721,1377470888,22.96
721,1377470893,22.96
721,1377470898,22.96
721,1377470903,22.96
721,1377470908,22.96
721,1377470913,22.96
721,1377470918,22.95
721,1377470923,22.97
721,1377470928,22.96
721,1377470933,22.96
721,1377470938,22.96
721,1377470943,22.96
721,1377470948,22.94
721,1377470953,22.96
721,1377470958,22.95
721,1377470963,22.96
721,1377470968,22.96
721,1377470973,22.96
721,1377470978,22.97
721,1377470983,22.96
721,1377470988,22.96
721,1377470993,22.96
721,1377470998,22.96
721,1377471003,22.96
721,1377471008,22.96
721,1377471013,22.96
721,1377471018,22.96
721,1377471023,22.96
721,1377471028,22.96
721,1377471033,22.96
721,1377471038,22.96
721,1377471043,22.95
721,1377471048,22.96
721,1377471053,22.97
721,1377471058,22.96
721,1377471063,22.96
721,1377471068,22.96
721,1377471073,22.96
721,1377471078,22.97
721,1377471083,22.96
721,1377471088,22.96
721,1377471093,22.96
721,1377471098,22.96
721,1377471103,22.97
721,1377471108,22.95
721,1377471113,22.96
721,1377471118,22.96
721,1377471123,22.96
721,1377471128,22.97
721,1377471133,22.96
721,1377471138,22.96
721,1377471143,22.96
721,1377471148,22.97
721,1377471153,22.96
721,1377471158,22.96
721,1377471163,22.96
721,1377471168,22.96
721,1377471173,22.97
721,1377471178,22.96
721,1377471183,22.97
721,1377471188,22.98
721,1377471193,22.97
721,1377471198,22.97
721,1377471203,22.97
721,1377471208,22.97
721,1377471213,22.97
721,1377471218,22.98
721,1377471223,22.97
721,1377471228,22.98
721,1377471233,22.96
721,1377471238,22.98
721,1377471243,22.96
721,1377471248,22.97
721,1377471253,22.96
721,1377471258,22.97
721,1377471263,22.97
721,1377471268,22.97
721,1377471273,22.97
721,1377471278,22.96
721,1377471283,22.97
721,1377471288,22.96
721,1377471293,22.97
721,1377471298,22.96
721,1377471303,22.96
721,1377471308,22.97
721,1377471313,22.97
721,1377471318,22.97
721,1377471323,22.96
721,1377471328,22.97
721,1377471333,22.96
721,1377471338,22.96
721,1377471343,22.97
721,1377471348,22.98
721,1377471353,22.97
721,1377471358,22.97
721,1377471363,22.98
721,1377471368,22.97
721,1377471373,22.97
721,1377471378,22.96
721,1377471383,22.98
721,1377471388,22.97
721,1377471393,22.98
721,1377471398,22.98
721,1377471403,22.97
721,1377471408,22.98
721,1377471413,22.98
721,1377471418,22.98
721,1377471423,22.97
721,1377471428,22.98
721,1377471433,22.97
721,1377471438,22.98
721,1377471443,22.97
721,1377471448,22.99
721,1377471453,22.97
721,1377471458,22.98
721,1377471463,22.98
721,1377471468,22.98
721,1377471473,22.98
721,1377471478,22.99
721,1377471483,22.98
721,1377471488,22.98
721,1377471493,22.97
721,1377471498,22.98
721,1377471503,22.99
721,1377471508,22.98
721,1377471513,22.98
721,1377471518,22.98
721,1377471523,22.97
721,1377471528,22.98
721,1377471533,22.99
721,1377471538,22.98
721,1377471543,22.98
721,1377471548,22.98
721,1377471553,22.98
721,1377471558,22.98
721,1377471563,22.98
721,1377471568,22.98
721,1377471573,22.97
721,1377471578,22.98
721,1377471583,22.97
721,1377471588,22.98
721,1377471593,22.98
721,1377471598,22.98
721,1377471603,22.98
721,1377471608,22.99
721,1377471613,22.98
721,1377471618,22.98
721,1377471623,22.98
721,1377471628,22.97
721,1377471633,22.98
721,1377471638,22.99
721,1377471643,22.99
721,1377471648,22.98
721,1377471653,22.99
721,1377471658,22.98
721,1377471663,22.98
721,1377471668,22.99
721,1377471673,22.99
721,1377471678,22.99
721,1377471683,22.99
721,1377471688,22.99
721,1377471693,22.98
721,1377471698,22.99
721,1377471703,22.99
721,1377471708,22.98
721,1377471713,22.98
721,1377471718,23.0
721,1377471723,22.99
721,1377471728,22.98
721,1377471733,22.99
721,1377471738,22.99
721,1377471743,22.99
721,1377471748,22.98
721,1377471753,22.98
721,1377471758,23.0
721,1377471763,22.98
721,1377471768,22.99
721,1377471773,22.98
721,1377471778,22.99
721,1377471783,23.0
721,1377471788,22.99
721,1377471793,22.99
721,1377471798,22.99
721,1377471803,22.98
721,1377471808,22.98
721,1377471813,23.0
721,1377471818,22.99
721,1377471823,22.98
721,1377471828,22.98
721,1377471833,22.99
721,1377471838,22.98
721,1377471843,23.0
721,1377471848,22.99
721,1377471853,22.98
721,1377471858,22.99
721,1377471863,22.98
721,1377471868,22.99
721,1377471873,22.99
721,1377471878,22.98
721,1377471883,22.98
721,1377471888,22.99
721,1377471893,22.99
721,1377471898,23.0
721,1377471903,22.99
721,1377471908,23.0
721,1377471913,23.0
721,1377471918,22.99
721,1377471923,22.98
721,1377471928,22.98
721,1377471933,22.99
721,1377471938,22.98
721,1377471943,22.99
721,1377471948,22.99
721,1377471953,22.99
721,1377471958,22.98
721,1377471963,22.99
721,1377471968,22.98
721,1377471973,22.99
721,1377471978,22.99
721,1377471983,22.98
721,1377471988,22.98
721,1377471993,22.99
721,1377471998,22.98
721,1377472003,22.98
721,1377472008,22.99
721,1377472013,22.98
721,1377472018,22.97
721,1377472023,22.99
721,1377472028,22.98
721,1377472033,22.99
721,1377472038,22.98
721,1377472043,22.99
721,1377472048,22.99
721,1377472053,22.98
721,1377472058,22.98
721,1377472063,22.98
721,1377472068,22.98
721,1377472073,22.99
721,1377472078,22.97
721,1377472083,22.98
721,1377472088,22.98
721,1377472093,22.98
721,1377472098,22.98
721,1377472103,22.98
721,1377472108,22.97
721,1377472113,22.98
721,1377472118,22.97
721,1377472123,22.98
721,1377472128,22.98
721,1377472133,22.97
721,1377472138,22.98
721,1377472143,22.98
721,1377472148,22.98
721,1377472153,22.98
721,1377472158,22.98
721,1377472163,22.98
721,1377472168,22.98
721,1377472173,22.98
721,1377472178,22.99
721,1377472183,22.97
721,1377472188,22.98
721,1377472193,22.98
721,1377472198,22.98
721,1377472203,22.98
721,1377472208,22.97
721,1377472213,22.96
721,1377472218,22.98
721,1377472223,22.98
721,1377472228,22.98
721,1377472233,22.98
721,1377472238,22.98
721,1377472243,22.97
721,1377472248,22.97
721,1377472253,22.98
721,1377472258,22.98
721,1377472263,22.98
721,1377472268,22.98
721,1377472273,22.98
721,1377472278,22.98
721,1377472283,22.98
721,1377472288,22.97
721,1377472293,22.98
721,1377472298,22.97
721,1377472303,22.98
721,1377472308,22.96
721,1377472313,22.97
721,1377472318,22.97
721,1377472323,22.98
721,1377472328,22.96
721,1377472333,22.97
721,1377472338,22.97
721,1377472343,22.97
721,1377472348,22.98
721,1377472353,22.96
721,1377472358,22.97
721,1377472363,22.97
721,1377472368,22.97
721,1377472373,22.97
721,1377472378,22.96
721,1377472383,22.98
721,1377472388,22.98
721,1377472393,22.97
721,1377472398,22.98
721,1377472403,22.97
721,1377472408,22.96
721,1377472413,22.97
721,1377472418,22.97
721,1377472423,22.96
721,1377472428,22.96
721,1377472433,22.97
721,1377472438,22.97
721,1377472443,22.96
721,1377472448,22.96
721,1377472453,22.97
721,1377472458,22.97
721,1377472463,22.96
721,1377472468,22.96
721,1377472473,22.96
721,1377472478,22.96
721,1377472483,22.97
721,1377472488,22.97
721,1377472493,22.96
721,1377472498,22.97
721,1377472503,22.97
721,1377472508,22.96
721,1377472513,22.97
721,1377472518,22.96
721,1377472523,22.98
721,1377472528,22.98
721,1377472533,22.96
721,1377472538,22.97
721,1377472543,22.97
721,1377472548,22.97
721,1377472553,22.97
721,1377472558,22.97
721,1377472563,22.96
721,1377472568,22.98
721,1377472573,22.96
721,1377472578,22.97
721,1377472583,22.97
721,1377472588,22.97
721,1377472593,22.96
721,1377472598,22.96
721,1377472603,22.96
721,1377472608,22.97
721,1377472613,22.98
721,1377472618,22.98
721,1377472623,22.96
721,1377472628,22.97
721,1377472633,22.96
721,1377472638,22.96
721,1377472643,22.96
721,1377472648,22.97
721,1377472653,22.98
721,1377472658,22.98
721,1377472663,22.97
721,1377472668,22.98
721,1377472673,22.96
721,1377472678,22.97
721,1377472683,22.98
721,1377472688,22.97
721,1377472693,22.98
721,1377472698,22.97
721,1377472703,22.97
721,1377472708,22.97
721,1377472713,22.97
721,1377472718,22.97
721,1377472723,22.98
721,1377472728,22.98
721,1377472733,22.98
721,1377472738,22.99
721,1377472743,22.98
721,1377472748,22.97
721,1377472753,22.97
721,1377472758,22.97
721,1377472763,22.98
721,1377472768,22.98
721,1377472773,22.97
721,1377472778,22.97
721,1377472783,22.97
721,1377472788,22.98
721,1377472793,22.97
721,1377472798,22.98
721,1377472803,22.98
721,1377472808,22.98
721,1377472813,22.98
721,1377472818,22.98
721,1377472823,22.97
721,1377472828,22.99
721,1377472833,22.98
721,1377472838,22.98
721,1377472843,22.98
721,1377472848,22.98
721,1377472853,22.97
721,1377472858,22.98
721,1377472863,22.98
721,1377472868,22.98
721,1377472873,22.98
721,1377472878,22.99
721,1377472883,22.99
721,1377472888,22.98
721,1377472893,22.97
721,1377472898,22.98
721,1377472903,22.98
721,1377472908,22.98
721,1377472913,22.98
721,1377472918,22.98
721,1377472923,22.98
721,1377472928,22.98
721,1377472933,22.98
721,1377472938,23.0
721,1377472943,22.98
721,1377472948,22.98
721,1377472953,22.98
721,1377472958,22.98
721,1377472963,23.0
721,1377472968,22.98
721,1377472973,22.98
721,1377472978,22.99
721,1377472983,22.99
721,1377472988,22.99
721,1377472993,22.99
721,1377472998,23.0
721,1377473003,22.98
721,1377473008,22.99
721,1377473013,23.0
721,1377473018,22.99
721,1377473023,23.0
721,1377473028,22.99
721,1377473033,22.99
721,1377473038,22.99
721,1377473043,22.99
721,1377473048,23.0
721,1377473053,22.99
721,1377473058,22.99
721,1377473063,23.0
721,1377473068,23.0
721,1377473073,23.01
721,1377473078,23.0
721,1377473083,23.0
721,1377473088,23.0
721,1377473093,22.99
721,1377473098,23.0
721,1377473103,23.0
721,1377473108,23.01
721,1377473113,23.01
721,1377473118,23.0
721,1377473123,23.0
721,1377473128,23.01
721,1377473133,23.0
721,1377473138,23.01
721,1377473143,23.0
721,1377473148,23.01
721,1377473153,23.0
721,1377473158,23.01
721,1377473163,23.01
721,1377473168,23.01
721,1377473173,23.02
721,1377473178,23.01
721,1377473183,23.0
721,1377473188,23.0
721,1377473193,23.02
721,1377473198,23.02
721,1377473203,23.0
721,1377473208,23.0
721,1377473213,23.0
721,1377473218,23.01
721,1377473223,23.0
721,1377473228,23.01
721,1377473233,23.02
721,1377473238,23.0
721,1377473243,23.0
721,1377473248,23.0
721,1377473253,23.01
721,1377473258,23.01
721,1377473263,23.0
721,1377473268,23.01
721,1377473273,23.01
721,1377473278,23.01
721,1377473283,23.01
721,1377473288,23.0
721,1377473293,23.01
721,1377473298,23.01
721,1377473303,23.0
721,1377473308,23.01
721,1377473313,23.02
721,1377473318,23.02
721,1377473323,23.02
721,1377473328,23.01
721,1377473333,23.01
721,1377473338,23.02
721,1377473343,23.02
721,1377473348,23.02
721,1377473353,23.0
721,1377473358,23.02
721,1377473363,23.02
721,1377473368,23.02
721,1377473373,23.02
721,1377473378,23.01
721,1377473383,23.01
721,1377473388,23.01
721,1377473393,23.01
721,1377473398,23.01
721,1377473403,23.02
721,1377473408,23.01
721,1377473413,23.01
721,1377473418,23.01
721,1377473423,23.0
721,1377473428,23.02
721,1377473433,23.02
721,1377473438,23.01
721,1377473443,23.01
721,1377473448,23.02
721,1377473453,23.02
721,1377473458,23.02
721,1377473463,23.02
721,1377473468,23.01
721,1377473473,23.02
721,1377473478,23.01
721,1377473483,23.01
721,1377473488,23.02
721,1377473493,23.02
721,1377473498,23.01
721,1377473503,23.02
721,1377473508,23.02
721,1377473513,23.02
721,1377473518,23.02
721,1377473523,23.01
721,1377473528,23.01
721,1377473533,23.01
721,1377473538,23.02
721,1377473543,23.01
721,1377473548,23.02
721,1377473553,23.02
721,1377473558,23.02
721,1377473563,23.02
721,1377473568,23.02
721,1377473573,23.0
721,1377473578,23.01
721,1377473583,23.02
721,1377473588,23.02
721,1377473593,23.01
721,1377473598,23.02
721,1377473603,23.01
721,1377473608,23.01
721,1377473613,23.0
721,1377473618,23.01
721,1377473623,23.0
721,1377473628,23.0
721,1377473633,23.01
721,1377473638,23.01
721,1377473643,23.01
721,1377473648,23.01
721,1377473653,23.02
721,1377473658,23.01
721,1377473663,23.02
721,1377473668,23.01
721,1377473673,23.01
721,1377473678,23.02
721,1377473683,23.0
721,1377473688,23.0
721,1377473693,23.0
721,1377473698,23.02
721,1377473703,23.03
721,1377473708,23.0
721,1377473713,23.02
721,1377473718,23.0
721,1377473723,23.02
721,1377473728,23.01
721,1377473733,23.01
721,1377473738,23.02
721,1377473743,23.02
721,1377473748,23.02
721,1377473753,23.02
721,1377473758,23.02
721,1377473763,23.01
721,1377473768,23.01
721,1377473773,23.02
721,1377473778,23.01
721,1377473783,23.01
721,1377473788,23.02
721,1377473793,23.01
721,1377473798,23.01
721,1377473803,23.01
721,1377473808,23.02
721,1377473813,23.02
721,1377473818,23.0
721,1377473823,23.01
721,1377473828,23.02
721,1377473833,23.02
721,1377473838,23.02
721,1377473843,23.02
721,1377473848,23.02
721,1377473853,23.01
721,1377473858,23.02
721,1377473863,23.02
721,1377473868,23.02
721,1377473873,23.02
721,1377473878,23.0
721,1377473883,23.01
721,1377473888,23.02
721,1377473893,23.02
721,1377473898,23.02
721,1377473903,23.01
721,1377473908,23.02
721,1377473913,23.02
721,1377473918,23.02
721,1377473923,23.01
721,1377473928,23.02
721,1377473933,23.02
721,1377473938,23.01
721,1377473943,23.02
721,1377473948,23.01
721,1377473953,23.02
721,1377473958,23.01
721,1377473963,23.01
721,1377473968,23.02
721,1377473973,23.02
721,1377473978,23.02
721,1377473983,23.02
721,1377473988,23.02
721,1377473993,23.02
721,1377473998,23.02
721,1377474003,23.02
721,1377474008,23.02
721,1377474013,23.02
721,1377474018,23.03
721,1377474023,23.02
721,1377474028,23.02
721,1377474033,23.02
721,1377474038,23.01
721,1377474043,23.02
721,1377474048,23.02
721,1377474053,23.01
721,1377474058,23.02
721,1377474063,23.02
721,1377474068,23.02
721,1377474073,23.02
721,1377474078,23.02
721,1377474083,23.02
721,1377474088,23.03
721,1377474093,23.02
721,1377474098,23.02
721,1377474103,23.02
721,1377474108,23.04
721,1377474113,23.04
721,1377474118,23.02
721,1377474123,23.02
721,1377474128,23.02
721,1377474133,23.03
721,1377474138,23.02
721,1377474143,23.02
721,1377474148,23.02
721,1377474153,23.03
721,1377474158,23.03
721,1377474163,23.03
721,1377474168,23.02
721,1377474173,23.03
721,1377474178,23.04
721,1377474183,23.03
721,1377474188,23.03
721,1377474193,23.03
721,1377474198,23.03
721,1377474203,23.02
721,1377474208,23.03
721,1377474213,23.02
721,1377474218,23.04
721,1377474223,23.04
721,1377474228,23.04
721,1377474233,23.04
721,1377474238,23.04
721,1377474243,23.03
721,1377474248,23.04
721,1377474253,23.04
721,1377474258,23.04
721,1377474263,23.04
721,1377474268,23.03
721,1377474273,23.03
721,1377474278,23.03
721,1377474283,23.03
721,1377474288,23.05
721,1377474293,23.04
721,1377474298,23.04
721,1377474303,23.04
721,1377474308,23.04
721,1377474313,23.04
721,1377474318,23.04
721,1377474323,23.04
721,1377474328,23.04
721,1377474333,23.04
721,1377474338,23.05
721,1377474343,23.04
721,1377474348,23.04
721,1377474353,23.06
721,1377474358,23.04
721,1377474363,23.04
721,1377474368,23.03
721,1377474373,23.04
721,1377474378,23.05
721,1377474383,23.04
721,1377474388,23.04
721,1377474393,23.04
721,1377474398,23.05
721,1377474403,23.05
721,1377474408,23.05
721,1377474413,23.05
721,1377474418,23.06
721,1377474423,23.05
721,1377474428,23.05
721,1377474433,23.05
721,1377474438,23.05
721,1377474443,23.04
721,1377474448,23.06
721,1377474453,23.06
721,1377474458,23.06
721,1377474463,23.05
721,1377474468,23.05
721,1377474473,23.05
721,1377474478,23.05
721,1377474483,23.05
721,1377474488,23.06
721,1377474493,23.06
721,1377474498,23.06
721,1377474503,23.06
721,1377474508,23.05
721,1377474513,23.04
721,1377474518,23.06
721,1377474523,23.04
721,1377474528,23.06
721,1377474533,23.05
721,1377474538,23.04
721,1377474543,23.06
721,1377474548,23.06
721,1377474553,23.06
721,1377474558,23.04
721,1377474563,23.06
721,1377474568,23.06
721,1377474573,23.06
721,1377474578,23.05
721,1377474583,23.06
721,1377474588,23.06
721,1377474593,23.06
721,1377474598,23.07
721,1377474603,23.06
721,1377474608,23.07
721,1377474613,23.06
721,1377474618,23.06
721,1377474623,23.06
721,1377474628,23.07
721,1377474633,23.06
721,1377474638,23.06
721,1377474643,23.07
721,1377474648,23.05
721,1377474653,23.07
721,1377474658,23.07
721,1377474663,23.07
721,1377474668,23.07
721,1377474673,23.07
721,1377474678,23.06
721,1377474683,23.07
721,1377474688,23.07
721,1377474693,23.07
721,1377474698,23.06
721,1377474703,23.06
721,1377474708,23.08
721,1377474713,23.07
721,1377474718,23.06
721,1377474723,23.07
721,1377474728,23.06
721,1377474733,23.07
721,1377474738,23.08
721,1377474743,23.06
721,1377474748,23.08
721,1377474753,23.07
721,1377474758,23.07
721,1377474763,23.08
721,1377474768,23.07
721,1377474773,23.07
721,1377474778,23.08
721,1377474783,23.06
721,1377474788,23.08
721,1377474793,23.08
721,1377474798,23.08
721,1377474803,23.07
721,1377474808,23.08
721,1377474813,23.08
721,1377474818,23.07
721,1377474823,23.07
721,1377474828,23.08
721,1377474833,23.08
721,1377474838,23.08
721,1377474843,23.09
721,1377474848,23.08
721,1377474853,23.07
721,1377474858,23.07
721,1377474863,23.08
721,1377474868,23.09
721,1377474873,23.08
721,1377474878,23.08
721,1377474883,23.1
721,1377474888,23.09
721,1377474893,23.09
721,1377474898,23.09
721,1377474903,23.1
721,1377474908,23.08
721,1377474913,23.08
721,1377474918,23.09
721,1377474923,23.09
721,1377474928,23.08
721,1377474933,23.09
721,1377474938,23.08
721,1377474943,23.09
721,1377474948,23.08
721,1377474953,23.08
721,1377474958,23.09
721,1377474963,23.09
721,1377474968,23.1
721,1377474973,23.09
721,1377474978,23.09
721,1377474983,23.09
721,1377474988,23.1
721,1377474993,23.1
721,1377474998,23.1
721,1377475003,23.09
721,1377475008,23.11
721,1377475013,23.09
721,1377475018,23.09
721,1377475023,23.1
721,1377475028,23.09
721,1377475033,23.09
721,1377475038,23.09
721,1377475043,23.09
721,1377475048,23.1
721,1377475053,23.1
721,1377475058,23.1
721,1377475063,23.09
721,1377475068,23.1
721,1377475073,23.1
721,1377475078,23.1
721,1377475083,23.1
721,1377475088,23.1
721,1377475093,23.1
721,1377475098,23.1
721,1377475103,23.1
721,1377475108,23.1
721,1377475113,23.1
721,1377475118,23.1
721,1377475123,23.1
721,1377475128,23.1
721,1377475133,23.1
721,1377475138,23.1
721,1377475143,23.1
721,1377475148,23.1
721,1377475153,23.1
721,1377475158,23.1
721,1377475163,23.1
721,1377475168,23.1
721,1377475173,23.11
721,1377475178,23.1
721,1377475183,23.09
721,1377475188,23.11
721,1377475193,23.1
721,1377475198,23.1
721,1377475203,23.11
721,1377475208,23.1
721,1377475213,23.1
721,1377475218,23.1
721,1377475223,23.11
721,1377475228,23.11
721,1377475233,23.11
721,1377475238,23.1
721,1377475243,23.11
721,1377475248,23.11
721,1377475253,23.12
721,1377475258,23.11
721,1377475263,23.1
721,1377475268,23.12
721,1377475273,23.12
721,1377475278,23.12
721,1377475283,23.11
721,1377475288,23.11
721,1377475293,23.1
721,1377475298,23.12
721,1377475303,23.12
721,1377475308,23.12
721,1377475313,23.12
721,1377475318,23.11
721,1377475323,23.11
721,1377475328,23.11
721,1377475333,23.11
721,1377475338,23.11
721,1377475343,23.11
721,1377475348,23.12
721,1377475353,23.12
721,1377475358,23.12
721,1377475363,23.13
721,1377475368,23.12
721,1377475373,23.12
721,1377475378,23.12
721,1377475383,23.12
721,1377475388,23.11
721,1377475393,23.11
721,1377475398,23.12
721,1377475403,23.12
721,1377475408,23.12
721,1377475413,23.12
721,1377475418,23.11
721,1377475423,23.13
721,1377475428,23.13
721,1377475433,23.12
721,1377475438,23.12
721,1377475443,23.12
721,1377475448,23.12
721,1377475453,23.11
721,1377475458,23.12
721,1377475463,23.14
721,1377475468,23.12
721,1377475473,23.13
721,1377475478,23.12
721,1377475483,23.12
721,1377475488,23.12
721,1377475493,23.13
721,1377475498,23.13
721,1377475503,23.12
721,1377475508,23.12
721,1377475513,23.12
721,1377475518,23.12
721,1377475523,23.12
721,1377475528,23.12
721,1377475533,23.13
721,1377475538,23.14
721,1377475543,23.14
721,1377475548,23.13
721,1377475553,23.13
721,1377475558,23.12
721,1377475563,23.13
721,1377475568,23.14
721,1377475573,23.14
721,1377475578,23.14
721,1377475583,23.13
721,1377475588,23.14
721,1377475593,23.13
721,1377475598,23.14
721,1377475603,23.14
721,1377475608,23.14
721,1377475613,23.13
721,1377475618,23.13
721,1377475623,23.13
721,1377475628,23.13
721,1377475633,23.13
721,1377475638,23.13
721,1377475643,23.13
721,1377475648,23.14
721,1377475653,23.13
721,1377475658,23.13
721,1377475663,23.14
721,1377475668,23.14
721,1377475673,23.14
721,1377475678,23.14
721,1377475683,23.13
721,1377475688,23.14
721,1377475693,23.13
721,1377475698,23.14
721,1377475703,23.14
721,1377475708,23.14
721,1377475713,23.14
721,1377475718,23.15
721,1377475723,23.14
721,1377475728,23.13
721,1377475733,23.13
721,1377475738,23.14
721,1377475743,23.13
721,1377475748,23.14
721,1377475753,23.14
721,1377475758,23.14
721,1377475763,23.14
721,1377475768,23.14
721,1377475773,23.14
721,1377475778,23.14
721,1377475783,23.14
721,1377475788,23.14
721,1377475793,23.14
721,1377475798,23.13
721,1377475803,23.14
721,1377475808,23.14
721,1377475813,23.14
721,1377475818,23.15
721,1377475823,23.14
721,1377475828,23.14
721,1377475833,23.14
721,1377475838,23.14
721,1377475843,23.13
721,1377475848,23.14
721,1377475853,23.14
721,1377475858,23.14
721,1377475863,23.14
721,1377475868,23.15
721,1377475873,23.15
721,1377475878,23.14
721,1377475883,23.14
721,1377475888,23.15
721,1377475893,23.14
721,1377475898,23.14
721,1377475903,23.15
721,1377475908,23.14
721,1377475913,23.15
721,1377475918,23.14
721,1377475923,23.14
721,1377475928,23.15
721,1377475933,23.14
721,1377475938,23.14
721,1377475943,23.15
721,1377475948,23.14
721,1377475953,23.15
721,1377475958,23.15
721,1377475963,23.15
721,1377475968,23.15
721,1377475973,23.14
721,1377475978,23.16
721,1377475983,23.14
721,1377475988,23.14
721,1377475993,23.14
721,1377475998,23.14
721,1377476003,23.14
721,1377476008,23.14
721,1377476013,23.16
721,1377476018,23.14
721,1377476023,23.15
721,1377476028,23.14
721,1377476033,23.15
721,1377476038,23.14
721,1377476043,23.15
721,1377476048,23.15
721,1377476053,23.14
721,1377476058,23.15
721,1377476063,23.14
721,1377476068,23.14
721,1377476073,23.15
721,1377476078,23.14
721,1377476083,23.14
721,1377476088,23.14
721,1377476093,23.14
721,1377476098,23.14
721,1377476103,23.15
721,1377476108,23.14
721,1377476113,23.14
721,1377476118,23.15
721,1377476123,23.15
721,1377476128,23.16
721,1377476133,23.14
721,1377476138,23.16
721,1377476143,23.14
721,1377476148,23.15
721,1377476153,23.16
721,1377476158,23.15
721,1377476163,23.15
721,1377476168,23.15
721,1377476173,23.16
721,1377476178,23.15
721,1377476183,23.14
721,1377476188,23.16
721,1377476193,23.15
721,1377476198,23.15
721,1377476203,23.16
721,1377476208,23.15
721,1377476213,23.14
721,1377476218,23.14
721,1377476223,23.15
721,1377476228,23.15
721,1377476233,23.16
721,1377476238,23.15
721,1377476243,23.15
721,1377476248,23.14
721,1377476253,23.16
721,1377476258,23.15
721,1377476263,23.15
721,1377476268,23.15
721,1377476273,23.16
721,1377476278,23.16
721,1377476283,23.16
721,1377476288,23.15
721,1377476293,23.15
721,1377476298,23.15
721,1377476303,23.15
721,1377476308,23.16
721,1377476313,23.16
721,1377476318,23.16
721,1377476323,23.15
721,1377476328,23.15
721,1377476333,23.15
721,1377476338,23.16
721,1377476343,23.17
721,1377476348,23.15
721,1377476353,23.15
721,1377476358,23.15
721,1377476363,23.15
721,1377476368,23.15
721,1377476373,23.16
721,1377476378,23.16
721,1377476383,23.16
721,1377476388,23.16
721,1377476393,23.14
721,1377476398,23.16
721,1377476403,23.14
721,1377476408,23.16
721,1377476413,23.16
721,1377476418,23.16
721,1377476423,23.16
721,1377476428,23.16
721,1377476433,23.15
721,1377476438,23.16
721,1377476443,23.15
721,1377476448,23.15
721,1377476453,23.16
721,1377476458,23.16
721,1377476463,23.16
721,1377476468,23.15
721,1377476473,23.16
721,1377476478,23.16
721,1377476483,23.17
721,1377476488,23.16
721,1377476493,23.16
721,1377476498,23.17
721,1377476503,23.15
721,1377476508,23.16
721,1377476513,23.16
721,1377476518,23.16
721,1377476523,23.16
721,1377476528,23.16
721,1377476533,23.16
721,1377476538,23.16
721,1377476543,23.16
721,1377476548,23.16
721,1377476553,23.16
721,1377476558,23.15
721,1377476563,23.17
721,1377476568,23.16
721,1377476573,23.16
721,1377476578,23.17
721,1377476583,23.16
721,1377476588,23.17
721,1377476593,23.16
721,1377476598,23.17
721,1377476603,23.17
721,1377476608,23.17
721,1377476613,23.17
721,1377476618,23.16
721,1377476623,23.17
721,1377476628,23.16
721,1377476633,23.17
721,1377476638,23.16
721,1377476643,23.18
721,1377476648,23.18
721,1377476653,23.17
721,1377476658,23.16
721,1377476663,23.15
721,1377476668,23.18
721,1377476673,23.16
721,1377476678,23.16
721,1377476683,23.18
721,1377476688,23.18
721,1377476693,23.16
721,1377476698,23.16
721,1377476703,23.17
721,1377476708,23.18
721,1377476713,23.18
721,1377476718,23.16
721,1377476723,23.17
721,1377476728,23.17
721,1377476733,23.17
721,1377476738,23.18
721,1377476743,23.16
721,1377476748,23.16
721,1377476753,23.16
721,1377476758,23.17
721,1377476763,23.17
721,1377476768,23.16
721,1377476773,23.16
721,1377476778,23.16
721,1377476783,23.17
721,1377476788,23.17
721,1377476793,23.17
721,1377476798,23.18
721,1377476803,23.17
721,1377476808,23.17
721,1377476813,23.17
721,1377476818,23.18
721,1377476823,23.17
721,1377476828,23.17
721,1377476833,23.19
721,1377476838,23.18
721,1377476843,23.17
721,1377476848,23.17
721,1377476853,23.18
721,1377476858,23.18
721,1377476863,23.18
721,1377476868,23.17
721,1377476873,23.18
721,1377476878,23.16
721,1377476883,23.17
721,1377476888,23.18
721,1377476893,23.17
721,1377476898,23.16
721,1377476903,23.18
721,1377476908,23.18
721,1377476913,23.17
721,1377476918,23.17
721,1377476923,23.17
721,1377476928,23.17
721,1377476933,23.17
721,1377476938,23.18
721,1377476943,23.17
721,1377476948,23.18
721,1377476953,23.17
721,1377476958,23.17
721,1377476963,23.18
721,1377476968,23.18
721,1377476973,23.18
721,1377476978,23.18
721,1377476983,23.16
721,1377476988,23.18
721,1377476993,23.17
721,1377476998,23.18
721,1377477003,23.18
721,1377477008,23.17
721,1377477013,23.17
721,1377477018,23.18
721,1377477023,23.18
721,1377477028,23.18
721,1377477033,23.18
721,1377477038,23.19
721,1377477043,23.2
721,1377477048,23.18
721,1377477053,23.19
721,1377477058,23.2
721,1377477063,23.2
721,1377477068,23.18
721,1377477073,23.18
721,1377477078,23.18
721,1377477083,23.19
721,1377477088,23.18
721,1377477093,23.18
721,1377477098,23.18
721,1377477103,23.18
721,1377477108,23.18
721,1377477113,23.19
721,1377477118,23.18
721,1377477123,23.18
721,1377477128,23.18
721,1377477133,23.18
721,1377477138,23.18
721,1377477143,23.18
721,1377477148,23.18
721,1377477153,23.18
721,1377477158,23.18
721,1377477163,23.18
721,1377477168,23.18
721,1377477173,23.18
721,1377477178,23.19
721,1377477183,23.18
721,1377477188,23.18
721,1377477193,23.19
721,1377477198,23.18
721,1377477203,23.19
721,1377477208,23.19
721,1377477213,23.18
721,1377477218,23.19
721,1377477223,23.18
721,1377477228,23.18
721,1377477233,23.19
721,1377477238,23.18
721,1377477243,23.18
721,1377477248,23.18
721,1377477253,23.18
721,1377477258,23.19
721,1377477263,23.18
721,1377477268,23.19
721,1377477273,23.18
721,1377477278,23.18
721,1377477283,23.18
721,1377477288,23.18
721,1377477293,23.18
721,1377477298,23.19
721,1377477303,23.19
721,1377477308,23.18
721,1377477313,23.19
721,1377477318,23.19
721,1377477323,23.18
721,1377477328,23.19
721,1377477333,23.19
721,1377477338,23.18
721,1377477343,23.18
721,1377477348,23.18
721,1377477353,23.19
721,1377477358,23.18
721,1377477363,23.18
721,1377477368,23.18
721,1377477373,23.18
721,1377477378,23.18
721,1377477383,23.18
721,1377477388,23.19
721,1377477393,23.19
721,1377477398,23.18
721,1377477403,23.19
721,1377477408,23.18
721,1377477413,23.18
721,1377477418,23.18
721,1377477423,23.18
721,1377477428,23.18
721,1377477433,23.18
721,1377477438,23.18
721,1377477443,23.19
721,1377477448,23.19
721,1377477453,23.18
721,1377477458,23.18
721,1377477463,23.18
721,1377477468,23.18
721,1377477473,23.18
721,1377477478,23.17
721,1377477483,23.18
721,1377477488,23.19
721,1377477493,23.19
721,1377477498,23.19
721,1377477503,23.18
721,1377477508,23.18
721,1377477513,23.18
721,1377477518,23.19
721,1377477523,23.18
721,1377477528,23.18
721,1377477533,23.19
721,1377477538,23.18
721,1377477543,23.19
721,1377477548,23.18
721,1377477553,23.18
721,1377477558,23.2
721,1377477563,23.18
721,1377477568,23.18
721,1377477573,23.18
721,1377477578,23.19
721,1377477583,23.18
721,1377477588,23.19
721,1377477593,23.18
721,1377477598,23.19
721,1377477603,23.18
721,1377477608,23.19
721,1377477613,23.19
721,1377477618,23.18
721,1377477623,23.19
721,1377477628,23.18
721,1377477633,23.18
721,1377477638,23.18
721,1377477643,23.19
721,1377477648,23.18
721,1377477653,23.18
721,1377477658,23.18
721,1377477663,23.18
721,1377477668,23.19
721,1377477673,23.18
721,1377477678,23.18
721,1377477683,23.19
721,1377477688,23.18
721,1377477693,23.18
721,1377477698,23.17
721,1377477703,23.18
721,1377477708,23.19
721,1377477713,23.18
721,1377477718,23.18
721,1377477723,23.18
721,1377477728,23.18
721,1377477733,23.18
721,1377477738,23.18
721,1377477743,23.18
721,1377477748,23.18
721,1377477753,23.18
721,1377477758,23.2
721,1377477766,23.18
721,1377477768,23.2
721,1377477773,23.19
721,1377477778,23.18
721,1377477783,23.2
721,1377477788,23.19
721,1377477793,23.18
721,1377477798,23.19
721,1377477803,23.18
721,1377477808,23.19
721,1377477813,23.2
721,1377477818,23.2
721,1377477823,23.18
721,1377477828,23.19
721,1377477833,23.18
721,1377477838,23.19
721,1377477843,23.2
721,1377477848,23.18
721,1377477853,23.19
721,1377477858,23.18
721,1377477863,23.19
721,1377477868,23.18
721,1377477873,23.19
721,1377477878,23.19
721,1377477883,23.18
721,1377477888,23.2
721,1377477893,23.19
721,1377477898,23.19
721,1377477903,23.18
721,1377477908,23.18
721,1377477913,23.19
721,1377477918,23.2
721,1377477923,23.2
721,1377477928,23.18
721,1377477933,23.19
721,1377477938,23.2
721,1377477943,23.19
721,1377477948,23.18
721,1377477953,23.2
721,1377477958,23.19
721,1377477963,23.19
721,1377477968,23.19
721,1377477973,23.18
721,1377477978,23.18
721,1377477983,23.18
721,1377477988,23.19
721,1377477993,23.19
721,1377477998,23.18
721,1377478003,23.19
721,1377478008,23.18
721,1377478013,23.19
721,1377478018,23.19
721,1377478023,23.19
721,1377478028,23.18
721,1377478033,23.19
721,1377478038,23.19
721,1377478043,23.18
721,1377478048,23.18
721,1377478053,23.18
721,1377478058,23.19
721,1377478063,23.18
721,1377478068,23.19
721,1377478073,23.18
721,1377478078,23.19
721,1377478083,23.18
721,1377478088,23.18
721,1377478093,23.19
721,1377478098,23.18
721,1377478103,23.18
721,1377478108,23.18
721,1377478113,23.18
721,1377478118,23.19
721,1377478123,23.18
721,1377478128,23.18
721,1377478133,23.19
721,1377478138,23.2
721,1377478143,23.18
721,1377478148,23.19
721,1377478153,23.19
721,1377478158,23.18
721,1377478163,23.19
721,1377478168,23.18
721,1377478173,23.2
721,1377478178,23.2
721,1377478183,23.2
721,1377478188,23.19
721,1377478193,23.18
721,1377478198,23.19
721,1377478203,23.19
721,1377478208,23.18
721,1377478213,23.18
721,1377478218,23.18
721,1377478223,23.2
721,1377478228,23.2
721,1377478233,23.2
721,1377478238,23.18
721,1377478243,23.19
721,1377478248,23.19
721,1377478253,23.2
721,1377478258,23.19
721,1377478263,23.2
721,1377478268,23.18
721,1377478273,23.18
721,1377478278,23.19
721,1377478283,23.2
721,1377478288,23.2
721,1377478293,23.19
721,1377478298,23.2
721,1377478303,23.2
721,1377478308,23.18
721,1377478313,23.19
721,1377478318,23.2
721,1377478323,23.2
721,1377478328,23.2
721,1377478333,23.2
721,1377478338,23.19
721,1377478343,23.2
721,1377478348,23.2
721,1377478353,23.19
721,1377478358,23.18
721,1377478363,23.19
721,1377478368,23.19
721,1377478373,23.2
721,1377478378,23.19
721,1377478383,23.19
721,1377478388,23.2
721,1377478393,23.19
721,1377478398,23.19
721,1377478403,23.19
721,1377478408,23.18
721,1377478413,23.2
721,1377478418,23.19
721,1377478423,23.19
721,1377478428,23.18
721,1377478433,23.19
721,1377478438,23.19
721,1377478443,23.2
721,1377478448,23.2
721,1377478453,23.19
721,1377478458,23.19
721,1377478463,23.19
721,1377478468,23.19
721,1377478473,23.19
721,1377478478,23.19
721,1377478483,23.2
721,1377478488,23.19
721,1377478493,23.19
721,1377478498,23.19
721,1377478503,23.2
721,1377478508,23.2
721,1377478513,23.2
721,1377478518,23.2
721,1377478523,23.2
721,1377478528,23.2
721,1377478533,23.19
721,1377478538,23.2
721,1377478543,23.2
721,1377478548,23.2
721,1377478553,23.19
721,1377478558,23.2
721,1377478563,23.2
721,1377478568,23.19
721,1377478573,23.19
721,1377478578,23.2
721,1377478583,23.2
721,1377478588,23.2
721,1377478593,23.19
721,1377478598,23.21
721,1377478603,23.21
721,1377478608,23.21
721,1377478615,23.19
721,1377478618,23.19
721,1377478623,23.2
721,1377478628,23.2
721,1377478633,23.2
721,1377478638,23.2
721,1377478643,23.19
721,1377478648,23.2
721,1377478653,23.2
721,1377478658,23.2
721,1377478663,23.2
721,1377478668,23.2
721,1377478673,23.2
721,1377478678,23.2
721,1377478683,23.2
721,1377478688,23.2
721,1377478693,23.2
721,1377478698,23.21
721,1377478703,23.21
721,1377478708,23.21
721,1377478713,23.21
721,1377478718,23.2
721,1377478723,23.2
721,1377478728,23.2
721,1377478733,23.2
721,1377478738,23.21
721,1377478743,23.22
721,1377478748,23.2
721,1377478753,23.2
721,1377478758,23.2
721,1377478763,23.22
721,1377478768,23.2
721,1377478773,23.21
721,1377478778,23.21
721,1377478783,23.21
721,1377478788,23.2
721,1377478793,23.22
721,1377478798,23.19
721,1377478803,23.2
721,1377478808,23.19
721,1377478813,23.2
721,1377478818,23.21
721,1377478823,23.21
721,1377478828,23.21
721,1377478833,23.19
721,1377478838,23.22
721,1377478843,23.2
721,1377478848,23.21
721,1377478853,23.2
721,1377478858,23.21
721,1377478863,23.21
721,1377478868,23.21
721,1377478873,23.19
721,1377478878,23.21
721,1377478883,23.21
721,1377478888,23.22
721,1377478893,23.21
721,1377478898,23.21
721,1377478903,23.21
721,1377478908,23.2
721,1377478913,23.22
721,1377478918,23.21
721,1377478923,23.22
721,1377478928,23.21
721,1377478933,23.21
721,1377478938,23.2
721,1377478943,23.21
721,1377478948,23.2
721,1377478953,23.22
721,1377478958,23.21
721,1377478963,23.22
721,1377478968,23.22
721,1377478973,23.22
721,1377478978,23.22
721,1377478983,23.21
721,1377478988,23.21
721,1377478993,23.23
721,1377478998,23.2
721,1377479003,23.21
721,1377479008,23.21
721,1377479013,23.21
721,1377479018,23.22
721,1377479023,23.22
721,1377479028,23.22
721,1377479033,23.22
721,1377479038,23.22
721,1377479043,23.22
721,1377479048,23.22
721,1377479053,23.21
721,1377479058,23.22
721,1377479063,23.21
721,1377479068,23.22
721,1377479073,23.22
721,1377479078,23.22
721,1377479083,23.21
721,1377479088,23.21
721,1377479093,23.22
721,1377479098,23.21
721,1377479103,23.22
721,1377479108,23.2
721,1377479113,23.22
721,1377479118,23.22
721,1377479123,23.22
721,1377479128,23.22
721,1377479133,23.22
721,1377479138,23.22
721,1377479143,23.22
721,1377479148,23.22
721,1377479153,23.22
721,1377479158,23.23
721,1377479163,23.22
721,1377479168,23.23
721,1377479173,23.21
721,1377479178,23.22
721,1377479183,23.23
721,1377479188,23.23
721,1377479193,23.22
721,1377479198,23.22
721,1377479203,23.22
721,1377479208,23.22
721,1377479213,23.22
721,1377479218,23.22
721,1377479223,23.23
721,1377479228,23.23
721,1377479233,23.23
721,1377479238,23.22
721,1377479243,23.22
721,1377479248,23.23
721,1377479253,23.23
721,1377479258,23.23
721,1377479263,23.22
721,1377479268,23.24
721,1377479273,23.22
721,1377479278,23.23
721,1377479283,23.22
721,1377479288,23.23
721,1377479293,23.22
721,1377479298,23.23
721,1377479303,23.22
721,1377479308,23.22
721,1377479313,23.24
721,1377479318,23.22
721,1377479323,23.24
721,1377479328,23.23
721,1377479333,23.23
721,1377479338,23.24
721,1377479343,23.24
721,1377479348,23.23
721,1377479353,23.24
721,1377479358,23.22
721,1377479363,23.23
721,1377479368,23.23
721,1377479373,23.24
721,1377479378,23.24
721,1377479383,23.24
721,1377479388,23.24
721,1377479393,23.24
721,1377479398,23.24
721,1377479403,23.24
721,1377479408,23.24
721,1377479413,23.24
721,1377479418,23.23
721,1377479423,23.23
721,1377479428,23.24
721,1377479433,23.25
721,1377479438,23.24
721,1377479443,23.24
721,1377479448,23.23
721,1377479453,23.24
721,1377479458,23.24
721,1377479463,23.24
721,1377479468,23.24
721,1377479473,23.24
721,1377479478,23.24
721,1377479483,23.24
721,1377479488,23.24
721,1377479493,23.23
721,1377479498,23.24
721,1377479503,23.24
721,1377479508,23.26
721,1377479513,23.26
721,1377479518,23.24
721,1377479523,23.25
721,1377479528,23.25
721,1377479533,23.24
721,1377479538,23.25
721,1377479543,23.24
721,1377479548,23.24
721,1377479553,23.26
721,1377479558,23.25
721,1377479563,23.24
721,1377479568,23.24
721,1377479573,23.25
721,1377479578,23.25
721,1377479583,23.24
721,1377479588,23.26
721,1377479593,23.24
721,1377479598,23.24
721,1377479603,23.24
721,1377479608,23.24
721,1377479613,23.25
721,1377479618,23.26
721,1377479623,23.26
721,1377479628,23.26
721,1377479633,23.26
721,1377479638,23.25
721,1377479643,23.24
721,1377479648,23.26
721,1377479653,23.25
721,1377479658,23.25
721,1377479663,23.26
721,1377479668,23.25
721,1377479673,23.26
721,1377479678,23.26
721,1377479683,23.26
721,1377479688,23.26
721,1377479693,23.26
721,1377479698,23.26
721,1377479703,23.26
721,1377479708,23.26
721,1377479713,23.26
721,1377479718,23.25
721,1377479723,23.26
721,1377479728,23.26
721,1377479733,23.26
721,1377479738,23.26
721,1377479743,23.27
721,1377479748,23.26
721,1377479753,23.26
721,1377479758,23.28
721,1377479763,23.28
721,1377479768,23.26
721,1377479773,23.26
721,1377479778,23.26
721,1377479783,23.27
721,1377479788,23.27
721,1377479793,23.26
721,1377479798,23.26
721,1377479803,23.27
721,1377479808,23.26
721,1377479813,23.26
721,1377479818,23.27
721,1377479823,23.27
721,1377479828,23.27
721,1377479833,23.27
721,1377479838,23.27
721,1377479843,23.28
721,1377479848,23.28
721,1377479853,23.27
721,1377479858,23.27
721,1377479863,23.28
721,1377479868,23.27
721,1377479873,23.28
721,1377479878,23.28
721,1377479883,23.27
721,1377479888,23.27
721,1377479893,23.28
721,1377479898,23.28
721,1377479903,23.28
721,1377479908,23.28
721,1377479913,23.27
721,1377479918,23.28
721,1377479923,23.28
721,1377479928,23.28
721,1377479933,23.27
721,1377479938,23.28
721,1377479943,23.28
721,1377479948,23.29
721,1377479953,23.28
721,1377479958,23.28
721,1377479963,23.28
721,1377479968,23.28
721,1377479973,23.28
721,1377479978,23.28
721,1377479983,23.29
721,1377479988,23.28
721,1377479993,23.29
721,1377479998,23.29
721,1377480003,23.28
721,1377480008,23.28
721,1377480013,23.28
721,1377480018,23.3
721,1377480023,23.29
721,1377480028,23.3
721,1377480033,23.28
721,1377480038,23.29
721,1377480043,23.29
721,1377480048,23.29
721,1377480053,23.28
721,1377480058,23.29
721,1377480063,23.29
721,1377480068,23.3
721,1377480073,23.29
721,1377480078,23.29
721,1377480083,23.29
721,1377480088,23.29
721,1377480093,23.3
721,1377480098,23.29
721,1377480103,23.3
721,1377480108,23.29
721,1377480113,23.29
721,1377480118,23.3
721,1377480123,23.3
721,1377480128,23.29
721,1377480133,23.3
721,1377480138,23.29
721,1377480143,23.3
721,1377480148,23.3
721,1377480153,23.3
721,1377480158,23.31
721,1377480163,23.3
721,1377480168,23.3
721,1377480173,23.3
721,1377480178,23.31
721,1377480183,23.31
721,1377480188,23.3
721,1377480193,23.3
721,1377480198,23.31
721,1377480203,23.3
721,1377480208,23.3
721,1377480213,23.29
721,1377480218,23.3
721,1377480223,23.31
721,1377480228,23.3
721,1377480233,23.3
721,1377480238,23.31
721,1377480243,23.31
721,1377480248,23.31
721,1377480253,23.3
721,1377480258,23.3
721,1377480263,23.31
721,1377480268,23.31
721,1377480273,23.3
721,1377480278,23.3
721,1377480283,23.31
721,1377480288,23.32
721,1377480293,23.31
721,1377480298,23.31
721,1377480303,23.31
721,1377480308,23.31
721,1377480313,23.3
721,1377480318,23.31
721,1377480323,23.31
721,1377480328,23.3
721,1377480333,23.32
721,1377480338,23.32
721,1377480343,23.31
721,1377480348,23.32
721,1377480353,23.32
721,1377480358,23.32
721,1377480363,23.32
721,1377480371,23.32
721,1377480373,23.32
721,1377480378,23.32
721,1377480383,23.31
721,1377480388,23.32
721,1377480393,23.32
721,1377480398,23.32
721,1377480403,23.32
721,1377480408,23.32
721,1377480413,23.32
721,1377480418,23.31
721,1377480423,23.31
721,1377480428,23.32
721,1377480433,23.32
721,1377480438,23.32
721,1377480443,23.32
721,1377480448,23.31
721,1377480453,23.32
721,1377480458,23.33
721,1377480463,23.31
721,1377480468,23.32
721,1377480473,23.32
721,1377480478,23.33
721,1377480483,23.32
721,1377480488,23.33
721,1377480493,23.32
721,1377480498,23.32
721,1377480503,23.32
721,1377480508,23.33
721,1377480513,23.34
721,1377480518,23.32
721,1377480523,23.31
721,1377480528,23.34
721,1377480533,23.32
721,1377480538,23.33
721,1377480543,23.34
721,1377480548,23.33
721,1377480553,23.34
721,1377480558,23.32
721,1377480563,23.32
721,1377480568,23.32
721,1377480573,23.32
721,1377480578,23.33
721,1377480583,23.34
721,1377480588,23.34
721,1377480593,23.34
721,1377480598,23.34
721,1377480603,23.33
721,1377480608,23.34
721,1377480613,23.34
721,1377480618,23.33
721,1377480623,23.33
721,1377480628,23.35
721,1377480633,23.33
721,1377480638,23.34
721,1377480643,23.34
721,1377480648,23.33
721,1377480653,23.35
721,1377480658,23.34
721,1377480663,23.34
721,1377480668,23.34
721,1377480673,23.34
721,1377480678,23.35
721,1377480683,23.35
721,1377480688,23.35
721,1377480693,23.34
721,1377480698,23.34
721,1377480703,23.34
721,1377480708,23.35
721,1377480713,23.34
721,1377480718,23.34
721,1377480723,23.35
721,1377480728,23.36
721,1377480733,23.35
721,1377480738,23.35
721,1377480743,23.34
721,1377480748,23.36
721,1377480753,23.34
721,1377480758,23.36
721,1377480763,23.35
721,1377480768,23.35
721,1377480773,23.34
721,1377480778,23.35
721,1377480783,23.36
721,1377480788,23.36
721,1377480793,23.36
721,1377480798,23.36
721,1377480803,23.34
721,1377480808,23.36
721,1377480813,23.35
721,1377480818,23.37
721,1377480823,23.36
721,1377480828,23.36
721,1377480833,23.36
721,1377480838,23.36
721,1377480843,23.36
721,1377480848,23.37
721,1377480853,23.35
721,1377480858,23.36
721,1377480863,23.36
721,1377480868,23.36
721,1377480873,23.36
721,1377480878,23.37
721,1377480883,23.36
721,1377480888,23.36
721,1377480893,23.36
721,1377480898,23.36
721,1377480903,23.37
721,1377480908,23.36
721,1377480913,23.37
721,1377480918,23.37
721,1377480923,23.37
721,1377480928,23.37
721,1377480933,23.36
721,1377480938,23.37
721,1377480943,23.36
721,1377480948,23.36
721,1377480953,23.36
721,1377480958,23.37
721,1377480963,23.38
721,1377480968,23.37
721,1377480973,23.37
721,1377480978,23.37
721,1377480983,23.37
721,1377480988,23.38
721,1377480993,23.38
721,1377480998,23.36
721,1377481003,23.37
721,1377481008,23.37
721,1377481013,23.37
721,1377481018,23.37
721,1377481023,23.37
721,1377481028,23.36
721,1377481033,23.36
721,1377481038,23.38
721,1377481043,23.38
721,1377481048,23.38
721,1377481053,23.37
721,1377481058,23.38
721,1377481063,23.38
721,1377481068,23.38
721,1377481073,23.38
721,1377481078,23.38
721,1377481083,23.38
721,1377481088,23.38
721,1377481093,23.38
721,1377481098,23.39
721,1377481103,23.38
721,1377481108,23.38
721,1377481113,23.38
721,1377481118,23.39
721,1377481123,23.38
721,1377481128,23.38
721,1377481133,23.39
721,1377481138,23.39
721,1377481143,23.39
721,1377481148,23.4
721,1377481153,23.38
721,1377481158,23.39
721,1377481163,23.38
721,1377481168,23.38
721,1377481173,23.38
721,1377481178,23.39
721,1377481183,23.38
721,1377481188,23.39
721,1377481193,23.4
721,1377481198,23.39
721,1377481203,23.39
721,1377481208,23.4
721,1377481213,23.39
721,1377481218,23.39
721,1377481225,23.4
721,1377481228,23.4
721,1377481233,23.4
721,1377481238,23.39
721,1377481243,23.39
721,1377481248,23.39
721,1377481253,23.39
721,1377481258,23.39
721,1377481263,23.4
721,1377481268,23.38
721,1377481273,23.39
721,1377481278,23.4
721,1377481283,23.4
721,1377481288,23.4
721,1377481293,23.41
721,1377481298,23.4
721,1377481303,23.4
721,1377481308,23.4
721,1377481313,23.4
721,1377481318,23.4
721,1377481323,23.39
721,1377481328,23.4
721,1377481333,23.41
721,1377481338,23.4
721,1377481343,23.41
721,1377481348,23.41
721,1377481353,23.41
721,1377481358,23.41
721,1377481363,23.41
721,1377481368,23.42
721,1377481373,23.42
721,1377481378,23.42
721,1377481383,23.42
721,1377481388,23.42
721,1377481393,23.41
721,1377481398,23.42
721,1377481403,23.41
721,1377481408,23.42
721,1377481413,23.41
721,1377481418,23.42
721,1377481423,23.42
721,1377481428,23.43
721,1377481433,23.43
721,1377481438,23.42
721,1377481443,23.43
721,1377481448,23.42
721,1377481453,23.42
721,1377481458,23.42
721,1377481463,23.42
721,1377481468,23.42
721,1377481473,23.42
721,1377481478,23.43
721,1377481483,23.43
721,1377481488,23.43
721,1377481493,23.43
721,1377481498,23.43
721,1377481503,23.42
721,1377481508,23.42
721,1377481513,23.42
721,1377481518,23.42
721,1377481523,23.44
721,1377481528,23.42
721,1377481533,23.43
721,1377481538,23.44
721,1377481543,23.44
721,1377481548,23.44
721,1377481553,23.44
721,1377481558,23.43
721,1377481563,23.44
721,1377481568,23.44
721,1377481573,23.44
721,1377481578,23.44
721,1377481583,23.44
721,1377481588,23.44
721,1377481593,23.44
721,1377481598,23.44
721,1377481603,23.45
721,1377481608,23.44
721,1377481613,23.45
721,1377481618,23.44
721,1377481623,23.44
721,1377481628,23.44
721,1377481633,23.45
721,1377481638,23.44
721,1377481643,23.44
721,1377481648,23.43
721,1377481653,23.45
721,1377481658,23.45
721,1377481663,23.46
721,1377481668,23.44
721,1377481673,23.44
721,1377481678,23.45
721,1377481683,23.44
721,1377481688,23.44
721,1377481693,23.45
721,1377481698,23.45
721,1377481703,23.45
721,1377481708,23.44
721,1377481713,23.46
721,1377481718,23.46
721,1377481723,23.46
721,1377481728,23.46
721,1377481733,23.44
721,1377481738,23.46
721,1377481743,23.45
721,1377481748,23.46
721,1377481753,23.46
721,1377481758,23.46
721,1377481763,23.46
721,1377481768,23.46
721,1377481773,23.46
721,1377481778,23.47
721,1377481783,23.46
721,1377481788,23.46
721,1377481793,23.46
721,1377481798,23.47
721,1377481803,23.46
721,1377481808,23.46
721,1377481813,23.47
721,1377481818,23.46
721,1377481823,23.46
721,1377481828,23.46
721,1377481833,23.47
721,1377481838,23.47
721,1377481843,23.47
721,1377481848,23.47
721,1377481853,23.46
721,1377481858,23.46
721,1377481863,23.46
721,1377481868,23.48
721,1377481873,23.48
721,1377481878,23.48
721,1377481883,23.48
721,1377481888,23.48
721,1377481893,23.47
721,1377481898,23.47
721,1377481903,23.48
721,1377481908,23.48
721,1377481913,23.48
721,1377481918,23.48
721,1377481923,23.48
721,1377481928,23.48
721,1377481933,23.48
721,1377481938,23.48
721,1377481943,23.48
721,1377481948,23.49
721,1377481953,23.48
721,1377481958,23.48
721,1377481963,23.49
721,1377481968,23.48
721,1377481973,23.49
721,1377481978,23.48
721,1377481983,23.48
721,1377481988,23.48
721,1377481993,23.48
721,1377481998,23.49
721,1377482003,23.49
721,1377482008,23.49
721,1377482013,23.48
721,1377482018,23.48
721,1377482023,23.48
721,1377482028,23.49
721,1377482033,23.49
721,1377482038,23.5
721,1377482043,23.48
721,1377482048,23.5
721,1377482053,23.5
721,1377482058,23.49
721,1377482065,23.48
721,1377482068,23.47
721,1377482073,23.49
721,1377482078,23.5
721,1377482083,23.49
721,1377482088,23.49
721,1377482093,23.49
721,1377482098,23.5
721,1377482103,23.5
721,1377482108,23.5
721,1377482113,23.5
721,1377482118,23.51
721,1377482123,23.5
721,1377482128,23.5
721,1377482133,23.5
721,1377482138,23.5
721,1377482143,23.49
721,1377482148,23.49
721,1377482153,23.5
721,1377482158,23.5
721,1377482163,23.5
721,1377482168,23.5
721,1377482173,23.5
721,1377482178,23.5
721,1377482183,23.51
721,1377482188,23.51
721,1377482193,23.52
721,1377482198,23.51
721,1377482203,23.51
721,1377482208,23.51
721,1377482213,23.51
721,1377482218,23.51
721,1377482223,23.52
721,1377482228,23.52
721,1377482233,23.51
721,1377482238,23.51
721,1377482243,23.51
721,1377482248,23.51
721,1377482253,23.51
721,1377482258,23.53
721,1377482263,23.52
721,1377482268,23.52
721,1377482273,23.51
721,1377482278,23.52
721,1377482283,23.52
721,1377482288,23.52
721,1377482293,23.52
721,1377482298,23.52
721,1377482303,23.52
721,1377482308,23.53
721,1377482313,23.52
721,1377482318,23.52
721,1377482323,23.52
721,1377482328,23.53
721,1377482333,23.53
721,1377482338,23.53
721,1377482343,23.52
721,1377482348,23.53
721,1377482353,23.53
721,1377482358,23.53
721,1377482363,23.52
721,1377482368,23.52
721,1377482373,23.53
721,1377482378,23.54
721,1377482383,23.53
721,1377482388,23.52
721,1377482393,23.53
721,1377482398,23.53
721,1377482403,23.52
721,1377482408,23.53
721,1377482413,23.54
721,1377482418,23.53
721,1377482423,23.53
721,1377482428,23.54
721,1377482433,23.54
721,1377482438,23.54
721,1377482443,23.54
721,1377482448,23.54
721,1377482453,23.53
721,1377482458,23.54
721,1377482463,23.53
721,1377482468,23.54
721,1377482473,23.54
721,1377482478,23.53
721,1377482483,23.54
721,1377482488,23.54
721,1377482493,23.54
721,1377482498,23.53
721,1377482503,23.53
721,1377482508,23.54
721,1377482513,23.54
721,1377482518,23.54
721,1377482523,23.54
721,1377482528,23.54
721,1377482533,23.55
721,1377482538,23.54
721,1377482543,23.53
721,1377482548,23.54
721,1377482553,23.54
721,1377482558,23.55
721,1377482563,23.55
721,1377482568,23.54
721,1377482573,23.55
721,1377482578,23.55
721,1377482583,23.54
721,1377482588,23.54
721,1377482593,23.55
721,1377482598,23.54
721,1377482603,23.55
721,1377482608,23.55
721,1377482613,23.54
721,1377482618,23.54
721,1377482623,23.55
721,1377482628,23.56
721,1377482633,23.54
721,1377482638,23.56
721,1377482643,23.54
721,1377482648,23.56
721,1377482653,23.56
721,1377482658,23.55
721,1377482663,23.57
721,1377482668,23.56
721,1377482673,23.56
721,1377482678,23.56
721,1377482683,23.56
721,1377482688,23.56
721,1377482693,23.56
721,1377482698,23.56
721,1377482703,23.56
721,1377482708,23.56
721,1377482713,23.56
721,1377482718,23.56
721,1377482723,23.55
721,1377482728,23.56
721,1377482733,23.56
721,1377482738,23.56
721,1377482743,23.56
721,1377482748,23.56
721,1377482753,23.56
721,1377482758,23.56
721,1377482763,23.57
721,1377482768,23.57
721,1377482773,23.56
721,1377482778,23.58
721,1377482783,23.56
721,1377482788,23.56
721,1377482793,23.57
721,1377482798,23.57
721,1377482803,23.58
721,1377482808,23.59
721,1377482813,23.57
721,1377482818,23.57
721,1377482823,23.57
721,1377482828,23.58
721,1377482833,23.57
721,1377482838,23.57
721,1377482843,23.57
721,1377482848,23.58
721,1377482853,23.58
721,1377482858,23.58
721,1377482863,23.57
721,1377482868,23.58
721,1377482873,23.58
721,1377482878,23.58
721,1377482883,23.58
721,1377482891,23.58
721,1377482893,23.57
721,1377482898,23.58
721,1377482903,23.58
721,1377482908,23.58
721,1377482913,23.57
721,1377482918,23.58
721,1377482923,23.58
721,1377482928,23.58
721,1377482933,23.58
721,1377482938,23.58
721,1377482943,23.58
721,1377482948,23.58
721,1377482953,23.58
721,1377482958,23.58
721,1377482963,23.57
721,1377482968,23.58
721,1377482973,23.59
721,1377482978,23.58
721,1377482983,23.59
721,1377482988,23.58
721,1377482993,23.59
721,1377482998,23.58
721,1377483003,23.58
721,1377483008,23.59
721,1377483013,23.58
721,1377483018,23.59
721,1377483023,23.59
721,1377483028,23.6
721,1377483033,23.59
721,1377483038,23.59
721,1377483043,23.59
721,1377483048,23.6
721,1377483053,23.59
721,1377483058,23.59
721,1377483063,23.59
721,1377483068,23.6
721,1377483073,23.6
721,1377483078,23.59
721,1377483083,23.61
721,1377483088,23.59
721,1377483093,23.59
721,1377483098,23.6
721,1377483103,23.59
721,1377483108,23.6
721,1377483113,23.59
721,1377483118,23.6
721,1377483123,23.6
721,1377483128,23.61
721,1377483133,23.6
721,1377483138,23.6
721,1377483143,23.62
721,1377483148,23.61
721,1377483153,23.6
721,1377483158,23.62
721,1377483163,23.62
721,1377483168,23.6
721,1377483173,23.6
721,1377483178,23.6
721,1377483183,23.6
721,1377483188,23.6
721,1377483193,23.61
721,1377483198,23.61
721,1377483203,23.61
721,1377483208,23.6
721,1377483213,23.61
721,1377483218,23.62
721,1377483223,23.62
721,1377483228,23.61
721,1377483233,23.62
721,1377483238,23.62
721,1377483243,23.61
721,1377483248,23.62
721,1377483253,23.62
721,1377483258,23.62
721,1377483263,23.61
721,1377483268,23.62
721,1377483273,23.62
721,1377483278,23.62
721,1377483283,23.62
721,1377483288,23.61
721,1377483293,23.62
721,1377483298,23.61
721,1377483303,23.61
721,1377483308,23.62
721,1377483313,23.63
721,1377483318,23.62
721,1377483323,23.62
721,1377483328,23.63
721,1377483333,23.61
721,1377483338,23.62
721,1377483343,23.63
721,1377483348,23.63
721,1377483353,23.62
721,1377483358,23.62
721,1377483363,23.62
721,1377483368,23.62
721,1377483373,23.62
721,1377483378,23.62
721,1377483383,23.62
721,1377483388,23.62
721,1377483393,23.61
721,1377483398,23.62
721,1377483403,23.62
721,1377483408,23.62
721,1377483413,23.63
721,1377483418,23.63
721,1377483423,23.63
721,1377483428,23.63
721,1377483433,23.61
721,1377483438,23.63
721,1377483443,23.62
721,1377483448,23.62
721,1377483453,23.63
721,1377483458,23.63
721,1377483463,23.64
721,1377483468,23.63
721,1377483473,23.62
721,1377483478,23.63
721,1377483483,23.63
721,1377483488,23.63
721,1377483493,23.63
721,1377483498,23.63
721,1377483503,23.62
721,1377483508,23.62
721,1377483513,23.64
721,1377483518,23.63
721,1377483523,23.62
721,1377483528,23.62
721,1377483533,23.62
721,1377483538,23.63
721,1377483543,23.62
721,1377483548,23.62
721,1377483553,23.62
721,1377483558,23.63
721,1377483563,23.64
721,1377483568,23.64
721,1377483573,23.64
721,1377483578,23.63
721,1377483583,23.63
721,1377483588,23.64
721,1377483593,23.63
721,1377483598,23.63
721,1377483603,23.64
721,1377483608,23.64
721,1377483613,23.64
721,1377483618,23.64
721,1377483623,23.64
721,1377483628,23.62
721,1377483633,23.64
721,1377483638,23.64
721,1377483643,23.65
721,1377483648,23.64
721,1377483653,23.64
721,1377483658,23.64
721,1377483663,23.64
721,1377483668,23.64
721,1377483673,23.65
721,1377483678,23.64
721,1377483683,23.64
721,1377483688,23.64
721,1377483693,23.64
721,1377483698,23.64
721,1377483703,23.63
721,1377483708,23.64
721,1377483713,23.64
721,1377483718,23.64
721,1377483723,23.64
721,1377483728,23.64
721,1377483733,23.65
721,1377483738,23.64
721,1377483743,23.64
721,1377483748,23.64
721,1377483753,23.64
721,1377483758,23.64
721,1377483763,23.64
721,1377483768,23.64
721,1377483773,23.65
721,1377483778,23.65
721,1377483783,23.65
721,1377483788,23.65
721,1377483793,23.65
721,1377483798,23.66
721,1377483803,23.65
721,1377483808,23.66
721,1377483813,23.66
721,1377483818,23.65
721,1377483823,23.66
721,1377483828,23.64
721,1377483833,23.66
721,1377483838,23.65
721,1377483843,23.66
721,1377483848,23.66
721,1377483853,23.66
721,1377483858,23.65
721,1377483863,23.66
721,1377483868,23.66
721,1377483873,23.66
721,1377483878,23.66
721,1377483883,23.65
721,1377483888,23.66
721,1377483893,23.66
721,1377483898,23.64
721,1377483903,23.66
721,1377483908,23.65
721,1377483913,23.66
721,1377483918,23.65
721,1377483923,23.66
721,1377483928,23.64
721,1377483933,23.67
721,1377483938,23.65
721,1377483943,23.65
721,1377483948,23.66
721,1377483953,23.67
721,1377483958,23.66
721,1377483963,23.66
721,1377483968,23.66
721,1377483973,23.66
721,1377483978,23.66
721,1377483983,23.65
721,1377483988,23.66
721,1377483993,23.65
721,1377483998,23.66
721,1377484003,23.66
721,1377484008,23.64
721,1377484013,23.66
721,1377484018,23.66
721,1377484023,23.66
721,1377484028,23.66
721,1377484033,23.65
721,1377484038,23.66
721,1377484043,23.64
721,1377484048,23.66
721,1377484053,23.66
721,1377484058,23.66
721,1377484063,23.65
721,1377484068,23.66
721,1377484073,23.65
721,1377484078,23.65
721,1377484083,23.66
721,1377484088,23.66
721,1377484093,23.65
721,1377484098,23.66
721,1377484103,23.66
721,1377484108,23.66
721,1377484113,23.66
721,1377484118,23.66
721,1377484123,23.66
721,1377484128,23.66
721,1377484133,23.66
721,1377484138,23.65
721,1377484143,23.66
721,1377484148,23.66
721,1377484153,23.65
721,1377484158,23.66
721,1377484163,23.65
721,1377484168,23.66
721,1377484173,23.65
721,1377484178,23.66
721,1377484183,23.66
721,1377484188,23.66
721,1377484193,23.66
721,1377484198,23.67
721,1377484203,23.66
721,1377484208,23.66
721,1377484213,23.67
721,1377484218,23.66
721,1377484222,23.67
721,1377484228,23.66
721,1377484232,23.66
721,1377484238,23.66
721,1377484243,23.66
721,1377484248,23.67
721,1377484253,23.66
721,1377484258,23.67
721,1377484263,23.66
721,1377484268,23.67
721,1377484273,23.66
721,1377484278,23.66
721,1377484283,23.66
721,1377484288,23.66
721,1377484293,23.66
721,1377484298,23.66
721,1377484303,23.66
721,1377484308,23.67
721,1377484313,23.66
721,1377484318,23.66
721,1377484323,23.66
721,1377484328,23.67
721,1377484333,23.66
721,1377484338,23.67
721,1377484343,23.67
721,1377484348,23.66
721,1377484353,23.66
721,1377484358,23.66
721,1377484363,23.66
721,1377484368,23.66
721,1377484373,23.66
721,1377484378,23.65
721,1377484383,23.66
721,1377484388,23.66
721,1377484393,23.66
721,1377484398,23.66
721,1377484402,23.65
721,1377484408,23.66
721,1377484413,23.66
721,1377484418,23.66
721,1377484423,23.67
721,1377484428,23.66
721,1377484433,23.67
721,1377484438,23.66
721,1377484443,23.66
721,1377484448,23.67
721,1377484452,23.65
721,1377484458,23.67
721,1377484463,23.66
721,1377484468,23.66
721,1377484472,23.66
721,1377484478,23.66
721,1377484483,23.66
721,1377484488,23.66
721,1377484493,23.66
721,1377484498,23.66
721,1377484502,23.67
721,1377484508,23.66
721,1377484513,23.67
721,1377484518,23.67
721,1377484522,23.67
721,1377484528,23.66
721,1377484533,23.66
721,1377484538,23.66
721,1377484543,23.66
721,1377484548,23.66
721,1377484553,23.66
721,1377484558,23.65
721,1377484563,23.66
721,1377484568,23.66
721,1377484573,23.66
721,1377484577,23.65
721,1377484582,23.66
721,1377484588,23.66
721,1377484593,23.66
721,1377484598,23.66
721,1377484602,23.65
721,1377484608,23.66
721,1377484613,23.66
721,1377484617,23.67
721,1377484623,23.66
721,1377484628,23.66
721,1377484633,23.66
721,1377484638,23.66
721,1377484643,23.66
721,1377484648,23.66
721,1377484652,23.67
721,1377484658,23.66
721,1377484663,23.66
721,1377484668,23.66
721,1377484672,23.66
721,1377484678,23.65
721,1377484683,23.65
721,1377484687,23.66
721,1377484692,23.66
721,1377484698,23.65
721,1377484703,23.66
721,1377484707,23.66
721,1377484712,23.64
721,1377484718,23.65
721,1377484722,23.66
721,1377484728,23.65
721,1377484732,23.66
721,1377484737,23.66
721,1377484743,23.65
721,1377484748,23.66
721,1377484753,23.66
721,1377484758,23.65
721,1377484762,23.66
721,1377484768,23.65
721,1377484772,23.66
721,1377484778,23.64
721,1377484783,23.64
721,1377484787,23.66
721,1377484792,23.64
721,1377484798,23.65
721,1377484802,23.65
721,1377484807,23.65
721,1377484812,23.66
721,1377484818,23.65
721,1377484822,23.66
721,1377484828,23.65
721,1377484833,23.65
721,1377484837,23.66
721,1377484842,23.64
721,1377484848,23.64
721,1377484852,23.65
721,1377484858,23.64
721,1377484863,23.65
721,1377484867,23.64
721,1377484872,23.64
721,1377484878,23.65
721,1377484882,23.64
721,1377484888,23.64
721,1377484892,23.64
721,1377484897,23.64
721,1377484902,23.64
721,1377484908,23.64
721,1377484912,23.64
721,1377484918,23.64
721,1377484923,23.64
721,1377484927,23.64
721,1377484932,23.65
721,1377484937,23.64
721,1377484942,23.64
721,1377484947,23.64
721,1377484953,23.65
721,1377484957,23.65
721,1377484963,23.64
721,1377484968,23.64
721,1377484972,23.64
721,1377484977,23.63
721,1377484983,23.63
721,1377484987,23.64
721,1377484992,23.64
721,1377484997,23.64
721,1377485002,23.63
721,1377485007,23.64
721,1377485012,23.64
721,1377485018,23.62
721,1377485022,23.63
721,1377485027,23.63
721,1377485032,23.62
721,1377485038,23.63
721,1377485042,23.64
721,1377485048,23.63
721,1377485052,23.63
721,1377485057,23.63
721,1377485062,23.63
721,1377485067,23.62
721,1377485072,23.63
721,1377485077,23.63
721,1377485082,23.62
721,1377485087,23.62
721,1377485092,23.62
721,1377485097,23.63
721,1377485102,23.62
721,1377485107,23.62
721,1377485112,23.62
721,1377485117,23.62
721,1377485122,23.63
721,1377485128,23.63
721,1377485132,23.62
721,1377485137,23.62
721,1377485142,23.62
721,1377485147,23.62
721,1377485152,23.62
721,1377485157,23.62
721,1377485162,23.62
721,1377485167,23.63
721,1377485172,23.62
721,1377485178,23.62
721,1377485182,23.62
721,1377485187,23.62
721,1377485192,23.62
721,1377485197,23.61
721,1377485202,23.62
721,1377485207,23.61
721,1377485212,23.63
721,1377485217,23.61
721,1377485222,23.6
721,1377485227,23.62
721,1377485232,23.6
721,1377485237,23.62
721,1377485243,23.61
721,1377485247,23.61
721,1377485252,23.61
721,1377485257,23.61
721,1377485263,23.62
721,1377485267,23.6
721,1377485272,23.6
721,1377485277,23.6
721,1377485282,23.6
721,1377485287,23.61
721,1377485292,23.6
721,1377485298,23.61
721,1377485302,23.61
721,1377485307,23.6
721,1377485312,23.61
721,1377485317,23.6
721,1377485322,23.6
721,1377485327,23.61
721,1377485332,23.59
721,1377485337,23.6
721,1377485342,23.6
721,1377485347,23.61
721,1377485352,23.61
721,1377485357,23.6
721,1377485362,23.59
721,1377485367,23.6
721,1377485372,23.6
721,1377485377,23.6
721,1377485382,23.6
721,1377485387,23.59
721,1377485393,23.59
721,1377485397,23.59
721,1377485402,23.59
721,1377485407,23.59
721,1377485412,23.6
721,1377485417,23.59
721,1377485422,23.58
721,1377485427,23.58
721,1377485433,23.59
721,1377485437,23.59
721,1377485442,23.59
721,1377485447,23.58
721,1377485452,23.6
721,1377485457,23.58
721,1377485462,23.58
721,1377485467,23.59
721,1377485472,23.59
721,1377485477,23.58
721,1377485482,23.58
721,1377485487,23.58
721,1377485492,23.59
721,1377485497,23.59
721,1377485502,23.58
721,1377485507,23.59
721,1377485512,23.58
721,1377485517,23.58
721,1377485522,23.58
721,1377485527,23.58
721,1377485532,23.58
721,1377485537,23.57
721,1377485542,23.58
721,1377485547,23.58
721,1377485552,23.59
721,1377485557,23.58
721,1377485562,23.58
721,1377485567,23.58
721,1377485572,23.58
721,1377485577,23.57
721,1377485582,23.57
721,1377485587,23.57
721,1377485592,23.57
721,1377485597,23.59
721,1377485603,23.58
721,1377485607,23.58
721,1377485613,23.58
721,1377485617,23.56
721,1377485623,23.58
721,1377485627,23.58
721,1377485632,23.57
721,1377485637,23.57
721,1377485642,23.58
721,1377485647,23.58
721,1377485652,23.58
721,1377485657,23.56
721,1377485662,23.57
721,1377485667,23.58
721,1377485672,23.56
721,1377485677,23.57
721,1377485682,23.58
721,1377485687,23.57
721,1377485692,23.56
721,1377485697,23.58
721,1377485702,23.57
721,1377485707,23.56
721,1377485712,23.56
721,1377485717,23.57
721,1377485722,23.56
721,1377485727,23.57
721,1377485732,23.57
721,1377485737,23.55
721,1377485742,23.57
721,1377485747,23.56
721,1377485752,23.57
721,1377485757,23.56
721,1377485763,23.57
721,1377485767,23.56
721,1377485772,23.58
721,1377485777,23.56
721,1377485782,23.57
721,1377485787,23.56
721,1377485792,23.57
721,1377485797,23.57
721,1377485802,23.56
721,1377485807,23.55
721,1377485812,23.56
721,1377485817,23.56
721,1377485822,23.56
721,1377485827,23.57
721,1377485832,23.56
721,1377485837,23.56
721,1377485842,23.56
721,1377485847,23.55
721,1377485852,23.56
721,1377485857,23.56
721,1377485862,23.56
721,1377485867,23.55
721,1377485872,23.56
721,1377485877,23.56
721,1377485882,23.56
721,1377485887,23.54
721,1377485892,23.55
721,1377485897,23.56
721,1377485902,23.55
721,1377485907,23.56
721,1377485912,23.56
721,1377485917,23.55
721,1377485922,23.56
721,1377485927,23.55
721,1377485932,23.54
721,1377485937,23.55
721,1377485942,23.55
721,1377485947,23.55
721,1377485952,23.55
721,1377485957,23.54
721,1377485962,23.54
721,1377485967,23.54
721,1377485972,23.55
721,1377485977,23.55
721,1377485982,23.54
721,1377485987,23.54
721,1377485992,23.54
721,1377485997,23.54
721,1377486002,23.54
721,1377486007,23.54
721,1377486012,23.54
721,1377486017,23.54
721,1377486022,23.54
721,1377486027,23.54
721,1377486032,23.54
721,1377486037,23.54
721,1377486042,23.53
721,1377486047,23.54
721,1377486052,23.53
721,1377486057,23.53
721,1377486062,23.53
721,1377486067,23.53
721,1377486072,23.54
721,1377486077,23.53
721,1377486082,23.54
721,1377486087,23.53
721,1377486092,23.53
721,1377486097,23.53
721,1377486102,23.52
721,1377486107,23.53
721,1377486112,23.52
721,1377486117,23.54
721,1377486122,23.53
721,1377486127,23.52
721,1377486132,23.52
721,1377486137,23.52
721,1377486142,23.52
721,1377486147,23.52
721,1377486152,23.52
721,1377486157,23.52
721,1377486162,23.52
721,1377486167,23.52
721,1377486172,23.51
721,1377486177,23.52
721,1377486182,23.51
721,1377486187,23.51
721,1377486192,23.51
721,1377486197,23.51
721,1377486203,23.51
721,1377486207,23.5
721,1377486212,23.51
721,1377486217,23.51
721,1377486222,23.5
721,1377486227,23.52
721,1377486232,23.5
721,1377486237,23.52
721,1377486242,23.5
721,1377486247,23.49
721,1377486252,23.5
721,1377486257,23.5
721,1377486262,23.51
721,1377486267,23.5
721,1377486272,23.51
721,1377486277,23.51
721,1377486282,23.5
721,1377486287,23.5
721,1377486292,23.5
721,1377486297,23.5
721,1377486302,23.49
721,1377486307,23.5
721,1377486312,23.5
721,1377486317,23.5
721,1377486322,23.5
721,1377486327,23.5
721,1377486332,23.5
721,1377486337,23.5
721,1377486342,23.49
721,1377486347,23.48
721,1377486352,23.48
721,1377486357,23.49
721,1377486362,23.5
721,1377486367,23.5
721,1377486372,23.5
721,1377486377,23.5
721,1377486382,23.49
721,1377486387,23.49
721,1377486392,23.49
721,1377486397,23.48
721,1377486402,23.48
721,1377486407,23.49
721,1377486412,23.48
721,1377486417,23.48
721,1377486422,23.48
721,1377486427,23.48
721,1377486432,23.5
721,1377486437,23.48
721,1377486442,23.48
721,1377486447,23.48
721,1377486452,23.48
721,1377486457,23.48
721,1377486462,23.48
721,1377486467,23.48
721,1377486472,23.48
721,1377486477,23.46
721,1377486482,23.48
721,1377486487,23.48
721,1377486492,23.47
721,1377486497,23.47
721,1377486502,23.47
721,1377486507,23.47
721,1377486512,23.47
721,1377486517,23.46
721,1377486522,23.46
721,1377486527,23.47
721,1377486532,23.46
721,1377486537,23.47
721,1377486542,23.46
721,1377486547,23.46
721,1377486552,23.46
721,1377486557,23.46
721,1377486562,23.46
721,1377486567,23.47
721,1377486572,23.46
721,1377486577,23.46
721,1377486582,23.46
721,1377486587,23.46
721,1377486592,23.46
721,1377486597,23.45
721,1377486602,23.46
721,1377486607,23.44
721,1377486612,23.45
721,1377486617,23.46
721,1377486622,23.44
721,1377486627,23.45
721,1377486632,23.46
721,1377486637,23.46
721,1377486642,23.45
721,1377486647,23.45
721,1377486652,23.46
721,1377486657,23.46
721,1377486662,23.46
721,1377486667,23.45
721,1377486672,23.45
721,1377486677,23.45
721,1377486682,23.46
721,1377486687,23.45
721,1377486692,23.45
721,1377486697,23.44
721,1377486702,23.45
721,1377486707,23.44
721,1377486712,23.45
721,1377486717,23.44
721,1377486722,23.44
721,1377486727,23.44
721,1377486732,23.44
721,1377486737,23.44
721,1377486742,23.43
721,1377486747,23.44
721,1377486752,23.44
721,1377486757,23.45
721,1377486762,23.43
721,1377486767,23.44
721,1377486772,23.44
721,1377486777,23.44
721,1377486782,23.44
721,1377486787,23.44
721,1377486792,23.44
721,1377486797,23.43
721,1377486802,23.42
721,1377486807,23.43
721,1377486812,23.42
721,1377486817,23.42
721,1377486822,23.42
721,1377486827,23.44
721,1377486832,23.43
721,1377486837,23.42
721,1377486842,23.42
721,1377486847,23.42
721,1377486852,23.43
721,1377486857,23.42
721,1377486862,23.42
721,1377486867,23.42
721,1377486872,23.41
721,1377486877,23.42
721,1377486882,23.42
721,1377486887,23.42
721,1377486892,23.42
721,1377486897,23.42
721,1377486902,23.42
721,1377486907,23.42
721,1377486912,23.42
721,1377486917,23.41
721,1377486922,23.42
721,1377486927,23.42
721,1377486932,23.41
721,1377486937,23.41
721,1377486942,23.42
721,1377486947,23.4
721,1377486952,23.4
721,1377486957,23.4
721,1377486962,23.42
721,1377486967,23.42
721,1377486972,23.41
721,1377486977,23.4
721,1377486982,23.4
721,1377486987,23.41
721,1377486992,23.4
721,1377486997,23.39
721,1377487002,23.4
721,1377487007,23.4
721,1377487012,23.41
721,1377487017,23.4
721,1377487022,23.4
721,1377487027,23.4
721,1377487032,23.39
721,1377487037,23.4
721,1377487042,23.39
721,1377487047,23.41
721,1377487052,23.4
721,1377487057,23.39
721,1377487062,23.38
721,1377487067,23.38
721,1377487072,23.38
721,1377487077,23.38
721,1377487082,23.38
721,1377487087,23.4
721,1377487092,23.4
721,1377487097,23.38
721,1377487102,23.37
721,1377487107,23.38
721,1377487112,23.4
721,1377487117,23.4
721,1377487122,23.4
721,1377487127,23.38
721,1377487132,23.39
721,1377487138,23.39
721,1377487142,23.38
721,1377487147,23.38
721,1377487152,23.37
721,1377487157,23.38
721,1377487162,23.38
721,1377487167,23.38
721,1377487172,23.38
721,1377487177,23.38
721,1377487182,23.38
721,1377487187,23.37
721,1377487192,23.37
721,1377487197,23.38
721,1377487202,23.38
721,1377487207,23.38
721,1377487212,23.36
721,1377487217,23.37
721,1377487222,23.36
721,1377487227,23.37
721,1377487232,23.36
721,1377487237,23.37
721,1377487242,23.36
721,1377487247,23.35
721,1377487252,23.36
721,1377487257,23.35
721,1377487262,23.37
721,1377487267,23.36
721,1377487272,23.36
721,1377487277,23.36
721,1377487282,23.36
721,1377487287,23.36
721,1377487292,23.36
721,1377487297,23.36
721,1377487302,23.35
721,1377487307,23.35
721,1377487312,23.36
721,1377487317,23.35
721,1377487322,23.36
721,1377487327,23.35
721,1377487332,23.36
721,1377487337,23.36
721,1377487342,23.35
721,1377487347,23.34
721,1377487352,23.36
721,1377487357,23.35
721,1377487362,23.34
721,1377487367,23.35
721,1377487372,23.34
721,1377487377,23.34
721,1377487382,23.35
721,1377487387,23.34
721,1377487392,23.34
721,1377487397,23.34
721,1377487402,23.34
721,1377487407,23.33
721,1377487412,23.33
721,1377487417,23.34
721,1377487422,23.34
721,1377487427,23.34
721,1377487432,23.34
721,1377487437,23.34
721,1377487442,23.33
721,1377487447,23.34
721,1377487452,23.34
721,1377487457,23.33
721,1377487462,23.33
721,1377487467,23.33
721,1377487472,23.33
721,1377487477,23.33
721,1377487482,23.33
721,1377487487,23.34
721,1377487492,23.34
721,1377487497,23.32
721,1377487502,23.32
721,1377487507,23.33
721,1377487512,23.32
721,1377487517,23.32
721,1377487522,23.32
721,1377487527,23.32
721,1377487532,23.32
721,1377487537,23.32
721,1377487542,23.32
721,1377487547,23.31
721,1377487552,23.32
721,1377487557,23.31
721,1377487562,23.32
721,1377487567,23.31
721,1377487572,23.32
721,1377487577,23.31
721,1377487582,23.31
721,1377487587,23.32
721,1377487592,23.32
721,1377487597,23.32
721,1377487602,23.3
721,1377487607,23.31
721,1377487612,23.32
721,1377487617,23.32
721,1377487622,23.32
721,1377487627,23.31
721,1377487632,23.31
721,1377487637,23.31
721,1377487642,23.31
721,1377487647,23.31
721,1377487652,23.31
721,1377487657,23.3
721,1377487662,23.31
721,1377487667,23.32
721,1377487672,23.3
721,1377487677,23.3
721,1377487682,23.3
721,1377487687,23.3
721,1377487692,23.31
721,1377487697,23.3
721,1377487702,23.3
721,1377487707,23.3
721,1377487712,23.31
721,1377487717,23.3
721,1377487722,23.3
721,1377487727,23.28
721,1377487732,23.3
721,1377487737,23.3
721,1377487742,23.29
721,1377487747,23.29
721,1377487752,23.28
721,1377487757,23.28
721,1377487762,23.3
721,1377487767,23.28
721,1377487772,23.29
721,1377487777,23.28
721,1377487782,23.28
721,1377487787,23.29
721,1377487792,23.28
721,1377487797,23.29
721,1377487802,23.28
721,1377487807,23.28
721,1377487812,23.28
721,1377487817,23.28
721,1377487822,23.28
721,1377487827,23.28
721,1377487832,23.28
721,1377487837,23.28
721,1377487842,23.28
721,1377487847,23.28
721,1377487852,23.28
721,1377487857,23.28
721,1377487862,23.28
721,1377487867,23.28
721,1377487872,23.28
721,1377487877,23.26
721,1377487882,23.26
721,1377487887,23.26
721,1377487892,23.27
721,1377487897,23.26
721,1377487902,23.27
721,1377487907,23.26
721,1377487912,23.26
721,1377487917,23.26
721,1377487922,23.26
721,1377487927,23.26
721,1377487932,23.27
721,1377487937,23.27
721,1377487942,23.27
721,1377487947,23.26
721,1377487952,23.26
721,1377487957,23.26
721,1377487962,23.26
721,1377487967,23.26
721,1377487972,23.26
721,1377487977,23.26
721,1377487983,23.26
721,1377487987,23.25
721,1377487992,23.26
721,1377487997,23.26
721,1377488002,23.26
721,1377488007,23.25
721,1377488012,23.25
721,1377488017,23.24
721,1377488022,23.25
721,1377488027,23.25
721,1377488032,23.25
721,1377488037,23.26
721,1377488042,23.25
721,1377488047,23.25
721,1377488052,23.25
721,1377488057,23.24
721,1377488062,23.24
721,1377488067,23.25
721,1377488072,23.24
721,1377488077,23.24
721,1377488082,23.25
721,1377488087,23.24
721,1377488092,23.24
721,1377488097,23.24
721,1377488102,23.24
721,1377488107,23.24
721,1377488112,23.24
721,1377488117,23.24
721,1377488122,23.23
721,1377488127,23.23
721,1377488132,23.24
721,1377488137,23.24
721,1377488142,23.24
721,1377488147,23.23
721,1377488152,23.24
721,1377488157,23.23
721,1377488162,23.24
721,1377488167,23.24
721,1377488172,23.22
721,1377488177,23.22
721,1377488182,23.23
721,1377488187,23.22
721,1377488192,23.23
721,1377488197,23.23
721,1377488202,23.23
721,1377488207,23.23
721,1377488212,23.22
721,1377488217,23.23
721,1377488222,23.22
721,1377488227,23.22
721,1377488232,23.22
721,1377488237,23.22
721,1377488242,23.22
721,1377488247,23.22
721,1377488252,23.22
721,1377488257,23.21
721,1377488262,23.22
721,1377488267,23.22
721,1377488272,23.21
721,1377488277,23.22
721,1377488282,23.22
721,1377488287,23.22
721,1377488292,23.2
721,1377488297,23.21
721,1377488302,23.22
721,1377488307,23.2
721,1377488312,23.22
721,1377488317,23.22
721,1377488322,23.2
721,1377488327,23.21
721,1377488332,23.21
721,1377488337,23.21
721,1377488342,23.22
721,1377488347,23.2
721,1377488352,23.21
721,1377488357,23.2
721,1377488362,23.2
721,1377488367,23.21
721,1377488372,23.21
721,1377488377,23.2
721,1377488382,23.2
721,1377488387,23.2
721,1377488392,23.2
721,1377488397,23.2
721,1377488402,23.2
721,1377488407,23.2
721,1377488412,23.2
721,1377488417,23.18
721,1377488422,23.18
721,1377488427,23.19
721,1377488432,23.2
721,1377488437,23.18
721,1377488442,23.19
721,1377488447,23.18
721,1377488452,23.18
721,1377488457,23.2
721,1377488462,23.18
721,1377488467,23.19
721,1377488472,23.18
721,1377488477,23.18
721,1377488482,23.18
721,1377488487,23.18
721,1377488492,23.18
721,1377488497,23.18
721,1377488502,23.17
721,1377488507,23.18
721,1377488512,23.18
721,1377488517,23.17
721,1377488522,23.18
721,1377488527,23.18
721,1377488532,23.17
721,1377488537,23.18
721,1377488542,23.17
721,1377488547,23.17
721,1377488552,23.17
721,1377488557,23.17
721,1377488562,23.16
721,1377488567,23.17
721,1377488572,23.16
721,1377488577,23.16
721,1377488582,23.17
721,1377488587,23.17
721,1377488592,23.18
721,1377488597,23.17
721,1377488602,23.16
721,1377488607,23.16
721,1377488612,23.16
721,1377488617,23.16
721,1377488622,23.16
721,1377488627,23.18
721,1377488632,23.16
721,1377488637,23.16
721,1377488642,23.15
721,1377488647,23.16
721,1377488652,23.16
721,1377488657,23.15
721,1377488662,23.16
721,1377488667,23.15
721,1377488672,23.15
721,1377488677,23.14
721,1377488682,23.15
721,1377488687,23.16
721,1377488692,23.16
721,1377488697,23.14
721,1377488702,23.15
721,1377488707,23.15
721,1377488712,23.15
721,1377488717,23.16
721,1377488722,23.14
721,1377488727,23.14
721,1377488732,23.15
721,1377488737,23.15
721,1377488742,23.16
721,1377488747,23.14
721,1377488752,23.13
721,1377488757,23.14
721,1377488762,23.14
721,1377488767,23.14
721,1377488772,23.12
721,1377488777,23.14
721,1377488782,23.14
721,1377488787,23.14
721,1377488792,23.14
721,1377488797,23.14
721,1377488802,23.12
721,1377488807,23.12
721,1377488812,23.13
721,1377488817,23.14
721,1377488822,23.14
721,1377488827,23.14
721,1377488832,23.13
721,1377488837,23.13
721,1377488847,23.13
721,1377488852,23.12
721,1377488857,23.12
721,1377488862,23.13
721,1377488867,23.13
721,1377488872,23.14
721,1377488877,23.12
721,1377488882,23.12
721,1377488887,23.12
721,1377488892,23.12
721,1377488897,23.12
721,1377488902,23.12
721,1377488907,23.12
721,1377488912,23.12
721,1377488917,23.12
721,1377488922,23.12
721,1377488927,23.11
721,1377488932,23.12
721,1377488937,23.12
721,1377488942,23.12
721,1377488947,23.11
721,1377488952,23.11
721,1377488957,23.11
721,1377488962,23.1
721,1377488967,23.12
721,1377488972,23.12
721,1377488977,23.12
721,1377488982,23.1
721,1377488987,23.12
721,1377488992,23.1
721,1377488997,23.12
721,1377489002,23.1
721,1377489007,23.11
721,1377489012,23.11
721,1377489017,23.11
721,1377489022,23.1
721,1377489027,23.1
721,1377489032,23.1
721,1377489037,23.1
721,1377489042,23.1
721,1377489047,23.1
721,1377489052,23.1
721,1377489057,23.1
721,1377489062,23.1
721,1377489067,23.1
721,1377489072,23.1
721,1377489077,23.1
721,1377489082,23.09
721,1377489087,23.1
721,1377489092,23.09
721,1377489097,23.1
721,1377489102,23.09
721,1377489107,23.08
721,1377489112,23.08
721,1377489117,23.09
721,1377489122,23.08
721,1377489127,23.09
721,1377489132,23.09
721,1377489137,23.09
721,1377489142,23.08
721,1377489147,23.08
721,1377489152,23.09
721,1377489157,23.08
721,1377489162,23.07
721,1377489167,23.08
721,1377489172,23.09
721,1377489177,23.07
721,1377489182,23.08
721,1377489187,23.09
721,1377489192,23.08
721,1377489197,23.08
721,1377489202,23.08
721,1377489207,23.06
721,1377489212,23.07
721,1377489217,23.07
721,1377489222,23.07
721,1377489227,23.07
721,1377489232,23.08
721,1377489237,23.08
721,1377489242,23.06
721,1377489247,23.06
721,1377489252,23.07
721,1377489257,23.06
721,1377489262,23.06
721,1377489267,23.07
721,1377489272,23.07
721,1377489277,23.06
721,1377489282,23.06
721,1377489287,23.07
721,1377489292,23.05
721,1377489297,23.06
721,1377489302,23.07
721,1377489307,23.05
721,1377489312,23.06
721,1377489317,23.06
721,1377489322,23.05
721,1377489327,23.06
721,1377489332,23.06
721,1377489337,23.06
721,1377489342,23.06
721,1377489347,23.06
721,1377489352,23.05
721,1377489357,23.04
721,1377489362,23.05
721,1377489367,23.06
721,1377489372,23.06
721,1377489377,23.06
721,1377489382,23.06
721,1377489387,23.04
721,1377489392,23.05
721,1377489397,23.06
721,1377489402,23.06
721,1377489407,23.06
721,1377489412,23.04
721,1377489417,23.05
721,1377489422,23.05
721,1377489427,23.04
721,1377489432,23.05
721,1377489437,23.05
721,1377489442,23.05
721,1377489447,23.04
721,1377489452,23.05
721,1377489457,23.04
721,1377489462,23.02
721,1377489467,23.04
721,1377489472,23.04
721,1377489477,23.05
721,1377489482,23.04
721,1377489487,23.06
721,1377489492,23.04
721,1377489497,23.04
721,1377489502,23.05
721,1377489507,23.04
721,1377489512,23.04
721,1377489517,23.02
721,1377489522,23.03
721,1377489527,23.02
721,1377489532,23.03
721,1377489537,23.03
721,1377489542,23.02
721,1377489547,23.03
721,1377489552,23.02
721,1377489557,23.03
721,1377489562,23.02
721,1377489567,23.02
721,1377489572,23.02
721,1377489577,23.03
721,1377489582,23.02
721,1377489587,23.03
721,1377489592,23.02
721,1377489597,23.02
721,1377489602,23.02
721,1377489607,23.01
721,1377489612,23.02
721,1377489617,23.02
721,1377489622,23.01
721,1377489627,23.02
721,1377489632,23.02
721,1377489637,23.03
721,1377489642,23.02
721,1377489647,23.01
721,1377489652,23.02
721,1377489657,23.02
721,1377489662,23.02
721,1377489667,23.01
721,1377489672,23.0
721,1377489677,23.01
721,1377489682,23.0
721,1377489687,23.01
721,1377489692,23.01
721,1377489697,23.0
721,1377489702,23.01
721,1377489707,23.01
721,1377489712,23.0
721,1377489717,23.01
721,1377489722,23.0
721,1377489727,23.0
721,1377489732,23.01
721,1377489737,23.0
721,1377489742,23.0
721,1377489747,23.0
721,1377489752,23.0
721,1377489757,23.0
721,1377489762,22.99
721,1377489767,23.0
721,1377489772,23.0
721,1377489777,23.0
721,1377489782,23.0
721,1377489787,22.99
721,1377489792,22.99
721,1377489797,23.0
721,1377489802,22.99
721,1377489807,22.98
721,1377489812,22.98
721,1377489817,22.99
721,1377489822,23.0
721,1377489827,23.0
721,1377489832,22.98
721,1377489837,22.99
721,1377489842,22.99
721,1377489847,22.99
721,1377489852,22.98
721,1377489857,22.98
721,1377489862,22.98
721,1377489867,22.98
721,1377489872,22.98
721,1377489877,22.97
721,1377489882,22.98
721,1377489887,22.98
721,1377489892,22.99
721,1377489897,22.99
721,1377489902,22.98
721,1377489907,23.0
721,1377489912,22.99
721,1377489917,22.98
721,1377489922,23.0
721,1377489927,22.98
721,1377489932,22.97
721,1377489937,22.97
721,1377489942,22.97
721,1377489947,22.97
721,1377489952,22.97
721,1377489957,22.97
721,1377489962,22.98
721,1377489967,22.97
721,1377489972,22.97
721,1377489977,22.98
721,1377489982,22.97
721,1377489987,22.96
721,1377489992,22.96
721,1377489997,22.97
721,1377490002,22.97
721,1377490007,22.96
721,1377490012,22.96
721,1377490017,22.98
721,1377490022,22.96
721,1377490027,22.97
721,1377490032,22.97
721,1377490037,22.96
721,1377490042,22.96
721,1377490047,22.96
721,1377490052,22.96
721,1377490057,22.96
721,1377490062,22.96
721,1377490067,22.95
721,1377490072,22.96
721,1377490077,22.95
721,1377490082,22.96
721,1377490087,22.96
721,1377490092,22.96
721,1377490097,22.95
721,1377490102,22.96
721,1377490107,22.96
721,1377490112,22.95
721,1377490117,22.96
721,1377490122,22.95
721,1377490127,22.96
721,1377490132,22.94
721,1377490137,22.95
721,1377490142,22.95
721,1377490147,22.96
721,1377490152,22.95
721,1377490157,22.94
721,1377490162,22.95
721,1377490167,22.94
721,1377490172,22.94
721,1377490177,22.96
721,1377490182,22.94
721,1377490187,22.94
721,1377490192,22.94
721,1377490197,22.92
721,1377490202,22.94
721,1377490207,22.94
721,1377490212,22.93
721,1377490217,22.94
721,1377490222,22.92
721,1377490228,22.94
721,1377490232,22.94
721,1377490237,22.93
721,1377490242,22.93
721,1377490247,22.92
721,1377490252,22.92
721,1377490257,22.92
721,1377490262,22.93
721,1377490267,22.91
721,1377490272,22.94
721,1377490277,22.92
721,1377490282,22.92
721,1377490287,22.94
721,1377490292,22.91
721,1377490297,22.92
721,1377490302,22.93
721,1377490307,22.93
721,1377490312,22.91
721,1377490317,22.91
721,1377490322,22.92
721,1377490327,22.93
721,1377490332,22.92
721,1377490337,22.91
721,1377490342,22.92
721,1377490347,22.92
721,1377490352,22.92
721,1377490357,22.92
721,1377490362,22.91
721,1377490367,22.92
721,1377490372,22.91
721,1377490377,22.91
721,1377490382,22.91
721,1377490387,22.91
721,1377490392,22.9
721,1377490397,22.91
721,1377490402,22.91
721,1377490407,22.91
721,1377490412,22.91
721,1377490417,22.91
721,1377490422,22.9
721,1377490427,22.91
721,1377490432,22.91
721,1377490437,22.91
721,1377490442,22.9
721,1377490447,22.9
721,1377490453,22.9
721,1377490457,22.9
721,1377490462,22.9
721,1377490467,22.9
721,1377490472,22.9
721,1377490477,22.89
721,1377490482,22.9
721,1377490487,22.9
721,1377490492,22.9
721,1377490497,22.89
721,1377490502,22.89
721,1377490507,22.9
721,1377490512,22.9
721,1377490517,22.89
721,1377490522,22.88
721,1377490527,22.89
721,1377490532,22.9
721,1377490537,22.88
721,1377490542,22.88
721,1377490547,22.89
721,1377490552,22.89
721,1377490557,22.88
721,1377490562,22.89
721,1377490567,22.88
721,1377490572,22.89
721,1377490577,22.87
721,1377490582,22.88
721,1377490587,22.88
721,1377490592,22.88
721,1377490597,22.88
721,1377490602,22.87
721,1377490607,22.88
721,1377490612,22.87
721,1377490617,22.87
721,1377490622,22.87
721,1377490627,22.87
721,1377490632,22.88
721,1377490637,22.87
721,1377490642,22.87
721,1377490647,22.86
721,1377490652,22.87
721,1377490657,22.87
721,1377490662,22.86
721,1377490667,22.88
721,1377490672,22.87
721,1377490677,22.86
721,1377490682,22.86
721,1377490687,22.86
721,1377490692,22.86
721,1377490697,22.86
721,1377490702,22.87
721,1377490707,22.87
721,1377490712,22.86
721,1377490717,22.86
721,1377490722,22.86
721,1377490727,22.85
721,1377490732,22.86
721,1377490737,22.85
721,1377490742,22.86
721,1377490747,22.85
721,1377490752,22.85
721,1377490757,22.86
721,1377490762,22.86
721,1377490767,22.84
721,1377490772,22.86
721,1377490777,22.84
721,1377490782,22.85
721,1377490787,22.84
721,1377490792,22.85
721,1377490797,22.85
721,1377490802,22.85
721,1377490807,22.86
721,1377490812,22.86
721,1377490817,22.85
721,1377490822,22.86
721,1377490827,22.86
721,1377490832,22.86
721,1377490837,22.85
721,1377490842,22.84
721,1377490847,22.83
721,1377490852,22.83
721,1377490857,22.84
721,1377490862,22.85
721,1377490867,22.84
721,1377490872,22.84
721,1377490877,22.83
721,1377490882,22.84
721,1377490887,22.84
721,1377490892,22.83
721,1377490897,22.85
721,1377490902,22.83
721,1377490907,22.84
721,1377490912,22.84
721,1377490917,22.84
721,1377490922,22.83
721,1377490927,22.83
721,1377490932,22.83
721,1377490937,22.84
721,1377490942,22.83
721,1377490947,22.84
721,1377490952,22.83
721,1377490957,22.82
721,1377490962,22.83
721,1377490967,22.82
721,1377490972,22.82
721,1377490977,22.83
721,1377490982,22.83
721,1377490987,22.82
721,1377490992,22.82
721,1377490997,22.83
721,1377491002,22.83
721,1377491007,22.81
721,1377491012,22.81
721,1377491017,22.82
721,1377491022,22.82
721,1377491027,22.82
721,1377491032,22.82
721,1377491037,22.81
721,1377491042,22.82
721,1377491047,22.82
721,1377491052,22.82
721,1377491057,22.81
721,1377491062,22.81
721,1377491067,22.81
721,1377491072,22.81
721,1377491077,22.81
721,1377491082,22.8
721,1377491087,22.81
721,1377491092,22.82
721,1377491097,22.81
721,1377491102,22.82
721,1377491107,22.81
721,1377491112,22.81
721,1377491117,22.81
721,1377491122,22.81
721,1377491127,22.8
721,1377491132,22.8
721,1377491137,22.8
721,1377491142,22.81
721,1377491147,22.8
721,1377491152,22.81
721,1377491157,22.81
721,1377491162,22.81
721,1377491167,22.8
721,1377491172,22.82
721,1377491177,22.8
721,1377491182,22.8
721,1377491187,22.8
721,1377491192,22.81
721,1377491197,22.8
721,1377491202,22.8
721,1377491207,22.79
721,1377491212,22.8
721,1377491217,22.8
721,1377491222,22.81
721,1377491227,22.8
721,1377491232,22.8
721,1377491237,22.8
721,1377491242,22.8
721,1377491247,22.8
721,1377491252,22.8
721,1377491257,22.79
721,1377491262,22.8
721,1377491267,22.8
721,1377491272,22.78
721,1377491277,22.8
721,1377491282,22.79
721,1377491287,22.78
721,1377491292,22.8
721,1377491297,22.8
721,1377491302,22.8
721,1377491307,22.78
721,1377491312,22.8
721,1377491317,22.79
721,1377491322,22.79
721,1377491327,22.78
721,1377491332,22.79
721,1377491337,22.78
721,1377491342,22.78
721,1377491348,22.79
721,1377491352,22.78
721,1377491357,22.78
721,1377491362,22.79
721,1377491367,22.78
721,1377491372,22.79
721,1377491377,22.79
721,1377491382,22.78
721,1377491387,22.78
721,1377491392,22.79
721,1377491397,22.78
721,1377491402,22.78
721,1377491407,22.77
721,1377491412,22.78
721,1377491417,22.78
721,1377491422,22.79
721,1377491427,22.77
721,1377491432,22.77
721,1377491437,22.78
721,1377491442,22.78
721,1377491447,22.78
721,1377491452,22.78
721,1377491457,22.77
721,1377491462,22.76
721,1377491467,22.78
721,1377491472,22.78
721,1377491477,22.78
721,1377491482,22.77
721,1377491487,22.76
721,1377491492,22.77
721,1377491497,22.77
721,1377491502,22.78
721,1377491507,22.77
721,1377491512,22.77
721,1377491517,22.78
721,1377491522,22.76
721,1377491527,22.76
721,1377491532,22.78
721,1377491537,22.77
721,1377491542,22.77
721,1377491547,22.76
721,1377491552,22.78
721,1377491557,22.78
721,1377491562,22.77
721,1377491567,22.77
721,1377491572,22.76
721,1377491577,22.76
721,1377491582,22.76
721,1377491587,22.76
721,1377491592,22.77
721,1377491597,22.77
721,1377491602,22.76
721,1377491607,22.76
721,1377491612,22.76
721,1377491617,22.76
721,1377491622,22.77
721,1377491627,22.76
721,1377491632,22.77
721,1377491637,22.76
721,1377491642,22.77
721,1377491647,22.75
721,1377491652,22.77
721,1377491657,22.77
721,1377491662,22.75
721,1377491667,22.76
721,1377491672,22.76
721,1377491677,22.75
721,1377491682,22.76
721,1377491687,22.76
721,1377491692,22.76
721,1377491697,22.76
721,1377491702,22.73
721,1377491707,22.75
721,1377491712,22.75
721,1377491717,22.76
721,1377491722,22.75
721,1377491727,22.76
721,1377491732,22.76
721,1377491737,22.75
721,1377491742,22.74
721,1377491747,22.75
721,1377491752,22.75
721,1377491757,22.75
721,1377491762,22.75
721,1377491767,22.76
721,1377491772,22.75
721,1377491777,22.74
721,1377491782,22.75
721,1377491787,22.74
721,1377491792,22.74
721,1377491797,22.75
721,1377491802,22.74
721,1377491807,22.74
721,1377491812,22.73
721,1377491817,22.75
721,1377491822,22.74
721,1377491827,22.74
721,1377491832,22.74
721,1377491837,22.73
721,1377491842,22.74
721,1377491847,22.74
721,1377491852,22.74
721,1377491857,22.74
721,1377491862,22.73
721,1377491867,22.74
721,1377491872,22.74
721,1377491877,22.74
721,1377491882,22.73
721,1377491887,22.73
721,1377491892,22.73
721,1377491897,22.73
721,1377491902,22.74
721,1377491907,22.72
721,1377491912,22.72
721,1377491917,22.74
721,1377491922,22.74
721,1377491927,22.73
721,1377491932,22.72
721,1377491937,22.72
721,1377491942,22.73
721,1377491947,22.74
721,1377491952,22.72
721,1377491957,22.72
721,1377491962,22.73
721,1377491967,22.72
721,1377491972,22.73
721,1377491977,22.73
721,1377491982,22.71
721,1377491987,22.72
721,1377491992,22.72
721,1377491997,22.72
721,1377492002,22.72
721,1377492007,22.72
721,1377492012,22.71
721,1377492017,22.72
721,1377492022,22.72
721,1377492027,22.71
721,1377492032,22.71
721,1377492037,22.72
721,1377492042,22.72
721,1377492047,22.71
721,1377492052,22.71
721,1377492057,22.71
721,1377492062,22.72
721,1377492067,22.7
721,1377492072,22.72
721,1377492077,22.71
721,1377492082,22.71
721,1377492087,22.72
721,1377492092,22.7
721,1377492097,22.71
721,1377492102,22.7
721,1377492107,22.7
721,1377492112,22.71
721,1377492117,22.7
721,1377492122,22.71
721,1377492127,22.71
721,1377492132,22.7
721,1377492137,22.7
721,1377492142,22.71
721,1377492147,22.7
721,1377492152,22.7
721,1377492157,22.7
721,1377492162,22.69
721,1377492167,22.69
721,1377492172,22.71
721,1377492177,22.7
721,1377492182,22.7
721,1377492187,22.69
721,1377492192,22.69
721,1377492197,22.7
721,1377492202,22.69
721,1377492207,22.69
721,1377492212,22.68
721,1377492217,22.69
721,1377492222,22.69
721,1377492227,22.68
721,1377492232,22.68
721,1377492237,22.68
721,1377492242,22.68
721,1377492247,22.68
721,1377492252,22.69
721,1377492257,22.7
721,1377492262,22.67
721,1377492267,22.67
721,1377492272,22.68
721,1377492277,22.68
721,1377492282,22.69
721,1377492287,22.69
721,1377492292,22.68
721,1377492297,22.68
721,1377492302,22.68
721,1377492307,22.68
721,1377492312,22.68
721,1377492317,22.68
721,1377492322,22.68
721,1377492327,22.68
721,1377492332,22.67
721,1377492337,22.68
721,1377492342,22.69
721,1377492347,22.67
721,1377492352,22.68
721,1377492357,22.67
721,1377492362,22.67
721,1377492367,22.66
721,1377492372,22.66
721,1377492377,22.67
721,1377492382,22.68
721,1377492387,22.66
721,1377492392,22.67
721,1377492397,22.67
721,1377492402,22.67
721,1377492407,22.68
721,1377492412,22.67
721,1377492417,22.67
721,1377492422,22.68
721,1377492427,22.67
721,1377492432,22.67
721,1377492437,22.67
721,1377492442,22.67
721,1377492447,22.66
721,1377492452,22.68
721,1377492457,22.66
721,1377492462,22.67
721,1377492467,22.66
721,1377492472,22.67
721,1377492477,22.66
721,1377492482,22.66
721,1377492487,22.67
721,1377492492,22.68
721,1377492497,22.67
721,1377492502,22.66
721,1377492507,22.66
721,1377492512,22.67
721,1377492517,22.66
721,1377492522,22.65
721,1377492527,22.66
721,1377492532,22.67
721,1377492537,22.66
721,1377492542,22.66
721,1377492547,22.66
721,1377492552,22.66
721,1377492557,22.66
721,1377492562,22.65
721,1377492567,22.65
721,1377492572,22.66
721,1377492577,22.66
721,1377492582,22.66
721,1377492587,22.64
721,1377492592,22.65
721,1377492597,22.64
721,1377492602,22.66
721,1377492607,22.66
721,1377492612,22.65
721,1377492617,22.65
721,1377492622,22.65
721,1377492627,22.64
721,1377492632,22.65
721,1377492637,22.64
721,1377492642,22.64
721,1377492647,22.65
721,1377492652,22.65
721,1377492657,22.64
721,1377492662,22.65
721,1377492667,22.64
721,1377492672,22.65
721,1377492677,22.64
721,1377492682,22.64
721,1377492687,22.64
721,1377492692,22.64
721,1377492697,22.64
721,1377492702,22.64
721,1377492707,22.64
721,1377492712,22.65
721,1377492717,22.64
721,1377492722,22.64
721,1377492727,22.65
721,1377492732,22.64
721,1377492737,22.64
721,1377492742,22.64
721,1377492747,22.63
721,1377492752,22.64
721,1377492757,22.64
721,1377492762,22.63
721,1377492767,22.64
721,1377492772,22.64
721,1377492777,22.64
721,1377492782,22.64
721,1377492787,22.63
721,1377492792,22.64
721,1377492797,22.62
721,1377492802,22.63
721,1377492807,22.63
721,1377492812,22.64
721,1377492817,22.64
721,1377492822,22.64
721,1377492827,22.63
721,1377492832,22.62
721,1377492837,22.62
721,1377492842,22.63
721,1377492847,22.62
721,1377492852,22.63
721,1377492857,22.63
721,1377492862,22.63
721,1377492867,22.63
721,1377492872,22.63
721,1377492877,22.63
721,1377492882,22.62
721,1377492887,22.62
721,1377492892,22.64
721,1377492897,22.62
721,1377492902,22.62
721,1377492907,22.62
721,1377492912,22.62
721,1377492917,22.62
721,1377492922,22.62
721,1377492927,22.62
721,1377492932,22.62
721,1377492937,22.63
721,1377492942,22.62
721,1377492947,22.62
721,1377492952,22.62
721,1377492957,22.62
721,1377492962,22.6
721,1377492967,22.62
721,1377492972,22.61
721,1377492977,22.61
721,1377492982,22.61
721,1377492987,22.61
721,1377492992,22.61
721,1377492997,22.63
721,1377493002,22.62
721,1377493007,22.61
721,1377493012,22.62
721,1377493017,22.62
721,1377493022,22.6
721,1377493027,22.63
721,1377493032,22.62
721,1377493039,22.6
721,1377493042,22.62
721,1377493047,22.61
721,1377493052,22.6
721,1377493057,22.61
721,1377493062,22.6
721,1377493067,22.6
721,1377493072,22.61
721,1377493077,22.6
721,1377493082,22.61
721,1377493087,22.59
721,1377493092,22.6
721,1377493097,22.61
721,1377493102,22.61
721,1377493107,22.6
721,1377493112,22.61
721,1377493117,22.6
721,1377493122,22.6
721,1377493127,22.6
721,1377493132,22.6
721,1377493137,22.6
721,1377493142,22.59
721,1377493147,22.59
721,1377493152,22.59
721,1377493157,22.6
721,1377493162,22.6
721,1377493167,22.59
721,1377493172,22.58
721,1377493177,22.58
721,1377493182,22.59
721,1377493187,22.59
721,1377493192,22.59
721,1377493197,22.59
721,1377493202,22.58
721,1377493207,22.6
721,1377493212,22.58
721,1377493217,22.58
721,1377493222,22.58
721,1377493227,22.58
721,1377493232,22.58
721,1377493237,22.59
721,1377493242,22.58
721,1377493247,22.59
721,1377493252,22.59
721,1377493257,22.58
721,1377493262,22.58
721,1377493267,22.58
721,1377493272,22.58
721,1377493277,22.58
721,1377493282,22.59
721,1377493287,22.58
721,1377493292,22.58
721,1377493297,22.59
721,1377493302,22.58
721,1377493307,22.59
721,1377493312,22.56
721,1377493317,22.57
721,1377493322,22.58
721,1377493327,22.58
721,1377493332,22.57
721,1377493337,22.57
721,1377493342,22.58
721,1377493347,22.58
721,1377493352,22.57
721,1377493357,22.58
721,1377493362,22.57
721,1377493367,22.57
721,1377493372,22.58
721,1377493377,22.57
721,1377493382,22.56
721,1377493387,22.57
721,1377493392,22.58
721,1377493397,22.57
721,1377493402,22.57
721,1377493407,22.56
721,1377493412,22.56
721,1377493417,22.56
721,1377493422,22.56
721,1377493427,22.58
721,1377493432,22.57
721,1377493437,22.57
721,1377493442,22.56
721,1377493447,22.57
721,1377493452,22.57
721,1377493457,22.57
721,1377493462,22.57
721,1377493467,22.56
721,1377493472,22.56
721,1377493477,22.58
721,1377493482,22.56
721,1377493487,22.56
721,1377493492,22.56
721,1377493497,22.56
721,1377493502,22.56
721,1377493507,22.56
721,1377493512,22.57
721,1377493517,22.56
721,1377493522,22.54
721,1377493527,22.54
721,1377493532,22.55
721,1377493537,22.57
721,1377493542,22.56
721,1377493547,22.56
721,1377493552,22.56
721,1377493557,22.56
721,1377493562,22.55
721,1377493567,22.55
721,1377493572,22.55
721,1377493577,22.55
721,1377493582,22.56
721,1377493587,22.55
721,1377493592,22.55
721,1377493597,22.54
721,1377493602,22.55
721,1377493607,22.54
721,1377493612,22.55
721,1377493617,22.54
721,1377493622,22.54
721,1377493627,22.54
721,1377493632,22.54
721,1377493637,22.53
721,1377493642,22.54
721,1377493647,22.55
721,1377493652,22.54
721,1377493657,22.53
721,1377493662,22.53
721,1377493667,22.53
721,1377493672,22.53
721,1377493677,22.54
721,1377493682,22.54
721,1377493687,22.53
721,1377493692,22.52
721,1377493697,22.54
721,1377493702,22.52
721,1377493707,22.52
721,1377493712,22.52
721,1377493717,22.52
721,1377493722,22.51
721,1377493727,22.51
721,1377493732,22.5
721,1377493737,22.51
721,1377493742,22.52
721,1377493747,22.51
721,1377493752,22.51
721,1377493757,22.5
721,1377493762,22.51
721,1377493767,22.5
721,1377493772,22.5
721,1377493777,22.51
721,1377493782,22.52
721,1377493787,22.5
721,1377493792,22.5
721,1377493797,22.49
721,1377493802,22.5
721,1377493807,22.5
721,1377493812,22.5
721,1377493817,22.5
721,1377493822,22.5
721,1377493827,22.5
721,1377493832,22.5
721,1377493837,22.5
721,1377493842,22.5
721,1377493847,22.5
721,1377493852,22.49
721,1377493857,22.49
721,1377493862,22.48
721,1377493867,22.49
721,1377493872,22.49
721,1377493877,22.48
721,1377493882,22.48
721,1377493887,22.49
721,1377493892,22.48
721,1377493897,22.49
721,1377493902,22.48
721,1377493907,22.48
721,1377493912,22.48
721,1377493917,22.47
721,1377493922,22.48
721,1377493927,22.48
721,1377493932,22.48
721,1377493937,22.48
721,1377493942,22.48
721,1377493947,22.48
721,1377493952,22.48
721,1377493957,22.48
721,1377493962,22.47
721,1377493967,22.48
721,1377493972,22.47
721,1377493977,22.48
721,1377493982,22.47
721,1377493987,22.48
721,1377493992,22.48
721,1377493997,22.48
721,1377494002,22.48
721,1377494007,22.48
721,1377494012,22.48
721,1377494017,22.47
721,1377494022,22.48
721,1377494027,22.46
721,1377494032,22.46
721,1377494037,22.48
721,1377494042,22.46
721,1377494047,22.46
721,1377494052,22.46
721,1377494057,22.47
721,1377494062,22.47
721,1377494067,22.46
721,1377494072,22.46
721,1377494077,22.45
721,1377494082,22.46
721,1377494087,22.46
721,1377494092,22.46
721,1377494097,22.46
721,1377494102,22.46
721,1377494107,22.46
721,1377494112,22.45
721,1377494117,22.44
721,1377494122,22.46
721,1377494127,22.46
721,1377494132,22.45
721,1377494137,22.44
721,1377494142,22.46
721,1377494147,22.45
721,1377494152,22.45
721,1377494157,22.46
721,1377494162,22.45
721,1377494167,22.45
721,1377494172,22.45
721,1377494177,22.45
721,1377494182,22.45
721,1377494187,22.44
721,1377494192,22.44
721,1377494197,22.43
721,1377494202,22.43
721,1377494207,22.45
721,1377494212,22.44
721,1377494217,22.45
721,1377494222,22.44
721,1377494227,22.45
721,1377494232,22.43
721,1377494237,22.43
721,1377494242,22.44
721,1377494247,22.43
721,1377494252,22.44
721,1377494257,22.44
721,1377494262,22.43
721,1377494267,22.43
721,1377494272,22.43
721,1377494277,22.44
721,1377494282,22.43
721,1377494287,22.43
721,1377494292,22.44
721,1377494297,22.43
721,1377494302,22.43
721,1377494307,22.43
721,1377494312,22.44
721,1377494317,22.42
721,1377494322,22.42
721,1377494327,22.43
721,1377494332,22.42
721,1377494337,22.43
721,1377494342,22.43
721,1377494347,22.42
721,1377494352,22.42
721,1377494357,22.42
721,1377494362,22.43
721,1377494367,22.42
721,1377494372,22.43
721,1377494377,22.42
721,1377494382,22.42
721,1377494387,22.42
721,1377494392,22.42
721,1377494397,22.41
721,1377494402,22.41
721,1377494407,22.43
721,1377494412,22.42
721,1377494417,22.42
721,1377494422,22.41
721,1377494427,22.42
721,1377494432,22.42
721,1377494437,22.42
721,1377494442,22.41
721,1377494447,22.41
721,1377494452,22.42
721,1377494457,22.41
721,1377494462,22.41
721,1377494467,22.42
721,1377494472,22.42
721,1377494477,22.41
721,1377494482,22.42
721,1377494487,22.41
721,1377494492,22.4
721,1377494497,22.41
721,1377494502,22.41
721,1377494507,22.4
721,1377494512,22.41
721,1377494517,22.4
721,1377494522,22.4
721,1377494527,22.41
721,1377494532,22.4
721,1377494537,22.4
721,1377494542,22.4
721,1377494547,22.4
721,1377494552,22.41
721,1377494557,22.4
721,1377494562,22.4
721,1377494567,22.4
721,1377494572,22.4
721,1377494577,22.39
721,1377494582,22.4
721,1377494587,22.39
721,1377494592,22.4
721,1377494597,22.39
721,1377494602,22.4
721,1377494607,22.4
721,1377494612,22.4
721,1377494617,22.39
721,1377494622,22.4
721,1377494627,22.38
721,1377494632,22.39
721,1377494637,22.39
721,1377494642,22.39
721,1377494647,22.4
721,1377494652,22.38
721,1377494657,22.38
721,1377494662,22.39
721,1377494667,22.4
721,1377494672,22.38
721,1377494677,22.38
721,1377494682,22.38
721,1377494687,22.38
721,1377494692,22.38
721,1377494697,22.38
721,1377494702,22.38
721,1377494707,22.38
721,1377494712,22.37
721,1377494717,22.36
721,1377494722,22.37
721,1377494727,22.37
721,1377494732,22.38
721,1377494737,22.36
721,1377494742,22.38
721,1377494747,22.38
721,1377494752,22.38
721,1377494757,22.37
721,1377494762,22.35
721,1377494767,22.36
721,1377494772,22.36
721,1377494777,22.36
721,1377494782,22.36
721,1377494787,22.36
721,1377494792,22.36
721,1377494797,22.35
721,1377494802,22.34
721,1377494807,22.36
721,1377494812,22.36
721,1377494817,22.36
721,1377494822,22.36
721,1377494827,22.34
721,1377494832,22.36
721,1377494837,22.35
721,1377494842,22.35
721,1377494847,22.36
721,1377494852,22.36
721,1377494857,22.36
721,1377494862,22.35
721,1377494867,22.36
721,1377494872,22.35
721,1377494877,22.35
721,1377494882,22.36
721,1377494887,22.34
721,1377494892,22.35
721,1377494897,22.34
721,1377494902,22.34
721,1377494907,22.34
721,1377494912,22.34
721,1377494917,22.32
721,1377494922,22.35
721,1377494927,22.34
721,1377494932,22.34
721,1377494937,22.35
721,1377494942,22.35
721,1377494947,22.34
721,1377494952,22.34
721,1377494957,22.33
721,1377494962,22.34
721,1377494967,22.34
721,1377494972,22.33
721,1377494977,22.33
721,1377494982,22.32
721,1377494987,22.34
721,1377494992,22.33
721,1377494997,22.32
721,1377495002,22.33
721,1377495007,22.32
721,1377495012,22.33
721,1377495017,22.33
721,1377495022,22.33
721,1377495027,22.33
721,1377495032,22.33
721,1377495037,22.32
721,1377495042,22.32
721,1377495047,22.33
721,1377495052,22.32
721,1377495057,22.33
721,1377495062,22.32
721,1377495067,22.32
721,1377495072,22.32
721,1377495077,22.33
721,1377495082,22.33
721,1377495087,22.32
721,1377495092,22.32
721,1377495097,22.32
721,1377495102,22.33
721,1377495107,22.32
721,1377495112,22.32
721,1377495117,22.31
721,1377495122,22.33
721,1377495127,22.31
721,1377495132,22.31
721,1377495137,22.32
721,1377495142,22.31
721,1377495147,22.31
721,1377495152,22.31
721,1377495157,22.32
721,1377495162,22.3
721,1377495167,22.3
721,1377495172,22.3
721,1377495177,22.31
721,1377495182,22.3
721,1377495187,22.31
721,1377495192,22.31
721,1377495197,22.31
721,1377495202,22.3
721,1377495207,22.3
721,1377495212,22.3
721,1377495217,22.3
721,1377495222,22.3
721,1377495227,22.3
721,1377495232,22.3
721,1377495237,22.31
721,1377495242,22.3
721,1377495247,22.3
721,1377495252,22.3
721,1377495257,22.3
721,1377495262,22.3
721,1377495267,22.3
721,1377495272,22.29
721,1377495277,22.3
721,1377495282,22.3
721,1377495287,22.3
721,1377495292,22.29
721,1377495297,22.29
721,1377495302,22.3
721,1377495307,22.29
721,1377495312,22.3
721,1377495317,22.28
721,1377495322,22.29
721,1377495327,22.3
721,1377495332,22.28
721,1377495337,22.28
721,1377495342,22.29
721,1377495347,22.29
721,1377495352,22.29
721,1377495357,22.28
721,1377495362,22.29
721,1377495367,22.28
721,1377495372,22.29
721,1377495377,22.27
721,1377495382,22.28
721,1377495387,22.28
721,1377495392,22.28
721,1377495397,22.28
721,1377495402,22.28
721,1377495407,22.27
721,1377495412,22.27
721,1377495417,22.28
721,1377495422,22.28
721,1377495427,22.28
721,1377495432,22.28
721,1377495437,22.27
721,1377495442,22.27
721,1377495447,22.26
721,1377495452,22.27
721,1377495457,22.27
721,1377495462,22.26
721,1377495467,22.27
721,1377495472,22.27
721,1377495477,22.26
721,1377495482,22.26
721,1377495487,22.26
721,1377495492,22.26
721,1377495497,22.26
721,1377495502,22.26
721,1377495507,22.25
721,1377495513,22.24
721,1377495517,22.25
721,1377495522,22.26
721,1377495527,22.26
721,1377495532,22.26
721,1377495537,22.24
721,1377495542,22.25
721,1377495547,22.25
721,1377495552,22.26
721,1377495557,22.25
721,1377495562,22.24
721,1377495567,22.24
721,1377495572,22.25
721,1377495577,22.25
721,1377495582,22.26
721,1377495587,22.24
721,1377495592,22.25
721,1377495597,22.24
721,1377495602,22.25
721,1377495607,22.24
721,1377495612,22.25
721,1377495617,22.23
721,1377495622,22.24
721,1377495627,22.23
721,1377495632,22.23
721,1377495637,22.23
721,1377495642,22.23
721,1377495647,22.23
721,1377495652,22.24
721,1377495657,22.24
721,1377495662,22.22
721,1377495667,22.23
721,1377495672,22.22
721,1377495677,22.22
721,1377495682,22.22
721,1377495687,22.23
721,1377495692,22.23
721,1377495697,22.22
721,1377495702,22.22
721,1377495707,22.22
721,1377495712,22.23
721,1377495717,22.22
721,1377495722,22.21
721,1377495727,22.22
721,1377495732,22.22
721,1377495737,22.22
721,1377495742,22.22
721,1377495747,22.2
721,1377495752,22.21
721,1377495757,22.22
721,1377495762,22.21
721,1377495767,22.21
721,1377495772,22.2
721,1377495777,22.21
721,1377495782,22.2
721,1377495787,22.2
721,1377495792,22.22
721,1377495797,22.21
721,1377495802,22.21
721,1377495807,22.2
721,1377495812,22.2
721,1377495817,22.2
721,1377495822,22.21
721,1377495827,22.2
721,1377495832,22.2
721,1377495837,22.19
721,1377495842,22.19
721,1377495847,22.2
721,1377495852,22.18
721,1377495857,22.19
721,1377495862,22.19
721,1377495867,22.18
721,1377495872,22.18
721,1377495877,22.19
721,1377495882,22.18
721,1377495887,22.18
721,1377495892,22.18
721,1377495897,22.18
721,1377495902,22.19
721,1377495907,22.17
721,1377495912,22.16
721,1377495917,22.19
721,1377495922,22.18
721,1377495927,22.18
721,1377495932,22.17
721,1377495937,22.17
721,1377495942,22.16
721,1377495947,22.18
721,1377495952,22.16
721,1377495957,22.17
721,1377495962,22.17
721,1377495967,22.18
721,1377495972,22.17
721,1377495977,22.16
721,1377495982,22.17
721,1377495987,22.18
721,1377495992,22.17
721,1377495997,22.17
721,1377496002,22.17
721,1377496007,22.16
721,1377496012,22.16
721,1377496017,22.16
721,1377496022,22.16
721,1377496027,22.16
721,1377496032,22.16
721,1377496037,22.16
721,1377496042,22.16
721,1377496047,22.15
721,1377496052,22.15
721,1377496057,22.15
721,1377496062,22.16
721,1377496067,22.16
721,1377496072,22.15
721,1377496077,22.16
721,1377496082,22.15
721,1377496087,22.16
721,1377496092,22.16
721,1377496097,22.15
721,1377496102,22.14
721,1377496107,22.16
721,1377496112,22.14
721,1377496117,22.14
721,1377496122,22.14
721,1377496127,22.14
721,1377496132,22.14
721,1377496137,22.15
721,1377496142,22.13
721,1377496147,22.14
721,1377496152,22.14
721,1377496157,22.14
721,1377496162,22.15
721,1377496167,22.14
721,1377496172,22.14
721,1377496177,22.15
721,1377496182,22.14
721,1377496187,22.15
721,1377496192,22.14
721,1377496197,22.15
721,1377496202,22.15
721,1377496207,22.14
721,1377496212,22.14
721,1377496217,22.15
721,1377496222,22.14
721,1377496227,22.13
721,1377496232,22.14
721,1377496237,22.14
721,1377496242,22.14
721,1377496247,22.14
721,1377496252,22.14
721,1377496257,22.14
721,1377496262,22.14
721,1377496267,22.13
721,1377496272,22.13
721,1377496277,22.13
721,1377496282,22.14
721,1377496287,22.15
721,1377496292,22.13
721,1377496297,22.14
721,1377496302,22.14
721,1377496307,22.14
721,1377496312,22.14
721,1377496317,22.13
721,1377496322,22.12
721,1377496327,22.14
721,1377496332,22.14
721,1377496337,22.12
721,1377496342,22.13
721,1377496347,22.11
721,1377496352,22.13
721,1377496357,22.13
721,1377496362,22.12
721,1377496367,22.14
721,1377496372,22.12
721,1377496377,22.12
721,1377496382,22.12
721,1377496387,22.13
721,1377496392,22.13
721,1377496397,22.14
721,1377496402,22.13
721,1377496407,22.12
721,1377496412,22.12
721,1377496417,22.12
721,1377496422,22.11
721,1377496427,22.13
721,1377496432,22.13
721,1377496437,22.12
721,1377496442,22.12
721,1377496447,22.12
721,1377496452,22.13
721,1377496457,22.12
721,1377496462,22.13
721,1377496467,22.12
721,1377496472,22.13
721,1377496477,22.12
721,1377496482,22.12
721,1377496487,22.14
721,1377496492,22.12
721,1377496497,22.12
721,1377496502,22.12
721,1377496507,22.12
721,1377496512,22.11
721,1377496517,22.12
721,1377496522,22.12
721,1377496527,22.12
721,1377496532,22.12
721,1377496537,22.12
721,1377496542,22.11
721,1377496547,22.12
721,1377496552,22.12
721,1377496557,22.11
721,1377496562,22.1
721,1377496567,22.1
721,1377496572,22.1
721,1377496577,22.1
721,1377496582,22.1
721,1377496587,22.1
721,1377496592,22.12
721,1377496597,22.1
721,1377496602,22.11
721,1377496607,22.11
721,1377496612,22.11
721,1377496617,22.11
721,1377496622,22.1
721,1377496627,22.09
721,1377496632,22.1
721,1377496637,22.1
721,1377496642,22.1
721,1377496647,22.09
721,1377496652,22.1
721,1377496657,22.1
721,1377496662,22.1
721,1377496667,22.1
721,1377496672,22.1
721,1377496677,22.1
721,1377496682,22.1
721,1377496687,22.08
721,1377496692,22.1
721,1377496697,22.09
721,1377496702,22.1
721,1377496707,22.09
721,1377496712,22.1
721,1377496717,22.1
721,1377496722,22.09
721,1377496727,22.1
721,1377496732,22.08
721,1377496737,22.1
721,1377496742,22.09
721,1377496747,22.09
721,1377496752,22.1
721,1377496757,22.09
721,1377496762,22.1
721,1377496767,22.1
721,1377496772,22.09
721,1377496777,22.1
721,1377496782,22.09
721,1377496787,22.09
721,1377496792,22.09
721,1377496797,22.09
721,1377496802,22.09
721,1377496807,22.08
721,1377496812,22.08
721,1377496817,22.09
721,1377496822,22.09
721,1377496827,22.09
721,1377496832,22.08
721,1377496837,22.08
721,1377496842,22.09
721,1377496847,22.08
721,1377496852,22.08
721,1377496857,22.08
721,1377496862,22.08
721,1377496867,22.08
721,1377496872,22.08
721,1377496877,22.08
721,1377496882,22.08
721,1377496887,22.09
721,1377496892,22.08
721,1377496897,22.08
721,1377496902,22.07
721,1377496907,22.07
721,1377496912,22.08
721,1377496917,22.07
721,1377496922,22.07
721,1377496927,22.07
721,1377496932,22.08
721,1377496937,22.08
721,1377496942,22.07
721,1377496947,22.08
721,1377496952,22.08
721,1377496957,22.07
721,1377496962,22.06
721,1377496967,22.07
721,1377496972,22.08
721,1377496977,22.06
721,1377496982,22.07
721,1377496987,22.07
721,1377496992,22.06
721,1377496997,22.08
721,1377497002,22.05
721,1377497007,22.06
721,1377497012,22.05
721,1377497017,22.06
721,1377497022,22.06
721,1377497027,22.07
721,1377497032,22.06
721,1377497037,22.07
721,1377497042,22.07
721,1377497047,22.06
721,1377497052,22.05
721,1377497057,22.06
721,1377497062,22.05
721,1377497067,22.06
721,1377497072,22.05
721,1377497077,22.05
721,1377497082,22.05
721,1377497087,22.05
721,1377497092,22.05
721,1377497097,22.04
721,1377497102,22.04
721,1377497107,22.05
721,1377497112,22.05
721,1377497117,22.04
721,1377497122,22.06
721,1377497127,22.05
721,1377497132,22.04
721,1377497137,22.06
721,1377497142,22.04
721,1377497147,22.06
721,1377497152,22.04
721,1377497157,22.04
721,1377497162,22.04
721,1377497167,22.04
721,1377497172,22.04
721,1377497179,22.04
721,1377497182,22.04
721,1377497187,22.05
721,1377497192,22.04
721,1377497197,22.03
721,1377497202,22.03
721,1377497207,22.04
721,1377497212,22.03
721,1377497217,22.03
721,1377497222,22.04
721,1377497227,22.02
721,1377497232,22.04
721,1377497237,22.02
721,1377497242,22.03
721,1377497247,22.04
721,1377497252,22.04
721,1377497257,22.03
721,1377497262,22.03
721,1377497267,22.04
721,1377497272,22.03
721,1377497277,22.03
721,1377497282,22.04
721,1377497287,22.04
721,1377497292,22.03
721,1377497297,22.03
721,1377497302,22.03
721,1377497307,22.04
721,1377497312,22.02
721,1377497317,22.02
721,1377497322,22.02
721,1377497327,22.01
721,1377497332,22.02
721,1377497337,22.02
721,1377497342,22.02
721,1377497347,22.02
721,1377497352,22.02
721,1377497357,22.02
721,1377497362,22.02
721,1377497367,22.02
721,1377497372,22.01
721,1377497377,22.02
721,1377497382,22.02
721,1377497387,22.02
721,1377497392,22.0
721,1377497397,22.01
721,1377497402,22.0
721,1377497407,22.01
721,1377497412,22.01
721,1377497417,22.0
721,1377497422,21.99
721,1377497427,22.0
721,1377497432,21.99
721,1377497437,22.0
721,1377497442,22.0
721,1377497447,22.0
721,1377497452,21.99
721,1377497457,21.99
721,1377497462,21.99
721,1377497467,21.99
721,1377497472,21.99
721,1377497477,21.98
721,1377497482,21.98
721,1377497487,21.98
721,1377497492,21.98
721,1377497497,21.99
721,1377497502,21.99
721,1377497507,21.99
721,1377497512,21.99
721,1377497517,21.98
721,1377497522,21.98
721,1377497527,21.99
721,1377497532,21.99
721,1377497537,21.98
721,1377497542,21.99
721,1377497547,21.98
721,1377497552,21.98
721,1377497557,21.98
721,1377497562,21.98
721,1377497567,21.98
721,1377497572,21.98
721,1377497577,21.98
721,1377497582,21.98
721,1377497587,21.99
721,1377497592,21.98
721,1377497597,21.97
721,1377497602,21.98
721,1377497607,21.97
721,1377497612,21.98
721,1377497617,21.98
721,1377497622,21.97
721,1377497627,21.98
721,1377497632,21.98
721,1377497637,21.97
721,1377497642,21.97
721,1377497647,21.97
721,1377497652,21.96
721,1377497657,21.97
721,1377497662,21.98
721,1377497667,21.97
721,1377497672,21.97
721,1377497677,21.98
721,1377497682,21.98
721,1377497687,21.97
721,1377497692,21.96
721,1377497697,21.97
721,1377497702,21.96
721,1377497707,21.96
721,1377497712,21.97
721,1377497717,21.97
721,1377497722,21.96
721,1377497727,21.96
721,1377497732,21.97
721,1377497737,21.96
721,1377497742,21.96
721,1377497747,21.96
721,1377497752,21.96
721,1377497757,21.95
721,1377497762,21.95
721,1377497767,21.95
721,1377497772,21.96
721,1377497777,21.96
721,1377497782,21.96
721,1377497787,21.95
721,1377497792,21.96
721,1377497797,21.96
721,1377497802,21.94
721,1377497807,21.96
721,1377497812,21.95
721,1377497817,21.94
721,1377497822,21.95
721,1377497827,21.95
721,1377497832,21.94
721,1377497837,21.94
721,1377497842,21.95
721,1377497847,21.94
721,1377497852,21.94
721,1377497857,21.94
721,1377497862,21.93
721,1377497867,21.94
721,1377497872,21.93
721,1377497877,21.94
721,1377497882,21.93
721,1377497887,21.94
721,1377497892,21.93
721,1377497897,21.93
721,1377497902,21.94
721,1377497907,21.95
721,1377497912,21.93
721,1377497917,21.93
721,1377497922,21.94
721,1377497927,21.93
721,1377497932,21.94
721,1377497937,21.94
721,1377497942,21.93
721,1377497947,21.92
721,1377497952,21.93
721,1377497957,21.92
721,1377497962,21.93
721,1377497967,21.93
721,1377497972,21.93
721,1377497977,21.94
721,1377497982,21.93
721,1377497987,21.93
721,1377497992,21.94
721,1377497997,21.94
721,1377498002,21.92
721,1377498007,21.94
721,1377498012,21.93
721,1377498017,21.93
721,1377498022,21.94
721,1377498027,21.93
721,1377498032,21.92
721,1377498037,21.92
721,1377498042,21.92
721,1377498047,21.92
721,1377498052,21.93
721,1377498057,21.92
721,1377498062,21.92
721,1377498067,21.92
721,1377498072,21.92
721,1377498077,21.93
721,1377498082,21.93
721,1377498087,21.94
721,1377498092,21.92
721,1377498097,21.93
721,1377498102,21.93
721,1377498107,21.92
721,1377498112,21.92
721,1377498117,21.92
721,1377498122,21.92
721,1377498127,21.92
721,1377498132,21.91
721,1377498137,21.92
721,1377498142,21.92
721,1377498147,21.91
721,1377498152,21.92
721,1377498157,21.92
721,1377498162,21.92
721,1377498167,21.92
721,1377498172,21.92
721,1377498177,21.92
721,1377498182,21.92
721,1377498187,21.9
721,1377498192,21.9
721,1377498197,21.91
721,1377498202,21.91
721,1377498207,21.9
721,1377498212,21.9
721,1377498217,21.92
721,1377498222,21.91
721,1377498227,21.92
721,1377498232,21.9
721,1377498237,21.91
721,1377498242,21.9
721,1377498247,21.9
721,1377498252,21.9
721,1377498257,21.9
721,1377498262,21.9
721,1377498267,21.9
721,1377498272,21.9
721,1377498277,21.9
721,1377498282,21.9
721,1377498287,21.9
721,1377498292,21.89
721,1377498297,21.89
721,1377498302,21.9
721,1377498307,21.9
721,1377498312,21.89
721,1377498317,21.89
721,1377498322,21.89
721,1377498327,21.89
721,1377498332,21.89
721,1377498337,21.89
721,1377498342,21.9
721,1377498347,21.89
721,1377498352,21.9
721,1377498357,21.88
721,1377498362,21.88
721,1377498367,21.9
721,1377498372,21.89
721,1377498377,21.9
721,1377498382,21.89
721,1377498387,21.89
721,1377498392,21.88
721,1377498397,21.88
721,1377498402,21.88
721,1377498407,21.88
721,1377498412,21.88
721,1377498417,21.88
721,1377498422,21.88
721,1377498427,21.88
721,1377498432,21.88
721,1377498437,21.87
721,1377498442,21.88
721,1377498447,21.88
721,1377498452,21.87
721,1377498457,21.87
721,1377498462,21.88
721,1377498467,21.88
721,1377498472,21.88
721,1377498477,21.86
721,1377498482,21.87
721,1377498487,21.86
721,1377498492,21.87
721,1377498497,21.86
721,1377498502,21.86
721,1377498507,21.86
721,1377498512,21.85
721,1377498517,21.85
721,1377498522,21.86
721,1377498527,21.86
721,1377498532,21.84
721,1377498537,21.85
721,1377498542,21.85
721,1377498547,21.85
721,1377498552,21.84
721,1377498557,21.86
721,1377498562,21.86
721,1377498567,21.85
721,1377498572,21.85
721,1377498577,21.85
721,1377498582,21.85
721,1377498587,21.85
721,1377498592,21.85
721,1377498597,21.84
721,1377498602,21.84
721,1377498607,21.83
721,1377498612,21.84
721,1377498617,21.84
721,1377498622,21.84
721,1377498627,21.83
721,1377498632,21.83
721,1377498637,21.85
721,1377498642,21.84
721,1377498647,21.84
721,1377498652,21.82
721,1377498657,21.84
721,1377498662,21.84
721,1377498667,21.84
721,1377498672,21.84
721,1377498677,21.83
721,1377498682,21.83
721,1377498687,21.83
721,1377498692,21.83
721,1377498697,21.82
721,1377498702,21.82
721,1377498707,21.82
721,1377498712,21.82
721,1377498717,21.83
721,1377498722,21.84
721,1377498727,21.83
721,1377498732,21.82
721,1377498737,21.82
721,1377498742,21.82
721,1377498747,21.82
721,1377498752,21.82
721,1377498757,21.83
721,1377498762,21.8
721,1377498767,21.82
721,1377498772,21.82
721,1377498777,21.81
721,1377498782,21.82
721,1377498787,21.82
721,1377498792,21.81
721,1377498797,21.8
721,1377498802,21.81
721,1377498807,21.8
721,1377498812,21.81
721,1377498817,21.81
721,1377498822,21.8
721,1377498827,21.81
721,1377498832,21.8
721,1377498837,21.81
721,1377498842,21.8
721,1377498847,21.81
721,1377498852,21.81
721,1377498857,21.81
721,1377498862,21.8
721,1377498867,21.8
721,1377498872,21.8
721,1377498877,21.8
721,1377498882,21.8
721,1377498887,21.79
721,1377498892,21.8
721,1377498897,21.8
721,1377498902,21.79
721,1377498907,21.79
721,1377498912,21.79
721,1377498917,21.78
721,1377498922,21.79
721,1377498927,21.79
721,1377498932,21.79
721,1377498937,21.78
721,1377498942,21.79
721,1377498947,21.79
721,1377498952,21.78
721,1377498957,21.78
721,1377498962,21.78
721,1377498967,21.8
721,1377498972,21.78
721,1377498977,21.78
721,1377498982,21.78
721,1377498987,21.78
721,1377498992,21.78
721,1377498997,21.77
721,1377499002,21.78
721,1377499007,21.78
721,1377499012,21.77
721,1377499017,21.77
721,1377499022,21.76
721,1377499027,21.78
721,1377499032,21.77
721,1377499037,21.78
721,1377499042,21.78
721,1377499047,21.78
721,1377499052,21.77
721,1377499057,21.78
721,1377499062,21.78
721,1377499067,21.77
721,1377499072,21.76
721,1377499077,21.78
721,1377499082,21.77
721,1377499087,21.77
721,1377499092,21.77
721,1377499097,21.78
721,1377499102,21.77
721,1377499107,21.77
721,1377499112,21.78
721,1377499117,21.78
721,1377499122,21.77
721,1377499127,21.77
721,1377499132,21.77
721,1377499137,21.77
721,1377499142,21.77
721,1377499147,21.77
721,1377499152,21.76
721,1377499157,21.76
721,1377499162,21.76
721,1377499167,21.78
721,1377499172,21.76
721,1377499177,21.77
721,1377499182,21.76
721,1377499187,21.76
721,1377499192,21.75
721,1377499197,21.76
721,1377499202,21.76
721,1377499207,21.76
721,1377499212,21.76
721,1377499217,21.76
721,1377499222,21.76
721,1377499227,21.76
721,1377499232,21.74
721,1377499237,21.75
721,1377499242,21.74
721,1377499247,21.75
721,1377499252,21.76
721,1377499257,21.76
721,1377499262,21.75
721,1377499267,21.74
721,1377499272,21.75
721,1377499277,21.76
721,1377499282,21.74
721,1377499287,21.74
721,1377499292,21.75
721,1377499297,21.75
721,1377499302,21.76
721,1377499307,21.74
721,1377499312,21.74
721,1377499317,21.75
721,1377499322,21.74
721,1377499327,21.74
721,1377499332,21.74
721,1377499337,21.74
721,1377499342,21.73
721,1377499347,21.74
721,1377499352,21.75
721,1377499357,21.75
721,1377499362,21.74
721,1377499367,21.75
721,1377499372,21.74
721,1377499377,21.74
721,1377499382,21.74
721,1377499387,21.74
721,1377499392,21.75
721,1377499397,21.74
721,1377499402,21.76
721,1377499407,21.74
721,1377499412,21.74
721,1377499417,21.74
721,1377499422,21.75
721,1377499427,21.75
721,1377499432,21.74
721,1377499437,21.75
721,1377499442,21.74
721,1377499447,21.74
721,1377499452,21.74
721,1377499457,21.75
721,1377499462,21.74
721,1377499467,21.75
721,1377499472,21.74
721,1377499477,21.74
721,1377499482,21.73
721,1377499487,21.74
721,1377499492,21.74
721,1377499497,21.74
721,1377499502,21.74
721,1377499507,21.74
721,1377499512,21.73
721,1377499517,21.74
721,1377499522,21.72
721,1377499527,21.74
721,1377499532,21.72
721,1377499537,21.74
721,1377499542,21.73
721,1377499547,21.73
721,1377499552,21.73
721,1377499557,21.72
721,1377499562,21.73
721,1377499567,21.72
721,1377499572,21.73
721,1377499577,21.72
721,1377499582,21.72
721,1377499587,21.73
721,1377499592,21.72
721,1377499597,21.72
721,1377499602,21.72
721,1377499607,21.72
721,1377499612,21.72
721,1377499617,21.72
721,1377499622,21.71
721,1377499627,21.72
721,1377499632,21.71
721,1377499637,21.72
721,1377499642,21.71
721,1377499647,21.72
721,1377499652,21.71
721,1377499657,21.72
721,1377499662,21.71
721,1377499667,21.71
721,1377499672,21.7
721,1377499677,21.72
721,1377499682,21.72
721,1377499687,21.71
721,1377499692,21.71
721,1377499697,21.7
721,1377499702,21.7
721,1377499707,21.7
721,1377499712,21.7
721,1377499717,21.7
721,1377499722,21.7
721,1377499727,21.7
721,1377499732,21.7
721,1377499737,21.7
721,1377499742,21.7
721,1377499747,21.7
721,1377499752,21.7
721,1377499757,21.7
721,1377499762,21.69
721,1377499767,21.69
721,1377499772,21.69
721,1377499777,21.69
721,1377499782,21.7
721,1377499787,21.69
721,1377499792,21.7
721,1377499797,21.7
721,1377499804,21.7
721,1377499807,21.68
721,1377499812,21.7
721,1377499817,21.7
721,1377499822,21.69
721,1377499827,21.69
721,1377499832,21.69
721,1377499837,21.69
721,1377499842,21.69
721,1377499847,21.69
721,1377499852,21.69
721,1377499857,21.69
721,1377499862,21.69
721,1377499867,21.68
721,1377499872,21.7
721,1377499877,21.69
721,1377499882,21.68
721,1377499887,21.7
721,1377499892,21.68
721,1377499897,21.68
721,1377499902,21.7
721,1377499907,21.69
721,1377499912,21.69
721,1377499917,21.69
721,1377499922,21.69
721,1377499927,21.69
721,1377499932,21.68
721,1377499937,21.68
721,1377499942,21.68
721,1377499947,21.68
721,1377499952,21.68
721,1377499957,21.68
721,1377499962,21.67
721,1377499967,21.68
721,1377499972,21.68
721,1377499977,21.68
721,1377499982,21.67
721,1377499987,21.68
721,1377499992,21.67
721,1377499997,21.68
721,1377500002,21.66
721,1377500007,21.68
721,1377500012,21.68
721,1377500017,21.67
721,1377500022,21.67
721,1377500027,21.68
721,1377500032,21.68
721,1377500037,21.67
721,1377500042,21.66
721,1377500047,21.66
721,1377500052,21.67
721,1377500057,21.67
721,1377500062,21.67
721,1377500067,21.66
721,1377500072,21.66
721,1377500077,21.66
721,1377500082,21.66
721,1377500087,21.66
721,1377500092,21.66
721,1377500097,21.66
721,1377500102,21.66
721,1377500107,21.66
721,1377500112,21.66
721,1377500117,21.66
721,1377500122,21.66
721,1377500127,21.66
721,1377500132,21.66
721,1377500137,21.65
721,1377500142,21.65
721,1377500147,21.66
721,1377500152,21.65
721,1377500157,21.66
721,1377500162,21.66
721,1377500167,21.66
721,1377500172,21.65
721,1377500177,21.66
721,1377500182,21.66
721,1377500187,21.66
721,1377500192,21.65
721,1377500197,21.65
721,1377500202,21.65
721,1377500207,21.66
721,1377500212,21.66
721,1377500217,21.65
721,1377500222,21.67
721,1377500227,21.65
721,1377500232,21.65
721,1377500237,21.65
721,1377500242,21.66
721,1377500247,21.65
721,1377500252,21.66
721,1377500257,21.66
721,1377500262,21.66
721,1377500267,21.66
721,1377500272,21.65
721,1377500277,21.66
721,1377500282,21.66
721,1377500287,21.66
721,1377500292,21.64
721,1377500297,21.65
721,1377500302,21.66
721,1377500307,21.65
721,1377500312,21.64
721,1377500317,21.66
721,1377500322,21.65
721,1377500327,21.65
721,1377500332,21.65
721,1377500337,21.64
721,1377500342,21.66
721,1377500347,21.65
721,1377500352,21.64
721,1377500357,21.64
721,1377500362,21.64
721,1377500367,21.64
721,1377500372,21.65
721,1377500377,21.64
721,1377500382,21.65
721,1377500387,21.65
721,1377500392,21.66
721,1377500397,21.65
721,1377500402,21.64
721,1377500407,21.64
721,1377500412,21.65
721,1377500417,21.65
721,1377500422,21.64
721,1377500427,21.65
721,1377500432,21.64
721,1377500437,21.65
721,1377500442,21.65
721,1377500447,21.64
721,1377500452,21.64
721,1377500457,21.64
721,1377500462,21.64
721,1377500467,21.63
721,1377500472,21.63
721,1377500477,21.62
721,1377500482,21.64
721,1377500487,21.64
721,1377500492,21.63
721,1377500497,21.64
721,1377500502,21.64
721,1377500507,21.63
721,1377500512,21.63
721,1377500517,21.64
721,1377500522,21.63
721,1377500527,21.63
721,1377500532,21.62
721,1377500537,21.63
721,1377500542,21.63
721,1377500547,21.62
721,1377500552,21.63
721,1377500557,21.63
721,1377500562,21.62
721,1377500567,21.62
721,1377500572,21.62
721,1377500577,21.62
721,1377500582,21.62
721,1377500587,21.62
721,1377500592,21.62
721,1377500597,21.64
721,1377500602,21.63
721,1377500607,21.63
721,1377500612,21.62
721,1377500617,21.62
721,1377500622,21.62
721,1377500627,21.62
721,1377500632,21.62
721,1377500637,21.62
721,1377500642,21.62
721,1377500647,21.62
721,1377500652,21.61
721,1377500657,21.61
721,1377500662,21.6
721,1377500670,21.61
721,1377500672,21.61
721,1377500677,21.61
721,1377500682,21.61
721,1377500687,21.62
721,1377500692,21.62
721,1377500697,21.62
721,1377500702,21.61
721,1377500707,21.62
721,1377500712,21.6
721,1377500717,21.6
721,1377500722,21.6
721,1377500727,21.6
721,1377500732,21.6
721,1377500737,21.6
721,1377500742,21.6
721,1377500747,21.6
721,1377500752,21.6
721,1377500757,21.6
721,1377500762,21.61
721,1377500767,21.61
721,1377500772,21.61
721,1377500777,21.6
721,1377500782,21.6
721,1377500787,21.61
721,1377500792,21.6
721,1377500797,21.6
721,1377500802,21.6
721,1377500807,21.6
721,1377500812,21.6
721,1377500817,21.6
721,1377500822,21.6
721,1377500827,21.61
721,1377500832,21.6
721,1377500837,21.6
721,1377500842,21.6
721,1377500847,21.6
721,1377500852,21.6
721,1377500857,21.59
721,1377500862,21.59
721,1377500867,21.58
721,1377500872,21.6
721,1377500877,21.6
721,1377500882,21.6
721,1377500887,21.59
721,1377500892,21.59
721,1377500897,21.58
721,1377500902,21.59
721,1377500907,21.58
721,1377500912,21.59
721,1377500917,21.59
721,1377500922,21.59
721,1377500927,21.58
721,1377500932,21.59
721,1377500937,21.59
721,1377500942,21.59
721,1377500947,21.58
721,1377500952,21.58
721,1377500957,21.58
721,1377500962,21.6
721,1377500967,21.58
721,1377500972,21.58
721,1377500977,21.58
721,1377500982,21.58
721,1377500987,21.57
721,1377500992,21.58
721,1377500997,21.58
721,1377501002,21.58
721,1377501007,21.58
721,1377501012,21.58
721,1377501017,21.57
721,1377501022,21.58
721,1377501027,21.57
721,1377501032,21.57
721,1377501037,21.56
721,1377501042,21.58
721,1377501047,21.58
721,1377501052,21.56
721,1377501057,21.58
721,1377501062,21.56
721,1377501067,21.57
721,1377501072,21.57
721,1377501077,21.57
721,1377501082,21.56
721,1377501087,21.58
721,1377501092,21.57
721,1377501097,21.56
721,1377501102,21.56
721,1377501107,21.57
721,1377501112,21.57
721,1377501117,21.56
721,1377501122,21.56
721,1377501127,21.56
721,1377501132,21.56
721,1377501137,21.55
721,1377501142,21.56
721,1377501147,21.57
721,1377501152,21.57
721,1377501157,21.56
721,1377501162,21.56
721,1377501167,21.56
721,1377501172,21.56
721,1377501177,21.56
721,1377501182,21.56
721,1377501187,21.56
721,1377501192,21.57
721,1377501197,21.57
721,1377501202,21.56
721,1377501207,21.56
721,1377501212,21.56
721,1377501217,21.57
721,1377501222,21.57
721,1377501227,21.56
721,1377501232,21.57
721,1377501237,21.56
721,1377501242,21.56
721,1377501247,21.58
721,1377501252,21.56
721,1377501257,21.56
721,1377501262,21.56
721,1377501267,21.56
721,1377501272,21.56
721,1377501277,21.56
721,1377501282,21.56
721,1377501287,21.56
721,1377501292,21.56
721,1377501297,21.56
721,1377501302,21.56
721,1377501307,21.56
721,1377501312,21.56
721,1377501317,21.57
721,1377501322,21.56
721,1377501327,21.56
721,1377501332,21.56
721,1377501337,21.56
721,1377501342,21.56
721,1377501347,21.56
721,1377501352,21.56
721,1377501357,21.56
721,1377501362,21.56
721,1377501367,21.56
721,1377501372,21.55
721,1377501377,21.56
721,1377501382,21.57
721,1377501387,21.56
721,1377501392,21.56
721,1377501397,21.55
721,1377501402,21.54
721,1377501407,21.56
721,1377501412,21.56
721,1377501417,21.56
721,1377501422,21.56
721,1377501427,21.55
721,1377501432,21.56
721,1377501437,21.55
721,1377501442,21.56
721,1377501447,21.54
721,1377501452,21.56
721,1377501457,21.55
721,1377501462,21.55
721,1377501467,21.55
721,1377501472,21.55
721,1377501477,21.55
721,1377501482,21.56
721,1377501487,21.55
721,1377501492,21.55
721,1377501497,21.55
721,1377501502,21.54
721,1377501507,21.55
721,1377501512,21.54
721,1377501517,21.55
721,1377501522,21.55
721,1377501527,21.54
721,1377501532,21.54
721,1377501537,21.54
721,1377501542,21.54
721,1377501547,21.54
721,1377501552,21.53
721,1377501557,21.54
721,1377501562,21.54
721,1377501567,21.54
721,1377501572,21.55
721,1377501577,21.54
721,1377501582,21.53
721,1377501587,21.54
721,1377501592,21.54
721,1377501597,21.54
721,1377501602,21.54
721,1377501607,21.54
721,1377501612,21.54
721,1377501617,21.53
721,1377501622,21.52
721,1377501627,21.53
721,1377501632,21.53
721,1377501637,21.53
721,1377501642,21.52
721,1377501647,21.54
721,1377501652,21.52
721,1377501657,21.52
721,1377501662,21.52
721,1377501667,21.53
721,1377501672,21.52
721,1377501677,21.53
721,1377501682,21.52
721,1377501687,21.52
721,1377501692,21.52
721,1377501697,21.52
721,1377501702,21.52
721,1377501707,21.53
721,1377501712,21.52
721,1377501717,21.53
721,1377501722,21.52
721,1377501727,21.53
721,1377501732,21.53
721,1377501737,21.53
721,1377501742,21.52
721,1377501747,21.51
721,1377501752,21.52
721,1377501757,21.52
721,1377501762,21.53
721,1377501767,21.52
721,1377501772,21.52
721,1377501777,21.51
721,1377501782,21.52
721,1377501787,21.52
721,1377501792,21.52
721,1377501797,21.5
721,1377501802,21.52
721,1377501807,21.51
721,1377501812,21.5
721,1377501817,21.5
721,1377501822,21.5
721,1377501827,21.5
721,1377501832,21.5
721,1377501837,21.51
721,1377501842,21.5
721,1377501847,21.52
721,1377501852,21.51
721,1377501857,21.51
721,1377501862,21.51
721,1377501867,21.51
721,1377501872,21.5
721,1377501877,21.5
721,1377501882,21.5
721,1377501887,21.51
721,1377501892,21.5
721,1377501897,21.49
721,1377501902,21.5
721,1377501907,21.49
721,1377501912,21.5
721,1377501917,21.5
721,1377501922,21.5
721,1377501927,21.5
721,1377501932,21.51
721,1377501937,21.5
721,1377501942,21.5
721,1377501947,21.51
721,1377501952,21.5
721,1377501957,21.5
721,1377501962,21.5
721,1377501967,21.5
721,1377501972,21.5
721,1377501977,21.49
721,1377501982,21.49
721,1377501987,21.49
721,1377501992,21.5
721,1377501997,21.5
721,1377502002,21.49
721,1377502007,21.5
721,1377502012,21.49
721,1377502017,21.49
721,1377502022,21.5
721,1377502027,21.5
721,1377502032,21.49
721,1377502037,21.49
721,1377502042,21.49
721,1377502047,21.48
721,1377502052,21.49
721,1377502057,21.5
721,1377502062,21.5
721,1377502067,21.49
721,1377502072,21.5
721,1377502077,21.48
721,1377502082,21.49
721,1377502087,21.49
721,1377502092,21.48
721,1377502097,21.48
721,1377502102,21.49
721,1377502107,21.5
721,1377502112,21.49
721,1377502117,21.49
721,1377502122,21.49
721,1377502127,21.49
721,1377502132,21.48
721,1377502137,21.5
721,1377502142,21.49
721,1377502147,21.49
721,1377502152,21.48
721,1377502157,21.5
721,1377502162,21.49
721,1377502167,21.48
721,1377502172,21.48
721,1377502177,21.48
721,1377502182,21.48
721,1377502187,21.48
721,1377502192,21.49
721,1377502197,21.48
721,1377502202,21.48
721,1377502207,21.48
721,1377502212,21.48
721,1377502217,21.47
721,1377502222,21.49
721,1377502227,21.48
721,1377502232,21.48
721,1377502237,21.49
721,1377502242,21.48
721,1377502247,21.48
721,1377502252,21.48
721,1377502257,21.47
721,1377502262,21.48
721,1377502267,21.48
721,1377502272,21.48
721,1377502277,21.47
721,1377502282,21.47
721,1377502287,21.49
721,1377502292,21.47
721,1377502297,21.48
721,1377502302,21.47
721,1377502307,21.48
721,1377502312,21.48
721,1377502317,21.46
721,1377502322,21.46
721,1377502327,21.47
721,1377502332,21.47
721,1377502337,21.47
721,1377502342,21.46
721,1377502347,21.47
721,1377502352,21.46
721,1377502357,21.46
721,1377502362,21.47
721,1377502367,21.46
721,1377502372,21.46
721,1377502377,21.47
721,1377502382,21.47
721,1377502387,21.47
721,1377502392,21.46
721,1377502397,21.47
721,1377502402,21.47
721,1377502407,21.46
721,1377502412,21.47
721,1377502417,21.46
721,1377502422,21.46
721,1377502427,21.47
721,1377502432,21.46
721,1377502437,21.46
721,1377502442,21.47
721,1377502447,21.45
721,1377502452,21.46
721,1377502457,21.46
721,1377502462,21.46
721,1377502467,21.47
721,1377502472,21.46
721,1377502477,21.46
721,1377502482,21.47
721,1377502487,21.46
721,1377502492,21.46
721,1377502497,21.46
721,1377502502,21.47
721,1377502507,21.46
721,1377502512,21.46
721,1377502517,21.46
721,1377502522,21.46
721,1377502527,21.45
721,1377502532,21.47
721,1377502537,21.46
721,1377502542,21.47
721,1377502547,21.47
721,1377502552,21.46
721,1377502557,21.46
721,1377502562,21.45
721,1377502567,21.46
721,1377502572,21.46
721,1377502577,21.45
721,1377502582,21.46
721,1377502587,21.47
721,1377502592,21.46
721,1377502597,21.47
721,1377502602,21.46
721,1377502607,21.46
721,1377502612,21.46
721,1377502617,21.46
721,1377502622,21.46
721,1377502627,21.44
721,1377502632,21.45
721,1377502637,21.46
721,1377502642,21.46
721,1377502647,21.45
721,1377502652,21.45
721,1377502657,21.46
721,1377502662,21.45
721,1377502667,21.46
721,1377502672,21.46
721,1377502677,21.46
721,1377502682,21.44
721,1377502687,21.45
721,1377502692,21.44
721,1377502697,21.46
721,1377502702,21.44
721,1377502707,21.45
721,1377502712,21.45
721,1377502717,21.45
721,1377502722,21.45
721,1377502727,21.45
721,1377502732,21.44
721,1377502737,21.45
721,1377502742,21.45
721,1377502747,21.45
721,1377502752,21.44
721,1377502757,21.44
721,1377502762,21.45
721,1377502767,21.45
721,1377502772,21.45
721,1377502777,21.44
721,1377502782,21.44
721,1377502787,21.46
721,1377502792,21.44
721,1377502797,21.45
721,1377502802,21.44
721,1377502807,21.45
721,1377502812,21.44
721,1377502817,21.44
721,1377502822,21.44
721,1377502827,21.45
721,1377502832,21.43
721,1377502837,21.45
721,1377502842,21.44
721,1377502847,21.45
721,1377502852,21.45
721,1377502857,21.45
721,1377502862,21.45
721,1377502867,21.45
721,1377502872,21.44
721,1377502877,21.44
721,1377502882,21.43
721,1377502887,21.44
721,1377502892,21.44
721,1377502897,21.44
721,1377502902,21.43
721,1377502907,21.44
721,1377502912,21.44
721,1377502917,21.44
721,1377502922,21.44
721,1377502927,21.44
721,1377502932,21.44
721,1377502937,21.44
721,1377502942,21.44
721,1377502947,21.45
721,1377502952,21.44
721,1377502957,21.44
721,1377502962,21.43
721,1377502967,21.42
721,1377502972,21.44
721,1377502977,21.44
721,1377502982,21.44
721,1377502987,21.44
721,1377502992,21.44
721,1377502997,21.45
721,1377503002,21.44
721,1377503007,21.44
721,1377503012,21.44
721,1377503017,21.43
721,1377503022,21.44
721,1377503027,21.43
721,1377503032,21.43
721,1377503037,21.44
721,1377503042,21.44
721,1377503047,21.44
721,1377503052,21.43
721,1377503057,21.44
721,1377503062,21.43
721,1377503067,21.44
721,1377503072,21.43
721,1377503077,21.44
721,1377503082,21.44
721,1377503087,21.43
721,1377503092,21.44
721,1377503097,21.43
721,1377503102,21.44
721,1377503107,21.44
721,1377503112,21.44
721,1377503117,21.44
721,1377503122,21.43
721,1377503127,21.44
721,1377503132,21.43
721,1377503137,21.43
721,1377503142,21.43
721,1377503147,21.43
721,1377503152,21.43
721,1377503157,21.43
721,1377503162,21.42
721,1377503167,21.42
721,1377503172,21.43
721,1377503177,21.44
721,1377503182,21.42
721,1377503191,21.43
721,1377503192,21.44
721,1377503197,21.44
721,1377503202,21.43
721,1377503207,21.42
721,1377503212,21.42
721,1377503217,21.44
721,1377503222,21.43
721,1377503227,21.41
721,1377503232,21.44
721,1377503237,21.42
721,1377503242,21.43
721,1377503247,21.42
721,1377503252,21.43
721,1377503257,21.43
721,1377503262,21.42
721,1377503267,21.42
721,1377503272,21.44
721,1377503277,21.45
721,1377503282,21.44
721,1377503287,21.42
721,1377503292,21.43
721,1377503297,21.43
721,1377503302,21.42
721,1377503307,21.43
721,1377503312,21.44
721,1377503317,21.44
721,1377503322,21.43
721,1377503327,21.43
721,1377503332,21.42
721,1377503337,21.43
721,1377503342,21.43
721,1377503347,21.43
721,1377503352,21.43
721,1377503357,21.42
721,1377503362,21.43
721,1377503367,21.43
721,1377503372,21.43
721,1377503377,21.42
721,1377503382,21.42
721,1377503387,21.42
721,1377503392,21.42
721,1377503397,21.42
721,1377503402,21.42
721,1377503407,21.43
721,1377503412,21.42
721,1377503417,21.42
721,1377503422,21.42
721,1377503427,21.42
721,1377503432,21.43
721,1377503437,21.43
721,1377503442,21.42
721,1377503447,21.42
721,1377503452,21.44
721,1377503457,21.43
721,1377503462,21.43
721,1377503467,21.42
721,1377503472,21.43
721,1377503477,21.42
721,1377503482,21.42
721,1377503487,21.42
721,1377503492,21.42
721,1377503497,21.42
721,1377503502,21.42
721,1377503507,21.42
721,1377503512,21.42
721,1377503517,21.42
721,1377503522,21.43
721,1377503527,21.43
721,1377503532,21.42
721,1377503537,21.41
721,1377503542,21.42
721,1377503547,21.41
721,1377503552,21.42
721,1377503557,21.42
721,1377503562,21.41
721,1377503567,21.42
721,1377503572,21.42
721,1377503577,21.42
721,1377503582,21.42
721,1377503587,21.42
721,1377503592,21.42
721,1377503597,21.42
721,1377503602,21.4
721,1377503607,21.42
721,1377503612,21.43
721,1377503617,21.42
721,1377503622,21.41
721,1377503627,21.42
721,1377503632,21.41
721,1377503637,21.42
721,1377503642,21.41
721,1377503647,21.42
721,1377503652,21.42
721,1377503657,21.42
721,1377503662,21.41
721,1377503667,21.42
721,1377503672,21.42
721,1377503677,21.42
721,1377503682,21.42
721,1377503687,21.41
721,1377503692,21.42
721,1377503697,21.41
721,1377503702,21.4
721,1377503707,21.41
721,1377503712,21.41
721,1377503717,21.42
721,1377503722,21.42
721,1377503727,21.42
721,1377503732,21.42
721,1377503737,21.41
721,1377503742,21.41
721,1377503747,21.42
721,1377503752,21.41
721,1377503757,21.41
721,1377503762,21.4
721,1377503767,21.42
721,1377503772,21.41
721,1377503777,21.41
721,1377503782,21.42
721,1377503787,21.42
721,1377503792,21.41
721,1377503797,21.41
721,1377503802,21.41
721,1377503807,21.4
721,1377503812,21.42
721,1377503817,21.42
721,1377503822,21.41
721,1377503827,21.4
721,1377503832,21.4
721,1377503837,21.42
721,1377503842,21.4
721,1377503847,21.41
721,1377503852,21.41
721,1377503857,21.4
721,1377503862,21.41
721,1377503867,21.4
721,1377503872,21.4
721,1377503877,21.4
721,1377503882,21.41
721,1377503887,21.4
721,1377503892,21.42
721,1377503897,21.41
721,1377503902,21.42
721,1377503907,21.4
721,1377503912,21.41
721,1377503917,21.4
721,1377503922,21.41
721,1377503927,21.4
721,1377503932,21.4
721,1377503937,21.4
721,1377503942,21.4
721,1377503947,21.4
721,1377503952,21.4
721,1377503957,21.39
721,1377503962,21.4
721,1377503967,21.4
721,1377503972,21.4
721,1377503977,21.4
721,1377503982,21.39
721,1377503987,21.4
721,1377503992,21.41
721,1377503997,21.4
721,1377504002,21.4
721,1377504007,21.4
721,1377504012,21.4
721,1377504017,21.4
721,1377504022,21.4
721,1377504027,21.4
721,1377504032,21.4
721,1377504040,21.4
721,1377504042,21.38
721,1377504047,21.39
721,1377504052,21.4
721,1377504057,21.4
721,1377504062,21.39
721,1377504067,21.39
721,1377504072,21.39
721,1377504077,21.4
721,1377504082,21.38
721,1377504087,21.38
721,1377504092,21.39
721,1377504097,21.39
721,1377504102,21.39
721,1377504107,21.39
721,1377504112,21.4
721,1377504117,21.4
721,1377504122,21.38
721,1377504127,21.4
721,1377504132,21.4
721,1377504137,21.38
721,1377504142,21.39
721,1377504147,21.39
721,1377504152,21.38
721,1377504157,21.39
721,1377504162,21.39
721,1377504167,21.39
721,1377504172,21.38
721,1377504177,21.39
721,1377504182,21.39
721,1377504187,21.39
721,1377504192,21.4
721,1377504197,21.38
721,1377504202,21.4
721,1377504207,21.38
721,1377504212,21.38
721,1377504217,21.39
721,1377504222,21.38
721,1377504227,21.38
721,1377504232,21.38
721,1377504237,21.38
721,1377504242,21.38
721,1377504247,21.38
721,1377504252,21.39
721,1377504257,21.38
721,1377504262,21.38
721,1377504267,21.39
721,1377504272,21.38
721,1377504277,21.37
721,1377504282,21.38
721,1377504287,21.38
721,1377504292,21.38
721,1377504297,21.39
721,1377504302,21.38
721,1377504307,21.38
721,1377504312,21.38
721,1377504317,21.39
721,1377504322,21.38
721,1377504327,21.38
721,1377504332,21.38
721,1377504337,21.38
721,1377504342,21.38
721,1377504347,21.37
721,1377504352,21.36
721,1377504357,21.37
721,1377504362,21.38
721,1377504367,21.37
721,1377504372,21.36
721,1377504377,21.36
721,1377504382,21.37
721,1377504387,21.36
721,1377504392,21.37
721,1377504397,21.36
721,1377504402,21.37
721,1377504407,21.36
721,1377504412,21.36
721,1377504417,21.36
721,1377504422,21.37
721,1377504427,21.36
721,1377504432,21.37
721,1377504437,21.38
721,1377504442,21.36
721,1377504447,21.36
721,1377504452,21.36
721,1377504457,21.37
721,1377504462,21.37
721,1377504467,21.38
721,1377504472,21.37
721,1377504477,21.36
721,1377504482,21.37
721,1377504487,21.38
721,1377504492,21.37
721,1377504497,21.37
721,1377504502,21.37
721,1377504507,21.38
721,1377504512,21.38
721,1377504517,21.38
721,1377504522,21.37
721,1377504527,21.37
721,1377504532,21.37
721,1377504537,21.37
721,1377504542,21.38
721,1377504547,21.37
721,1377504552,21.36
721,1377504557,21.38
721,1377504562,21.38
721,1377504567,21.38
721,1377504572,21.38
721,1377504577,21.37
721,1377504582,21.37
721,1377504587,21.38
721,1377504592,21.38
721,1377504597,21.38
721,1377504602,21.36
721,1377504607,21.38
721,1377504612,21.37
721,1377504617,21.38
721,1377504622,21.38
721,1377504627,21.38
721,1377504632,21.37
721,1377504637,21.37
721,1377504642,21.37
721,1377504647,21.36
721,1377504652,21.36
721,1377504657,21.37
721,1377504662,21.37
721,1377504667,21.36
721,1377504672,21.37
721,1377504677,21.37
721,1377504682,21.36
721,1377504687,21.36
721,1377504692,21.36
721,1377504697,21.37
721,1377504702,21.36
721,1377504707,21.36
721,1377504712,21.37
721,1377504717,21.36
721,1377504722,21.36
721,1377504727,21.36
721,1377504732,21.35
721,1377504737,21.36
721,1377504742,21.36
721,1377504747,21.36
721,1377504752,21.37
721,1377504757,21.36
721,1377504762,21.36
721,1377504767,21.36
721,1377504772,21.36
721,1377504777,21.35
721,1377504782,21.36
721,1377504787,21.36
721,1377504792,21.36
721,1377504797,21.36
721,1377504802,21.36
721,1377504807,21.36
721,1377504812,21.35
721,1377504817,21.36
721,1377504822,21.36
721,1377504827,21.35
721,1377504832,21.36
721,1377504837,21.35
721,1377504842,21.36
721,1377504847,21.36
721,1377504852,21.35
721,1377504857,21.36
721,1377504862,21.35
721,1377504867,21.36
721,1377504872,21.36
721,1377504877,21.34
721,1377504882,21.35
721,1377504887,21.35
721,1377504892,21.35
721,1377504897,21.35
721,1377504902,21.36
721,1377504907,21.35
721,1377504912,21.34
721,1377504917,21.34
721,1377504922,21.35
721,1377504927,21.34
721,1377504932,21.34
721,1377504937,21.34
721,1377504942,21.34
721,1377504947,21.34
721,1377504952,21.34
721,1377504957,21.35
721,1377504962,21.34
721,1377504967,21.34
721,1377504972,21.35
721,1377504977,21.33
721,1377504982,21.34
721,1377504987,21.34
721,1377504992,21.34
721,1377504997,21.33
721,1377505002,21.34
721,1377505007,21.34
721,1377505012,21.34
721,1377505017,21.33
721,1377505022,21.34
721,1377505027,21.34
721,1377505032,21.34
721,1377505037,21.34
721,1377505042,21.33
721,1377505047,21.34
721,1377505052,21.33
721,1377505057,21.34
721,1377505062,21.33
721,1377505067,21.32
721,1377505072,21.33
721,1377505077,21.34
721,1377505082,21.34
721,1377505087,21.34
721,1377505092,21.34
721,1377505097,21.34
721,1377505102,21.34
721,1377505107,21.34
721,1377505112,21.33
721,1377505117,21.33
721,1377505122,21.34
721,1377505127,21.32
721,1377505132,21.34
721,1377505137,21.32
721,1377505142,21.32
721,1377505147,21.33
721,1377505152,21.34
721,1377505157,21.33
721,1377505162,21.32
721,1377505167,21.34
721,1377505172,21.33
721,1377505177,21.32
721,1377505182,21.33
721,1377505187,21.33
721,1377505192,21.34
721,1377505197,21.32
721,1377505202,21.33
721,1377505207,21.32
721,1377505212,21.32
721,1377505217,21.34
721,1377505222,21.32
721,1377505227,21.33
721,1377505232,21.33
721,1377505237,21.32
721,1377505242,21.32
721,1377505247,21.32
721,1377505252,21.33
721,1377505257,21.33
721,1377505262,21.32
721,1377505267,21.32
721,1377505272,21.32
721,1377505277,21.32
721,1377505282,21.32
721,1377505287,21.32
721,1377505292,21.32
721,1377505297,21.32
721,1377505302,21.33
721,1377505307,21.32
721,1377505312,21.32
721,1377505317,21.32
721,1377505322,21.32
721,1377505327,21.33
721,1377505332,21.32
721,1377505337,21.34
721,1377505342,21.32
721,1377505347,21.31
721,1377505352,21.31
721,1377505357,21.33
721,1377505362,21.32
721,1377505367,21.31
721,1377505372,21.33
721,1377505377,21.32
721,1377505382,21.31
721,1377505387,21.31
721,1377505392,21.31
721,1377505397,21.3
721,1377505402,21.32
721,1377505407,21.31
721,1377505412,21.31
721,1377505417,21.31
721,1377505422,21.32
721,1377505427,21.32
721,1377505432,21.32
721,1377505437,21.32
721,1377505442,21.32
721,1377505447,21.32
721,1377505452,21.32
721,1377505457,21.31
721,1377505462,21.31
721,1377505467,21.31
721,1377505472,21.31
721,1377505477,21.32
721,1377505482,21.31
721,1377505487,21.31
721,1377505492,21.3
721,1377505497,21.31
721,1377505502,21.31
721,1377505507,21.31
721,1377505512,21.32
721,1377505517,21.31
721,1377505522,21.31
721,1377505527,21.32
721,1377505532,21.31
721,1377505537,21.32
721,1377505542,21.3
721,1377505547,21.32
721,1377505552,21.31
721,1377505557,21.31
721,1377505562,21.32
721,1377505567,21.31
721,1377505572,21.3
721,1377505577,21.31
721,1377505582,21.3
721,1377505587,21.31
721,1377505592,21.31
721,1377505597,21.31
721,1377505602,21.3
721,1377505607,21.3
721,1377505612,21.3
721,1377505617,21.32
721,1377505622,21.31
721,1377505627,21.3
721,1377505632,21.3
721,1377505637,21.3
721,1377505642,21.32
721,1377505647,21.3
721,1377505652,21.31
721,1377505657,21.3
721,1377505662,21.3
721,1377505667,21.31
721,1377505672,21.31
721,1377505677,21.32
721,1377505682,21.32
721,1377505687,21.32
721,1377505692,21.32
721,1377505697,21.31
721,1377505702,21.31
721,1377505707,21.31
721,1377505712,21.31
721,1377505717,21.31
721,1377505722,21.32
721,1377505727,21.3
721,1377505732,21.31
721,1377505737,21.3
721,1377505742,21.3
721,1377505747,21.3
721,1377505752,21.32
721,1377505757,21.3
721,1377505762,21.32
721,1377505767,21.31
721,1377505775,21.3
721,1377505777,21.32
721,1377505782,21.31
721,1377505787,21.31
721,1377505792,21.3
721,1377505797,21.31
721,1377505802,21.32
721,1377505807,21.31
721,1377505812,21.3
721,1377505817,21.32
721,1377505822,21.31
721,1377505827,21.3
721,1377505832,21.3
721,1377505837,21.31
721,1377505842,21.31
721,1377505847,21.31
721,1377505852,21.32
721,1377505857,21.31
721,1377505862,21.31
721,1377505867,21.32
721,1377505872,21.31
721,1377505877,21.31
721,1377505882,21.32
721,1377505887,21.31
721,1377505892,21.3
721,1377505897,21.31
721,1377505902,21.31
721,1377505907,21.3
721,1377505912,21.31
721,1377505917,21.32
721,1377505922,21.3
721,1377505927,21.3
721,1377505932,21.31
721,1377505937,21.3
721,1377505942,21.32
721,1377505947,21.31
721,1377505952,21.3
721,1377505957,21.31
721,1377505962,21.31
721,1377505967,21.32
721,1377505972,21.31
721,1377505977,21.32
721,1377505982,21.32
721,1377505987,21.31
721,1377505992,21.31
721,1377505997,21.31
721,1377506002,21.32
721,1377506007,21.32
721,1377506012,21.3
721,1377506017,21.31
721,1377506022,21.3
721,1377506027,21.31
721,1377506032,21.31
721,1377506037,21.31
721,1377506042,21.32
721,1377506047,21.31
721,1377506052,21.3
721,1377506057,21.31
721,1377506062,21.3
721,1377506067,21.3
721,1377506072,21.3
721,1377506077,21.3
721,1377506082,21.32
721,1377506087,21.3
721,1377506092,21.31
721,1377506097,21.29
721,1377506102,21.3
721,1377506107,21.3
721,1377506112,21.3
721,1377506117,21.29
721,1377506122,21.29
721,1377506127,21.28
721,1377506132,21.28
721,1377506137,21.28
721,1377506142,21.29
721,1377506147,21.3
721,1377506152,21.29
721,1377506157,21.29
721,1377506162,21.28
721,1377506167,21.29
721,1377506172,21.3
721,1377506177,21.29
721,1377506182,21.28
721,1377506187,21.29
721,1377506192,21.29
721,1377506197,21.29
721,1377506202,21.3
721,1377506207,21.29
721,1377506212,21.29
721,1377506217,21.28
721,1377506222,21.29
721,1377506227,21.3
721,1377506232,21.29
721,1377506237,21.29
721,1377506242,21.3
721,1377506247,21.29
721,1377506252,21.29
721,1377506257,21.29
721,1377506262,21.29
721,1377506267,21.3
721,1377506272,21.29
721,1377506277,21.29
721,1377506282,21.28
721,1377506287,21.29
721,1377506292,21.3
721,1377506297,21.29
721,1377506302,21.28
721,1377506307,21.29
721,1377506312,21.29
721,1377506317,21.29
721,1377506322,21.29
721,1377506327,21.28
721,1377506332,21.3
721,1377506337,21.28
721,1377506342,21.29
721,1377506347,21.28
721,1377506352,21.28
721,1377506357,21.28
721,1377506362,21.29
721,1377506367,21.29
721,1377506372,21.28
721,1377506377,21.29
721,1377506382,21.28
721,1377506387,21.29
721,1377506392,21.29
721,1377506397,21.3
721,1377506402,21.28
721,1377506407,21.29
721,1377506412,21.28
721,1377506417,21.28
721,1377506422,21.28
721,1377506427,21.28
721,1377506432,21.28
721,1377506437,21.28
721,1377506442,21.28
721,1377506447,21.27
721,1377506452,21.28
721,1377506457,21.28
721,1377506462,21.28
721,1377506467,21.28
721,1377506472,21.28
721,1377506477,21.28
721,1377506482,21.28
721,1377506487,21.27
721,1377506492,21.28
721,1377506497,21.27
721,1377506502,21.28
721,1377506507,21.27
721,1377506512,21.27
721,1377506517,21.27
721,1377506522,21.28
721,1377506527,21.26
721,1377506532,21.27
721,1377506537,21.27
721,1377506542,21.26
721,1377506547,21.26
721,1377506552,21.27
721,1377506557,21.27
721,1377506562,21.26
721,1377506567,21.27
721,1377506572,21.26
721,1377506577,21.27
721,1377506582,21.26
721,1377506587,21.27
721,1377506592,21.28
721,1377506597,21.26
721,1377506602,21.27
721,1377506607,21.28
721,1377506612,21.27
721,1377506617,21.26
721,1377506622,21.28
721,1377506627,21.26
721,1377506632,21.27
721,1377506640,21.26
721,1377506642,21.27
721,1377506647,21.26
721,1377506652,21.27
721,1377506657,21.27
721,1377506662,21.27
721,1377506667,21.26
721,1377506672,21.27
721,1377506677,21.27
721,1377506682,21.26
721,1377506687,21.28
721,1377506692,21.26
721,1377506697,21.27
721,1377506702,21.27
721,1377506707,21.27
721,1377506712,21.26
721,1377506717,21.26
721,1377506722,21.26
721,1377506727,21.27
721,1377506732,21.26
721,1377506737,21.26
721,1377506742,21.26
721,1377506747,21.26
721,1377506752,21.26
721,1377506757,21.26
721,1377506762,21.26
721,1377506767,21.26
721,1377506772,21.26
721,1377506777,21.27
721,1377506782,21.26
721,1377506787,21.26
721,1377506792,21.25
721,1377506797,21.26
721,1377506802,21.26
721,1377506807,21.27
721,1377506812,21.26
721,1377506817,21.27
721,1377506822,21.26
721,1377506827,21.26
721,1377506832,21.25
721,1377506837,21.26
721,1377506842,21.26
721,1377506847,21.26
721,1377506852,21.26
721,1377506857,21.25
721,1377506862,21.26
721,1377506867,21.25
721,1377506872,21.26
721,1377506877,21.25
721,1377506882,21.25
721,1377506887,21.25
721,1377506892,21.25
721,1377506897,21.25
721,1377506902,21.25
721,1377506907,21.26
721,1377506912,21.25
721,1377506917,21.25
721,1377506922,21.26
721,1377506927,21.25
721,1377506932,21.24
721,1377506937,21.25
721,1377506942,21.24
721,1377506947,21.25
721,1377506952,21.26
721,1377506957,21.26
721,1377506962,21.26
721,1377506967,21.24
721,1377506972,21.24
721,1377506977,21.25
721,1377506982,21.25
721,1377506987,21.25
721,1377506992,21.27
721,1377506997,21.26
721,1377507002,21.26
721,1377507007,21.25
721,1377507012,21.26
721,1377507017,21.24
721,1377507022,21.25
721,1377507027,21.24
721,1377507032,21.25
721,1377507037,21.24
721,1377507042,21.24
721,1377507047,21.25
721,1377507052,21.24
721,1377507057,21.25
721,1377507062,21.25
721,1377507067,21.24
721,1377507072,21.23
721,1377507077,21.24
721,1377507082,21.25
721,1377507087,21.25
721,1377507092,21.25
721,1377507097,21.24
721,1377507102,21.25
721,1377507107,21.24
721,1377507112,21.25
721,1377507117,21.24
721,1377507122,21.24
721,1377507127,21.24
721,1377507132,21.24
721,1377507137,21.24
721,1377507142,21.25
721,1377507147,21.24
721,1377507152,21.23
721,1377507157,21.25
721,1377507162,21.26
721,1377507167,21.25
721,1377507172,21.24
721,1377507177,21.24
721,1377507182,21.24
721,1377507187,21.24
721,1377507192,21.24
721,1377507197,21.26
721,1377507202,21.24
721,1377507207,21.24
721,1377507212,21.24
721,1377507217,21.24
721,1377507222,21.24
721,1377507227,21.24
721,1377507232,21.24
721,1377507237,21.23
721,1377507242,21.24
721,1377507247,21.24
721,1377507252,21.24
721,1377507257,21.24
721,1377507262,21.24
721,1377507267,21.24
721,1377507272,21.24
721,1377507277,21.24
721,1377507282,21.24
721,1377507287,21.25
721,1377507292,21.24
721,1377507297,21.26
721,1377507302,21.25
721,1377507307,21.23
721,1377507312,21.24
721,1377507317,21.24
721,1377507322,21.24
721,1377507327,21.23
721,1377507332,21.24
721,1377507337,21.24
721,1377507342,21.24
721,1377507347,21.24
721,1377507352,21.23
721,1377507357,21.24
721,1377507362,21.24
721,1377507367,21.24
721,1377507372,21.24
721,1377507377,21.24
721,1377507382,21.24
721,1377507387,21.24
721,1377507392,21.24
721,1377507397,21.24
721,1377507402,21.24
721,1377507407,21.24
721,1377507412,21.24
721,1377507417,21.24
721,1377507422,21.24
721,1377507427,21.24
721,1377507432,21.24
721,1377507437,21.24
721,1377507442,21.25
721,1377507447,21.24
721,1377507452,21.23
721,1377507457,21.24
721,1377507462,21.24
721,1377507467,21.23
721,1377507472,21.24
721,1377507477,21.24
721,1377507482,21.24
721,1377507487,21.24
721,1377507492,21.24
721,1377507497,21.24
721,1377507502,21.24
721,1377507507,21.24
721,1377507512,21.24
721,1377507517,21.24
721,1377507522,21.24
721,1377507527,21.23
721,1377507532,21.23
721,1377507537,21.23
721,1377507542,21.23
721,1377507547,21.24
721,1377507552,21.22
721,1377507557,21.23
721,1377507562,21.22
721,1377507567,21.22
721,1377507572,21.22
721,1377507577,21.23
721,1377507582,21.22
721,1377507587,21.23
721,1377507592,21.22
721,1377507597,21.23
721,1377507602,21.22
721,1377507607,21.23
721,1377507612,21.23
721,1377507617,21.22
721,1377507622,21.23
721,1377507627,21.22
721,1377507632,21.22
721,1377507637,21.22
721,1377507642,21.24
721,1377507647,21.2
721,1377507652,21.22
721,1377507657,21.22
721,1377507662,21.23
721,1377507667,21.23
721,1377507672,21.22
721,1377507677,21.22
721,1377507682,21.23
721,1377507687,21.22
721,1377507692,21.22
721,1377507697,21.22
721,1377507702,21.21
721,1377507707,21.22
721,1377507712,21.22
721,1377507717,21.21
721,1377507722,21.21
721,1377507727,21.22
721,1377507732,21.22
721,1377507737,21.22
721,1377507742,21.21
721,1377507747,21.21
721,1377507752,21.21
721,1377507757,21.22
721,1377507762,21.23
721,1377507767,21.22
721,1377507772,21.22
721,1377507777,21.21
721,1377507782,21.22
721,1377507787,21.22
721,1377507792,21.22
721,1377507797,21.22
721,1377507802,21.22
721,1377507807,21.21
721,1377507812,21.21
721,1377507817,21.22
721,1377507822,21.22
721,1377507827,21.22
721,1377507832,21.21
721,1377507837,21.21
721,1377507842,21.2
721,1377507847,21.21
721,1377507852,21.22
721,1377507857,21.2
721,1377507862,21.2
721,1377507867,21.21
721,1377507872,21.2
721,1377507877,21.2
721,1377507882,21.2
721,1377507887,21.21
721,1377507892,21.21
721,1377507897,21.2
721,1377507902,21.2
721,1377507907,21.21
721,1377507912,21.2
721,1377507917,21.21
721,1377507922,21.2
721,1377507927,21.2
721,1377507932,21.21
721,1377507937,21.22
721,1377507942,21.2
721,1377507947,21.2
721,1377507952,21.21
721,1377507957,21.21
721,1377507962,21.2
721,1377507967,21.21
721,1377507972,21.2
721,1377507977,21.19
721,1377507982,21.2
721,1377507987,21.21
721,1377507992,21.2
721,1377507997,21.2
721,1377508002,21.19
721,1377508007,21.2
721,1377508012,21.21
721,1377508017,21.2
721,1377508022,21.21
721,1377508027,21.2
721,1377508032,21.2
721,1377508037,21.19
721,1377508042,21.2
721,1377508047,21.2
721,1377508052,21.19
721,1377508057,21.19
721,1377508062,21.19
721,1377508067,21.2
721,1377508072,21.2
721,1377508077,21.2
721,1377508082,21.2
721,1377508087,21.18
721,1377508092,21.2
721,1377508097,21.19
721,1377508102,21.2
721,1377508107,21.19
721,1377508112,21.19
721,1377508117,21.2
721,1377508122,21.2
721,1377508127,21.19
721,1377508132,21.19
721,1377508137,21.19
721,1377508142,21.2
721,1377508147,21.19
721,1377508152,21.2
721,1377508157,21.2
721,1377508162,21.21
721,1377508167,21.2
721,1377508172,21.2
721,1377508177,21.2
721,1377508182,21.2
721,1377508187,21.19
721,1377508192,21.19
721,1377508197,21.19
721,1377508202,21.2
721,1377508207,21.2
721,1377508212,21.19
721,1377508217,21.2
721,1377508222,21.19
721,1377508227,21.19
721,1377508232,21.19
721,1377508237,21.2
721,1377508242,21.2
721,1377508247,21.18
721,1377508252,21.19
721,1377508257,21.19
721,1377508262,21.19
721,1377508267,21.19
721,1377508272,21.2
721,1377508277,21.19
721,1377508282,21.19
721,1377508287,21.19
721,1377508292,21.2
721,1377508297,21.18
721,1377508302,21.19
721,1377508307,21.19
721,1377508312,21.2
721,1377508317,21.18
721,1377508322,21.2
721,1377508327,21.2
721,1377508332,21.19
721,1377508337,21.18
721,1377508342,21.18
721,1377508347,21.18
721,1377508352,21.18
721,1377508357,21.2
721,1377508362,21.18
721,1377508367,21.2
721,1377508372,21.19
721,1377508377,21.19
721,1377508382,21.19
721,1377508387,21.2
721,1377508392,21.18
721,1377508397,21.18
721,1377508402,21.19
721,1377508407,21.18
721,1377508412,21.18
721,1377508417,21.19
721,1377508422,21.19
721,1377508427,21.18
721,1377508432,21.19
721,1377508437,21.2
721,1377508442,21.19
721,1377508447,21.18
721,1377508452,21.18
721,1377508457,21.19
721,1377508462,21.2
721,1377508467,21.19
721,1377508472,21.2
721,1377508477,21.2
721,1377508482,21.19
721,1377508487,21.18
721,1377508492,21.19
721,1377508497,21.19
721,1377508502,21.19
721,1377508507,21.19
721,1377508512,21.18
721,1377508517,21.19
721,1377508522,21.18
721,1377508527,21.18
721,1377508532,21.19
721,1377508537,21.2
721,1377508542,21.19
721,1377508547,21.19
721,1377508552,21.2
721,1377508557,21.2
721,1377508562,21.18
721,1377508567,21.2
721,1377508572,21.19
721,1377508577,21.19
721,1377508582,21.18
721,1377508587,21.2
721,1377508592,21.2
721,1377508597,21.19
721,1377508602,21.19
721,1377508607,21.2
721,1377508612,21.2
721,1377508617,21.18
721,1377508622,21.19
721,1377508627,21.19
721,1377508632,21.19
721,1377508637,21.19
721,1377508642,21.2
721,1377508647,21.19
721,1377508652,21.19
721,1377508657,21.19
721,1377508662,21.18
721,1377508667,21.19
721,1377508672,21.19
721,1377508677,21.2
721,1377508682,21.19
721,1377508687,21.18
721,1377508692,21.18
721,1377508697,21.19
721,1377508702,21.18
721,1377508707,21.2
721,1377508712,21.2
721,1377508717,21.19
721,1377508722,21.19
721,1377508727,21.18
721,1377508732,21.19
721,1377508737,21.18
721,1377508742,21.18
721,1377508747,21.18
721,1377508752,21.19
721,1377508757,21.18
721,1377508762,21.17
721,1377508767,21.18
721,1377508772,21.18
721,1377508777,21.19
721,1377508782,21.18
721,1377508787,21.18
721,1377508792,21.18
721,1377508797,21.18
721,1377508802,21.18
721,1377508807,21.18
721,1377508812,21.18
721,1377508817,21.17
721,1377508822,21.18
721,1377508827,21.2
721,1377508832,21.18
721,1377508837,21.18
721,1377508842,21.18
721,1377508847,21.18
721,1377508852,21.18
721,1377508857,21.18
721,1377508862,21.18
721,1377508867,21.17
721,1377508872,21.18
721,1377508877,21.18
721,1377508882,21.18
721,1377508887,21.16
721,1377508892,21.17
721,1377508897,21.18
721,1377508902,21.17
721,1377508907,21.17
721,1377508912,21.16
721,1377508917,21.17
721,1377508922,21.17
721,1377508927,21.16
721,1377508932,21.16
721,1377508937,21.17
721,1377508942,21.16
721,1377508947,21.17
721,1377508952,21.17
721,1377508957,21.18
721,1377508962,21.17
721,1377508967,21.18
721,1377508972,21.19
721,1377508977,21.18
721,1377508982,21.16
721,1377508987,21.17
721,1377508992,21.17
721,1377508997,21.18
721,1377509002,21.17
721,1377509007,21.17
721,1377509012,21.16
721,1377509017,21.17
721,1377509022,21.16
721,1377509027,21.17
721,1377509032,21.16
721,1377509037,21.17
721,1377509042,21.17
721,1377509047,21.17
721,1377509052,21.16
721,1377509057,21.16
721,1377509062,21.16
721,1377509067,21.16
721,1377509072,21.16
721,1377509077,21.17
721,1377509082,21.17
721,1377509087,21.17
721,1377509092,21.17
721,1377509097,21.17
721,1377509102,21.17
721,1377509107,21.16
721,1377509112,21.16
721,1377509117,21.16
721,1377509122,21.17
721,1377509127,21.15
721,1377509132,21.16
721,1377509137,21.16
721,1377509142,21.16
721,1377509147,21.16
721,1377509152,21.16
721,1377509157,21.17
721,1377509162,21.16
721,1377509167,21.16
721,1377509172,21.16
721,1377509177,21.16
721,1377509182,21.17
721,1377509187,21.17
721,1377509192,21.18
721,1377509197,21.16
721,1377509202,21.17
721,1377509207,21.17
721,1377509212,21.18
721,1377509217,21.16
721,1377509222,21.16
721,1377509227,21.16
721,1377509232,21.16
721,1377509237,21.16
721,1377509242,21.16
721,1377509247,21.16
721,1377509252,21.16
721,1377509257,21.16
721,1377509262,21.16
721,1377509267,21.16
721,1377509272,21.16
721,1377509277,21.16
721,1377509282,21.16
721,1377509287,21.16
721,1377509292,21.16
721,1377509297,21.16
721,1377509302,21.16
721,1377509307,21.17
721,1377509312,21.17
721,1377509317,21.16
721,1377509322,21.16
721,1377509327,21.15
721,1377509332,21.16
721,1377509337,21.16
721,1377509342,21.15
721,1377509347,21.16
721,1377509352,21.16
721,1377509357,21.16
721,1377509362,21.16
721,1377509367,21.16
721,1377509372,21.16
721,1377509377,21.15
721,1377509382,21.15
721,1377509387,21.16
721,1377509392,21.17
721,1377509397,21.15
721,1377509402,21.16
721,1377509407,21.16
721,1377509412,21.16
721,1377509417,21.16
721,1377509422,21.16
721,1377509427,21.15
721,1377509432,21.16
721,1377509437,21.16
721,1377509442,21.16
721,1377509447,21.16
721,1377509452,21.16
721,1377509457,21.15
721,1377509462,21.16
721,1377509467,21.15
721,1377509472,21.15
721,1377509477,21.15
721,1377509482,21.15
721,1377509487,21.15
721,1377509492,21.15
721,1377509497,21.14
721,1377509502,21.15
721,1377509507,21.14
721,1377509512,21.15
721,1377509517,21.14
721,1377509522,21.16
721,1377509527,21.14
721,1377509532,21.14
721,1377509537,21.15
721,1377509542,21.16
721,1377509547,21.15
721,1377509552,21.15
721,1377509557,21.14
721,1377509562,21.14
721,1377509567,21.15
721,1377509572,21.15
721,1377509577,21.14
721,1377509582,21.15
721,1377509587,21.14
721,1377509592,21.15
721,1377509597,21.15
721,1377509602,21.14
721,1377509607,21.14
721,1377509612,21.15
721,1377509617,21.14
721,1377509622,21.15
721,1377509627,21.14
721,1377509632,21.14
721,1377509637,21.13
721,1377509642,21.14
721,1377509647,21.15
721,1377509652,21.15
721,1377509657,21.14
721,1377509662,21.16
721,1377509667,21.15
721,1377509672,21.14
721,1377509677,21.15
721,1377509682,21.15
721,1377509687,21.15
721,1377509692,21.14
721,1377509697,21.14
721,1377509702,21.14
721,1377509707,21.14
721,1377509712,21.14
721,1377509717,21.14
721,1377509722,21.14
721,1377509727,21.15
721,1377509732,21.15
721,1377509737,21.14
721,1377509742,21.14
721,1377509747,21.15
721,1377509752,21.14
721,1377509757,21.13
721,1377509762,21.12
721,1377509767,21.14
721,1377509772,21.14
721,1377509777,21.14
721,1377509782,21.14
721,1377509787,21.14
721,1377509792,21.14
721,1377509797,21.14
721,1377509802,21.14
721,1377509807,21.14
721,1377509812,21.14
721,1377509817,21.14
721,1377509822,21.14
721,1377509827,21.14
721,1377509832,21.14
721,1377509837,21.13
721,1377509842,21.15
721,1377509847,21.14
721,1377509852,21.13
721,1377509857,21.13
721,1377509862,21.13
721,1377509867,21.14
721,1377509872,21.14
721,1377509877,21.12
721,1377509882,21.13
721,1377509887,21.14
721,1377509892,21.14
721,1377509897,21.13
721,1377509902,21.14
721,1377509907,21.13
721,1377509912,21.13
721,1377509917,21.12
721,1377509922,21.12
721,1377509927,21.14
721,1377509932,21.13
721,1377509937,21.12
721,1377509942,21.12
721,1377509947,21.13
721,1377509952,21.12
721,1377509957,21.13
721,1377509962,21.12
721,1377509967,21.12
721,1377509972,21.12
721,1377509977,21.12
721,1377509982,21.12
721,1377509987,21.12
721,1377509992,21.12
721,1377509997,21.12
721,1377510002,21.12
721,1377510007,21.12
721,1377510012,21.11
721,1377510017,21.14
721,1377510022,21.12
721,1377510027,21.12
721,1377510032,21.12
721,1377510037,21.12
721,1377510042,21.12
721,1377510047,21.12
721,1377510052,21.12
721,1377510057,21.12
721,1377510062,21.12
721,1377510067,21.12
721,1377510072,21.12
721,1377510077,21.12
721,1377510082,21.12
721,1377510087,21.13
721,1377510092,21.13
721,1377510097,21.12
721,1377510102,21.12
721,1377510107,21.13
721,1377510112,21.12
721,1377510117,21.13
721,1377510122,21.13
721,1377510127,21.12
721,1377510132,21.12
721,1377510137,21.12
721,1377510142,21.13
721,1377510147,21.12
721,1377510152,21.12
721,1377510157,21.12
721,1377510162,21.12
721,1377510167,21.12
721,1377510172,21.11
721,1377510177,21.11
721,1377510182,21.12
721,1377510187,21.1
721,1377510192,21.12
721,1377510197,21.11
721,1377510202,21.12
721,1377510207,21.11
721,1377510212,21.11
721,1377510217,21.12
721,1377510222,21.11
721,1377510227,21.11
721,1377510232,21.1
721,1377510237,21.12
721,1377510242,21.12
721,1377510247,21.1
721,1377510252,21.12
721,1377510257,21.11
721,1377510262,21.11
721,1377510267,21.12
721,1377510272,21.12
721,1377510277,21.11
721,1377510282,21.11
721,1377510287,21.11
721,1377510292,21.11
721,1377510297,21.1
721,1377510302,21.11
721,1377510307,21.11
721,1377510312,21.12
721,1377510317,21.1
721,1377510322,21.1
721,1377510327,21.1
721,1377510332,21.1
721,1377510337,21.11
721,1377510342,21.1
721,1377510347,21.1
721,1377510352,21.1
721,1377510357,21.1
721,1377510362,21.1
721,1377510367,21.12
721,1377510372,21.1
721,1377510377,21.11
721,1377510382,21.1
721,1377510387,21.09
721,1377510392,21.1
721,1377510397,21.1
721,1377510402,21.1
721,1377510407,21.1
721,1377510412,21.11
721,1377510417,21.1
721,1377510422,21.1
721,1377510427,21.1
721,1377510432,21.1
721,1377510437,21.1
721,1377510442,21.1
721,1377510447,21.1
721,1377510452,21.09
721,1377510457,21.1
721,1377510462,21.1
721,1377510467,21.1
721,1377510472,21.1
721,1377510477,21.09
721,1377510482,21.1
721,1377510487,21.1
721,1377510492,21.1
721,1377510497,21.1
721,1377510502,21.1
721,1377510507,21.09
721,1377510512,21.1
721,1377510517,21.1
721,1377510522,21.09
721,1377510527,21.09
721,1377510532,21.08
721,1377510537,21.09
721,1377510542,21.08
721,1377510547,21.1
721,1377510552,21.09
721,1377510557,21.09
721,1377510562,21.08
721,1377510567,21.1
721,1377510572,21.09
721,1377510577,21.09
721,1377510582,21.1
721,1377510587,21.08
721,1377510592,21.1
721,1377510597,21.1
721,1377510602,21.1
721,1377510607,21.09
721,1377510612,21.1
721,1377510617,21.09
721,1377510622,21.1
721,1377510627,21.09
721,1377510632,21.09
721,1377510637,21.09
721,1377510642,21.09
721,1377510647,21.08
721,1377510652,21.08
721,1377510657,21.08
721,1377510662,21.08
721,1377510667,21.09
721,1377510672,21.09
721,1377510677,21.08
721,1377510682,21.08
721,1377510687,21.09
721,1377510692,21.08
721,1377510697,21.09
721,1377510702,21.1
721,1377510707,21.1
721,1377510712,21.1
721,1377510717,21.1
721,1377510722,21.08
721,1377510727,21.09
721,1377510732,21.1
721,1377510737,21.08
721,1377510742,21.08
721,1377510747,21.09
721,1377510752,21.09
721,1377510757,21.08
721,1377510762,21.09
721,1377510767,21.08
721,1377510772,21.09
721,1377510777,21.08
721,1377510782,21.09
721,1377510787,21.08
721,1377510792,21.08
721,1377510797,21.08
721,1377510802,21.08
721,1377510807,21.08
721,1377510812,21.08
721,1377510817,21.08
721,1377510822,21.09
721,1377510827,21.08
721,1377510832,21.09
721,1377510837,21.1
721,1377510842,21.08
721,1377510847,21.08
721,1377510852,21.08
721,1377510857,21.08
721,1377510862,21.09
721,1377510867,21.08
721,1377510872,21.08
721,1377510877,21.09
721,1377510882,21.08
721,1377510887,21.08
721,1377510892,21.08
721,1377510897,21.08
721,1377510902,21.08
721,1377510907,21.09
721,1377510912,21.08
721,1377510917,21.08
721,1377510922,21.08
721,1377510927,21.08
721,1377510932,21.1
721,1377510937,21.09
721,1377510942,21.09
721,1377510947,21.08
721,1377510952,21.08
721,1377510957,21.09
721,1377510962,21.08
721,1377510967,21.07
721,1377510972,21.08
721,1377510977,21.07
721,1377510982,21.08
721,1377510987,21.08
721,1377510992,21.07
721,1377510997,21.09
721,1377511002,21.09
721,1377511007,21.08
721,1377511012,21.08
721,1377511017,21.07
721,1377511022,21.07
721,1377511027,21.07
721,1377511032,21.08
721,1377511037,21.09
721,1377511042,21.08
721,1377511047,21.08
721,1377511052,21.08
721,1377511057,21.08
721,1377511062,21.08
721,1377511067,21.09
721,1377511072,21.09
721,1377511077,21.07
721,1377511082,21.08
721,1377511087,21.08
721,1377511092,21.08
721,1377511097,21.07
721,1377511102,21.08
721,1377511107,21.08
721,1377511112,21.08
721,1377511117,21.08
721,1377511122,21.08
721,1377511127,21.08
721,1377511132,21.08
721,1377511137,21.08
721,1377511142,21.07
721,1377511147,21.08
721,1377511152,21.09
721,1377511157,21.08
721,1377511162,21.08
721,1377511167,21.08
721,1377511172,21.09
721,1377511177,21.09
721,1377511182,21.08
721,1377511187,21.08
721,1377511192,21.08
721,1377511197,21.08
721,1377511202,21.08
721,1377511207,21.09
721,1377511212,21.08
721,1377511217,21.08
721,1377511222,21.07
721,1377511227,21.09
721,1377511232,21.08
721,1377511237,21.1
721,1377511242,21.08
721,1377511247,21.08
721,1377511252,21.09
721,1377511257,21.09
721,1377511262,21.08
721,1377511267,21.08
721,1377511272,21.09
721,1377511277,21.08
721,1377511282,21.08
721,1377511287,21.09
721,1377511292,21.09
721,1377511297,21.08
721,1377511302,21.09
721,1377511307,21.09
721,1377511312,21.1
721,1377511317,21.09
721,1377511322,21.09
721,1377511327,21.09
721,1377511332,21.08
721,1377511337,21.08
721,1377511342,21.09
721,1377511347,21.08
721,1377511352,21.09
721,1377511357,21.08
721,1377511362,21.08
721,1377511367,21.08
721,1377511372,21.08
721,1377511377,21.09
721,1377511382,21.09
721,1377511387,21.1
721,1377511392,21.08
721,1377511397,21.08
721,1377511402,21.07
721,1377511407,21.09
721,1377511412,21.09
721,1377511417,21.08
721,1377511422,21.08
721,1377511427,21.09
721,1377511432,21.08
721,1377511437,21.09
721,1377511442,21.08
721,1377511447,21.08
721,1377511452,21.09
721,1377511457,21.08
721,1377511462,21.08
721,1377511467,21.09
721,1377511472,21.07
721,1377511477,21.07
721,1377511482,21.08
721,1377511487,21.07
721,1377511492,21.08
721,1377511497,21.08
721,1377511502,21.08
721,1377511507,21.08
721,1377511512,21.08
721,1377511517,21.08
721,1377511522,21.08
721,1377511527,21.08
721,1377511532,21.08
721,1377511537,21.09
721,1377511542,21.08
721,1377511547,21.09
721,1377511552,21.1
721,1377511557,21.08
721,1377511562,21.08
721,1377511567,21.07
721,1377511572,21.08
721,1377511577,21.09
721,1377511582,21.09
721,1377511587,21.08
721,1377511592,21.08
721,1377511597,21.08
721,1377511602,21.08
721,1377511607,21.08
721,1377511612,21.08
721,1377511617,21.08
721,1377511622,21.08
721,1377511627,21.07
721,1377511632,21.08
721,1377511637,21.07
721,1377511642,21.08
721,1377511647,21.08
721,1377511652,21.08
721,1377511657,21.08
721,1377511662,21.08
721,1377511667,21.08
721,1377511672,21.08
721,1377511677,21.08
721,1377511682,21.08
721,1377511687,21.07
721,1377511692,21.07
721,1377511697,21.08
721,1377511702,21.08
721,1377511707,21.08
721,1377511712,21.08
721,1377511717,21.09
721,1377511722,21.08
721,1377511727,21.08
721,1377511732,21.08
721,1377511737,21.08
721,1377511742,21.07
721,1377511747,21.07
721,1377511752,21.08
721,1377511757,21.08
721,1377511762,21.08
721,1377511767,21.08
721,1377511772,21.07
721,1377511777,21.07
721,1377511782,21.08
721,1377511787,21.08
721,1377511792,21.08
721,1377511797,21.07
721,1377511802,21.07
721,1377511807,21.06
721,1377511812,21.07
721,1377511817,21.08
721,1377511822,21.07
721,1377511827,21.06
721,1377511832,21.07
721,1377511837,21.06
721,1377511842,21.07
721,1377511847,21.06
721,1377511852,21.08
721,1377511857,21.07
721,1377511862,21.07
721,1377511867,21.08
721,1377511872,21.07
721,1377511877,21.08
721,1377511882,21.07
721,1377511886,21.06
721,1377511892,21.07
721,1377511897,21.07
721,1377511902,21.06
721,1377511907,21.06
721,1377511912,21.07
721,1377511917,21.07
721,1377511922,21.06
721,1377511927,21.06
721,1377511932,21.07
721,1377511937,21.07
721,1377511942,21.06
721,1377511947,21.08
721,1377511952,21.06
721,1377511957,21.06
721,1377511963,21.05
721,1377511967,21.06
721,1377511972,21.07
721,1377511977,21.07
721,1377511982,21.06
721,1377511987,21.06
721,1377511992,21.05
721,1377511997,21.06
721,1377512002,21.06
721,1377512007,21.05
721,1377512012,21.07
721,1377512017,21.06
721,1377512022,21.06
721,1377512027,21.06
721,1377512032,21.05
721,1377512037,21.06
721,1377512042,21.05
721,1377512047,21.06
721,1377512052,21.06
721,1377512057,21.06
721,1377512062,21.07
721,1377512067,21.07
721,1377512072,21.06
721,1377512077,21.06
721,1377512082,21.06
721,1377512087,21.06
721,1377512092,21.05
721,1377512097,21.05
721,1377512102,21.06
721,1377512107,21.06
721,1377512112,21.05
721,1377512117,21.05
721,1377512122,21.05
721,1377512127,21.05
721,1377512132,21.06
721,1377512137,21.05
721,1377512142,21.06
721,1377512147,21.06
721,1377512152,21.05
721,1377512157,21.05
721,1377512162,21.06
721,1377512167,21.06
721,1377512172,21.06
721,1377512177,21.06
721,1377512182,21.06
721,1377512187,21.04
721,1377512192,21.06
721,1377512197,21.06
721,1377512202,21.06
721,1377512207,21.05
721,1377512212,21.05
721,1377512217,21.05
721,1377512222,21.06
721,1377512227,21.05
721,1377512232,21.06
721,1377512237,21.06
721,1377512242,21.06
721,1377512247,21.06
721,1377512252,21.06
721,1377512257,21.06
721,1377512262,21.06
721,1377512267,21.06
721,1377512272,21.06
721,1377512277,21.05
721,1377512282,21.06
721,1377512287,21.05
721,1377512292,21.07
721,1377512297,21.06
721,1377512302,21.06
721,1377512307,21.05
721,1377512312,21.06
721,1377512317,21.05
721,1377512322,21.06
721,1377512327,21.06
721,1377512332,21.06
721,1377512337,21.05
721,1377512342,21.06
721,1377512347,21.05
721,1377512352,21.04
721,1377512357,21.05
721,1377512362,21.06
721,1377512367,21.06
721,1377512372,21.06
721,1377512377,21.06
721,1377512382,21.04
721,1377512387,21.05
721,1377512392,21.05
721,1377512397,21.05
721,1377512402,21.05
721,1377512407,21.05
721,1377512412,21.06
721,1377512417,21.06
721,1377512421,21.04
721,1377512427,21.06
721,1377512432,21.06
721,1377512437,21.06
721,1377512442,21.05
721,1377512447,21.06
721,1377512452,21.05
721,1377512457,21.05
721,1377512462,21.06
721,1377512467,21.04
721,1377512472,21.05
721,1377512476,21.05
721,1377512482,21.04
721,1377512487,21.05
721,1377512492,21.05
721,1377512497,21.05
721,1377512502,21.05
721,1377512507,21.04
721,1377512512,21.06
721,1377512517,21.05
721,1377512522,21.04
721,1377512527,21.04
721,1377512531,21.04
721,1377512537,21.04
721,1377512541,21.03
721,1377512547,21.04
721,1377512552,21.04
721,1377512556,21.04
721,1377512562,21.04
721,1377512567,21.03
721,1377512572,21.03
721,1377512577,21.03
721,1377512582,21.04
721,1377512587,21.04
721,1377512592,21.04
721,1377512597,21.04
721,1377512602,21.02
721,1377512607,21.02
721,1377512612,21.02
721,1377512617,21.03
721,1377512622,21.04
721,1377512627,21.05
721,1377512632,21.03
721,1377512637,21.03
721,1377512642,21.04
721,1377512647,21.04
721,1377512652,21.03
721,1377512657,21.04
721,1377512662,21.03
721,1377512667,21.03
721,1377512672,21.04
721,1377512677,21.03
721,1377512682,21.03
721,1377512687,21.03
721,1377512692,21.04
721,1377512697,21.03
721,1377512702,21.04
721,1377512706,21.03
721,1377512712,21.03
721,1377512717,21.04
721,1377512722,21.03
721,1377512727,21.04
721,1377512732,21.04
721,1377512736,21.03
721,1377512742,21.03
721,1377512746,21.04
721,1377512752,21.03
721,1377512757,21.03
721,1377512761,21.03
721,1377512766,21.02
721,1377512772,21.03
721,1377512777,21.03
721,1377512782,21.03
721,1377512786,21.04
721,1377512792,21.04
721,1377512797,21.03
721,1377512802,21.03
721,1377512807,21.03
721,1377512812,21.03
721,1377512817,21.03
721,1377512822,21.03
721,1377512826,21.02
721,1377512832,21.02
721,1377512836,21.03
721,1377512841,21.03
721,1377512846,21.03
721,1377512852,21.03
721,1377512856,21.04
721,1377512862,21.04
721,1377512866,21.02
721,1377512872,21.03
721,1377512877,21.02
721,1377512882,21.02
721,1377512887,21.02
721,1377512892,21.04
721,1377512897,21.02
721,1377512902,21.02
721,1377512907,21.02
721,1377512912,21.03
721,1377512916,21.02
721,1377512922,21.04
721,1377512926,21.02
721,1377512931,21.02
721,1377512937,21.02
721,1377512942,21.02
721,1377512946,21.02
721,1377512951,21.03
721,1377512956,21.02
721,1377512961,21.01
721,1377512966,21.02
721,1377512972,21.02
721,1377512977,21.02
721,1377512981,21.02
721,1377512986,21.02
721,1377512991,21.02
721,1377512996,21.01
721,1377513002,21.02
721,1377513007,21.02
721,1377513011,21.02
721,1377513016,21.02
721,1377513021,21.02
721,1377513026,21.01
721,1377513032,21.02
721,1377513037,21.0
721,1377513042,21.01
721,1377513046,21.0
721,1377513052,21.01
721,1377513057,21.02
721,1377513062,21.02
721,1377513066,21.02
721,1377513071,21.01
721,1377513076,21.0
721,1377513081,21.01
721,1377513086,21.0
721,1377513092,21.02
721,1377513096,21.01
721,1377513101,21.02
721,1377513107,21.02
721,1377513112,21.01
721,1377513116,21.01
721,1377513122,21.01
721,1377513126,21.01
721,1377513132,21.02
721,1377513137,21.01
721,1377513141,21.01
721,1377513146,21.01
721,1377513152,21.02
721,1377513156,21.01
721,1377513161,21.0
721,1377513166,21.01
721,1377513172,21.01
721,1377513176,21.02
721,1377513181,21.02
721,1377513186,21.02
721,1377513191,21.02
721,1377513196,21.01
721,1377513201,21.02
721,1377513206,21.0
721,1377513211,21.0
721,1377513216,21.02
721,1377513222,21.01
721,1377513226,21.01
721,1377513231,21.01
721,1377513236,21.02
721,1377513241,21.02
721,1377513246,21.02
721,1377513252,21.02
721,1377513256,21.03
721,1377513261,21.01
721,1377513266,21.02
721,1377513271,21.01
721,1377513276,21.02
721,1377513281,21.01
721,1377513286,21.02
721,1377513292,21.02
721,1377513296,21.02
721,1377513301,21.0
721,1377513306,21.02
721,1377513311,21.02
721,1377513316,21.02
721,1377513321,21.02
721,1377513326,21.01
721,1377513331,21.02
721,1377513336,21.02
721,1377513341,21.02
721,1377513346,21.02
721,1377513351,21.01
721,1377513356,21.02
721,1377513361,21.01
721,1377513366,21.02
721,1377513371,21.02
721,1377513376,21.02
721,1377513381,21.02
721,1377513386,21.02
721,1377513391,21.02
721,1377513396,21.01
721,1377513401,21.02
721,1377513406,21.03
721,1377513411,21.02
721,1377513416,21.01
721,1377513421,21.02
721,1377513426,21.02
721,1377513431,21.02
721,1377513436,21.02
721,1377513441,21.01
721,1377513446,21.02
721,1377513451,21.03
721,1377513456,21.01
721,1377513461,21.02
721,1377513466,21.01
721,1377513471,21.0
721,1377513476,21.01
721,1377513481,21.02
721,1377513486,21.02
721,1377513491,21.02
721,1377513496,21.01
721,1377513501,21.01
721,1377513506,21.02
721,1377513511,21.01
721,1377513516,21.0
721,1377513521,21.01
721,1377513526,21.02
721,1377513531,21.01
721,1377513536,21.0
721,1377513541,21.0
721,1377513546,21.01
721,1377513551,21.01
721,1377513556,21.0
721,1377513561,21.0
721,1377513566,21.0
721,1377513571,21.02
721,1377513576,21.0
721,1377513581,21.0
721,1377513586,21.0
721,1377513591,21.0
721,1377513596,21.01
721,1377513601,21.0
721,1377513606,21.0
721,1377513611,21.02
721,1377513616,21.0
721,1377513622,21.02
721,1377513626,21.0
721,1377513631,21.0
721,1377513636,21.0
721,1377513641,21.0
721,1377513646,20.99
721,1377513651,21.0
721,1377513656,21.0
721,1377513661,20.98
721,1377513666,21.0
721,1377513671,21.0
721,1377513676,21.0
721,1377513681,21.0
721,1377513686,21.01
721,1377513691,21.0
721,1377513696,21.0
721,1377513701,21.0
721,1377513706,21.0
721,1377513711,21.0
721,1377513716,21.0
721,1377513721,21.0
721,1377513726,21.0
721,1377513731,21.0
721,1377513736,21.0
721,1377513741,21.0
721,1377513746,21.0
721,1377513751,21.0
721,1377513756,21.0
721,1377513761,21.0
721,1377513766,21.0
721,1377513771,21.0
721,1377513776,20.99
721,1377513781,21.0
721,1377513786,20.99
721,1377513791,21.0
721,1377513796,20.98
721,1377513801,20.99
721,1377513806,20.99
721,1377513811,20.99
721,1377513816,21.0
721,1377513821,20.98
721,1377513826,20.99
721,1377513831,20.99
721,1377513836,21.0
721,1377513841,21.0
721,1377513846,21.0
721,1377513851,20.99
721,1377513856,21.0
721,1377513861,21.0
721,1377513866,20.99
721,1377513871,21.0
721,1377513876,20.99
721,1377513881,20.99
721,1377513886,21.0
721,1377513891,20.98
721,1377513896,21.01
721,1377513901,20.99
721,1377513906,21.0
721,1377513911,20.99
721,1377513916,21.0
721,1377513921,20.99
721,1377513926,21.0
721,1377513931,21.0
721,1377513936,21.0
721,1377513941,21.0
721,1377513946,21.0
721,1377513951,21.0
721,1377513956,21.0
721,1377513961,20.98
721,1377513966,21.0
721,1377513971,21.0
721,1377513976,21.0
721,1377513981,20.99
721,1377513986,20.98
721,1377513991,20.98
721,1377513996,21.01
721,1377514001,20.99
721,1377514006,21.0
721,1377514011,20.99
721,1377514016,20.99
721,1377514021,21.0
721,1377514026,21.0
721,1377514031,21.0
721,1377514036,20.99
721,1377514041,20.99
721,1377514046,21.0
721,1377514051,20.99
721,1377514056,21.0
721,1377514061,20.99
721,1377514066,20.99
721,1377514071,21.0
721,1377514076,20.99
721,1377514081,21.0
721,1377514086,20.99
721,1377514091,20.98
721,1377514096,20.98
721,1377514101,20.99
721,1377514106,20.99
721,1377514111,20.99
721,1377514116,20.98
721,1377514121,20.98
721,1377514126,20.98
721,1377514131,20.98
721,1377514136,20.99
721,1377514141,20.98
721,1377514146,20.98
721,1377514151,20.98
721,1377514156,20.97
721,1377514161,20.97
721,1377514166,20.98
721,1377514171,20.98
721,1377514176,20.98
721,1377514181,20.98
721,1377514186,20.98
721,1377514191,20.98
721,1377514196,20.98
721,1377514201,20.98
721,1377514206,20.98
721,1377514211,20.99
721,1377514216,20.98
721,1377514221,20.99
721,1377514226,20.98
721,1377514231,20.98
721,1377514236,20.99
721,1377514241,20.99
721,1377514246,20.98
721,1377514251,20.99
721,1377514256,20.98
721,1377514261,20.99
721,1377514266,20.98
721,1377514271,21.0
721,1377514276,20.99
721,1377514281,20.99
721,1377514286,20.99
721,1377514291,20.98
721,1377514296,20.99
721,1377514301,20.99
721,1377514306,21.0
721,1377514311,20.98
721,1377514316,20.98
721,1377514321,20.98
721,1377514326,20.98
721,1377514331,20.98
721,1377514336,20.98
721,1377514341,20.98
721,1377514346,20.98
721,1377514351,21.0
721,1377514356,21.0
721,1377514361,21.0
721,1377514366,20.99
721,1377514371,21.0
721,1377514376,20.98
721,1377514381,20.99
721,1377514386,20.99
721,1377514391,20.99
721,1377514396,21.0
721,1377514401,20.99
721,1377514406,21.0
721,1377514411,20.99
721,1377514416,21.0
721,1377514421,20.98
721,1377514426,20.99
721,1377514431,20.99
721,1377514436,20.99
721,1377514441,21.0
721,1377514446,20.99
721,1377514455,20.98
721,1377514456,21.0
721,1377514461,21.0
721,1377514466,20.98
721,1377514471,20.98
721,1377514476,20.99
721,1377514481,20.99
721,1377514486,20.98
721,1377514491,20.98
721,1377514496,20.98
721,1377514501,20.99
721,1377514506,20.99
721,1377514511,20.98
721,1377514516,20.98
721,1377514521,21.0
721,1377514526,20.98
721,1377514531,20.98
721,1377514536,20.99
721,1377514541,20.99
721,1377514546,20.98
721,1377514551,20.98
721,1377514556,20.99
721,1377514561,21.0
721,1377514566,21.0
721,1377514571,20.99
721,1377514576,21.0
721,1377514581,20.99
721,1377514586,21.0
721,1377514591,20.98
721,1377514596,20.99
721,1377514601,20.98
721,1377514606,20.98
721,1377514611,21.0
721,1377514616,20.98
721,1377514621,20.98
721,1377514626,20.98
721,1377514631,20.98
721,1377514636,20.99
721,1377514641,20.99
721,1377514646,20.99
721,1377514651,20.98
721,1377514656,20.98
721,1377514661,20.98
721,1377514666,20.99
721,1377514671,20.98
721,1377514676,20.98
721,1377514681,20.98
721,1377514686,20.98
721,1377514691,20.98
721,1377514696,20.99
721,1377514701,20.99
721,1377514706,20.98
721,1377514711,20.99
721,1377514716,20.98
721,1377514721,20.97
721,1377514726,20.98
721,1377514731,20.98
721,1377514736,20.98
721,1377514741,20.98
721,1377514746,20.98
721,1377514751,20.98
721,1377514756,20.98
721,1377514761,20.98
721,1377514766,20.98
721,1377514771,20.97
721,1377514776,20.98
721,1377514781,20.98
721,1377514786,20.98
721,1377514791,20.97
721,1377514796,20.97
721,1377514801,20.97
721,1377514806,20.97
721,1377514811,20.97
721,1377514816,20.96
721,1377514821,20.96
721,1377514826,20.97
721,1377514831,20.98
721,1377514836,20.97
721,1377514841,20.98
721,1377514846,20.97
721,1377514851,20.97
721,1377514856,20.96
721,1377514861,20.96
721,1377514866,20.96
721,1377514871,20.96
721,1377514876,20.96
721,1377514881,20.96
721,1377514886,20.96
721,1377514891,20.96
721,1377514896,20.96
721,1377514901,20.96
721,1377514906,20.95
721,1377514911,20.97
721,1377514916,20.96
721,1377514921,20.97
721,1377514926,20.96
721,1377514931,20.96
721,1377514936,20.96
721,1377514941,20.96
721,1377514946,20.96
721,1377514951,20.97
721,1377514956,20.96
721,1377514961,20.95
721,1377514966,20.96
721,1377514971,20.96
721,1377514976,20.95
721,1377514981,20.94
721,1377514986,20.96
721,1377514991,20.95
721,1377514996,20.96
721,1377515001,20.95
721,1377515006,20.96
721,1377515011,20.96
721,1377515016,20.96
721,1377515021,20.95
721,1377515026,20.96
721,1377515031,20.95
721,1377515036,20.96
721,1377515041,20.95
721,1377515046,20.94
721,1377515051,20.95
721,1377515056,20.96
721,1377515061,20.95
721,1377515066,20.96
721,1377515071,20.96
721,1377515076,20.95
721,1377515081,20.95
721,1377515086,20.96
721,1377515091,20.96
721,1377515096,20.95
721,1377515101,20.96
721,1377515106,20.96
721,1377515111,20.96
721,1377515116,20.96
721,1377515121,20.95
721,1377515126,20.96
721,1377515131,20.96
721,1377515136,20.95
721,1377515141,20.96
721,1377515146,20.96
721,1377515151,20.96
721,1377515156,20.96
721,1377515161,20.96
721,1377515166,20.97
721,1377515171,20.96
721,1377515176,20.96
721,1377515181,20.95
721,1377515186,20.96
721,1377515191,20.96
721,1377515196,20.96
721,1377515201,20.96
721,1377515206,20.95
721,1377515211,20.95
721,1377515216,20.96
721,1377515221,20.95
721,1377515226,20.96
721,1377515231,20.95
721,1377515236,20.95
721,1377515241,20.96
721,1377515246,20.94
721,1377515251,20.96
721,1377515256,20.95
721,1377515261,20.95
721,1377515266,20.96
721,1377515271,20.96
721,1377515276,20.95
721,1377515281,20.95
721,1377515286,20.96
721,1377515295,20.96
721,1377515296,20.96
721,1377515301,20.95
721,1377515306,20.94
721,1377515311,20.95
721,1377515316,20.96
721,1377515321,20.96
721,1377515326,20.94
721,1377515331,20.96
721,1377515336,20.96
721,1377515341,20.96
721,1377515346,20.95
721,1377515351,20.95
721,1377515356,20.96
721,1377515361,20.96
721,1377515366,20.96
721,1377515371,20.95
721,1377515376,20.96
721,1377515381,20.95
721,1377515386,20.96
721,1377515391,20.96
721,1377515396,20.94
721,1377515401,20.96
721,1377515406,20.96
721,1377515411,20.96
721,1377515416,20.96
721,1377515421,20.96
721,1377515426,20.96
721,1377515431,20.95
721,1377515436,20.96
721,1377515441,20.94
721,1377515446,20.95
721,1377515451,20.96
721,1377515456,20.95
721,1377515461,20.96
721,1377515466,20.95
721,1377515471,20.95
721,1377515476,20.96
721,1377515481,20.96
721,1377515486,20.95
721,1377515491,20.96
721,1377515496,20.96
721,1377515501,20.96
721,1377515506,20.96
721,1377515511,20.94
721,1377515516,20.96
721,1377515521,20.96
721,1377515526,20.96
721,1377515531,20.96
721,1377515536,20.96
721,1377515541,20.95
721,1377515546,20.95
721,1377515551,20.95
721,1377515556,20.95
721,1377515561,20.96
721,1377515566,20.95
721,1377515571,20.96
721,1377515576,20.96
721,1377515581,20.96
721,1377515586,20.96
721,1377515591,20.97
721,1377515596,20.96
721,1377515601,20.94
721,1377515606,20.96
721,1377515611,20.96
721,1377515616,20.96
721,1377515621,20.95
721,1377515626,20.95
721,1377515631,20.95
721,1377515636,20.95
721,1377515641,20.95
721,1377515646,20.96
721,1377515651,20.95
721,1377515656,20.95
721,1377515661,20.95
721,1377515666,20.95
721,1377515671,20.96
721,1377515676,20.95
721,1377515681,20.96
721,1377515687,20.95
721,1377515691,20.96
721,1377515696,20.95
721,1377515701,20.95
721,1377515706,20.94
721,1377515711,20.94
721,1377515716,20.94
721,1377515721,20.94
721,1377515726,20.95
721,1377515731,20.93
721,1377515736,20.94
721,1377515741,20.93
721,1377515746,20.94
721,1377515751,20.94
721,1377515756,20.94
721,1377515761,20.94
721,1377515766,20.94
721,1377515771,20.94
721,1377515776,20.93
721,1377515781,20.94
721,1377515786,20.93
721,1377515791,20.94
721,1377515796,20.94
721,1377515801,20.93
721,1377515806,20.94
721,1377515811,20.94
721,1377515816,20.92
721,1377515821,20.94
721,1377515826,20.93
721,1377515831,20.93
721,1377515836,20.94
721,1377515841,20.93
721,1377515846,20.93
721,1377515851,20.94
721,1377515856,20.94
721,1377515861,20.94
721,1377515866,20.94
721,1377515871,20.93
721,1377515876,20.93
721,1377515881,20.93
721,1377515886,20.94
721,1377515891,20.92
721,1377515896,20.94
721,1377515901,20.94
721,1377515906,20.94
721,1377515911,20.94
721,1377515916,20.94
721,1377515921,20.94
721,1377515926,20.95
721,1377515931,20.93
721,1377515936,20.92
721,1377515941,20.94
721,1377515946,20.94
721,1377515951,20.94
721,1377515956,20.94
721,1377515961,20.95
721,1377515966,20.95
721,1377515971,20.94
721,1377515976,20.94
721,1377515981,20.94
721,1377515986,20.95
721,1377515991,20.94
721,1377515996,20.94
721,1377516001,20.95
721,1377516006,20.94
721,1377516011,20.94
721,1377516016,20.94
721,1377516021,20.94
721,1377516026,20.94
721,1377516031,20.95
721,1377516036,20.95
721,1377516041,20.95
721,1377516046,20.94
721,1377516051,20.94
721,1377516056,20.94
721,1377516061,20.93
721,1377516066,20.94
721,1377516071,20.95
721,1377516076,20.93
721,1377516081,20.93
721,1377516086,20.93
721,1377516091,20.94
721,1377516096,20.94
721,1377516101,20.94
721,1377516106,20.94
721,1377516111,20.95
721,1377516116,20.95
721,1377516121,20.94
721,1377516126,20.94
721,1377516131,20.94
721,1377516136,20.94
721,1377516141,20.94
721,1377516146,20.94
721,1377516151,20.94
721,1377516156,20.94
721,1377516161,20.93
721,1377516166,20.94
721,1377516171,20.93
721,1377516176,20.94
721,1377516181,20.93
721,1377516186,20.93
721,1377516191,20.93
721,1377516196,20.94
721,1377516201,20.95
721,1377516206,20.94
721,1377516211,20.94
721,1377516216,20.94
721,1377516221,20.94
721,1377516226,20.95
721,1377516231,20.94
721,1377516236,20.94
721,1377516241,20.94
721,1377516246,20.94
721,1377516251,20.95
721,1377516256,20.94
721,1377516261,20.93
721,1377516266,20.94
721,1377516271,20.94
721,1377516276,20.94
721,1377516281,20.94
721,1377516286,20.94
721,1377516291,20.94
721,1377516296,20.95
721,1377516301,20.94
721,1377516306,20.94
721,1377516311,20.94
721,1377516316,20.93
721,1377516321,20.93
721,1377516326,20.93
721,1377516331,20.94
721,1377516336,20.94
721,1377516341,20.94
721,1377516346,20.93
721,1377516351,20.94
721,1377516356,20.92
721,1377516361,20.93
721,1377516366,20.92
721,1377516371,20.94
721,1377516376,20.93
721,1377516381,20.94
721,1377516386,20.93
721,1377516391,20.93
721,1377516396,20.94
721,1377516401,20.93
721,1377516406,20.94
721,1377516411,20.93
721,1377516416,20.93
721,1377516421,20.94
721,1377516426,20.93
721,1377516431,20.93
721,1377516436,20.94
721,1377516441,20.93
721,1377516446,20.92
721,1377516451,20.94
721,1377516456,20.94
721,1377516461,20.92
721,1377516466,20.93
721,1377516471,20.93
721,1377516476,20.93
721,1377516481,20.93
721,1377516486,20.94
721,1377516491,20.93
721,1377516496,20.94
721,1377516501,20.92
721,1377516506,20.92
721,1377516511,20.92
721,1377516516,20.92
721,1377516521,20.93
721,1377516526,20.92
721,1377516531,20.92
721,1377516536,20.92
721,1377516541,20.93
721,1377516546,20.92
721,1377516551,20.92
721,1377516556,20.92
721,1377516561,20.92
721,1377516566,20.92
721,1377516571,20.91
721,1377516576,20.92
721,1377516581,20.92
721,1377516586,20.92
721,1377516591,20.92
721,1377516596,20.92
721,1377516601,20.92
721,1377516606,20.91
721,1377516611,20.91
721,1377516616,20.92
721,1377516621,20.91
721,1377516626,20.91
721,1377516631,20.92
721,1377516636,20.92
721,1377516641,20.92
721,1377516646,20.9
721,1377516651,20.91
721,1377516656,20.9
721,1377516661,20.92
721,1377516666,20.9
721,1377516671,20.9
721,1377516676,20.92
721,1377516681,20.9
721,1377516686,20.91
721,1377516691,20.91
721,1377516696,20.91
721,1377516701,20.91
721,1377516706,20.9
721,1377516711,20.91
721,1377516716,20.9
721,1377516721,20.91
721,1377516726,20.91
721,1377516731,20.91
721,1377516736,20.9
721,1377516741,20.9
721,1377516746,20.91
721,1377516751,20.9
721,1377516756,20.91
721,1377516761,20.9
721,1377516766,20.9
721,1377516771,20.92
721,1377516776,20.9
721,1377516781,20.9
721,1377516786,20.9
721,1377516791,20.9
721,1377516796,20.91
721,1377516801,20.9
721,1377516806,20.91
721,1377516811,20.91
721,1377516816,20.9
721,1377516821,20.9
721,1377516826,20.9
721,1377516831,20.9
721,1377516836,20.9
721,1377516841,20.9
721,1377516846,20.92
721,1377516851,20.9
721,1377516856,20.89
721,1377516861,20.9
721,1377516866,20.9
721,1377516871,20.91
721,1377516876,20.91
721,1377516881,20.9
721,1377516886,20.91
721,1377516891,20.9
721,1377516896,20.9
721,1377516901,20.9
721,1377516906,20.9
721,1377516911,20.9
721,1377516916,20.89
721,1377516921,20.9
721,1377516926,20.9
721,1377516931,20.9
721,1377516936,20.89
721,1377516941,20.9
721,1377516946,20.9
721,1377516951,20.88
721,1377516956,20.9
721,1377516961,20.9
721,1377516966,20.9
721,1377516971,20.89
721,1377516976,20.88
721,1377516981,20.9
721,1377516986,20.9
721,1377516991,20.89
721,1377516996,20.9
721,1377517001,20.9
721,1377517006,20.9
721,1377517011,20.89
721,1377517016,20.9
721,1377517021,20.89
721,1377517026,20.9
721,1377517032,20.9
721,1377517036,20.9
721,1377517041,20.9
721,1377517046,20.9
721,1377517051,20.9
721,1377517056,20.9
721,1377517061,20.91
721,1377517066,20.91
721,1377517071,20.9
721,1377517076,20.9
721,1377517081,20.9
721,1377517086,20.9
721,1377517091,20.9
721,1377517096,20.9
721,1377517101,20.9
721,1377517106,20.9
721,1377517111,20.89
721,1377517116,20.9
721,1377517121,20.9
721,1377517126,20.9
721,1377517131,20.88
721,1377517136,20.9
721,1377517141,20.89
721,1377517146,20.89
721,1377517151,20.88
721,1377517156,20.89
721,1377517161,20.89
721,1377517166,20.89
721,1377517171,20.89
721,1377517176,20.9
721,1377517181,20.89
721,1377517186,20.89
721,1377517191,20.89
721,1377517196,20.9
721,1377517201,20.89
721,1377517206,20.89
721,1377517211,20.9
721,1377517216,20.9
721,1377517221,20.89
721,1377517226,20.89
721,1377517231,20.88
721,1377517236,20.9
721,1377517241,20.9
721,1377517246,20.9
721,1377517251,20.89
721,1377517256,20.9
721,1377517261,20.88
721,1377517266,20.89
721,1377517271,20.89
721,1377517276,20.9
721,1377517281,20.9
721,1377517286,20.9
721,1377517291,20.89
721,1377517296,20.9
721,1377517301,20.89
721,1377517306,20.9
721,1377517311,20.9
721,1377517316,20.9
721,1377517321,20.9
721,1377517326,20.89
721,1377517331,20.91
721,1377517336,20.9
721,1377517341,20.9
721,1377517346,20.91
721,1377517351,20.89
721,1377517356,20.9
721,1377517361,20.9
721,1377517366,20.89
721,1377517371,20.9
721,1377517376,20.9
721,1377517381,20.89
721,1377517386,20.89
721,1377517391,20.9
721,1377517396,20.89
721,1377517401,20.89
721,1377517406,20.89
721,1377517411,20.89
721,1377517416,20.9
721,1377517421,20.89
721,1377517426,20.9
721,1377517431,20.89
721,1377517436,20.89
721,1377517441,20.89
721,1377517446,20.89
721,1377517451,20.89
721,1377517456,20.89
721,1377517461,20.9
721,1377517466,20.9
721,1377517471,20.89
721,1377517476,20.9
721,1377517481,20.9
721,1377517486,20.89
721,1377517491,20.89
721,1377517496,20.89
721,1377517501,20.89
721,1377517506,20.89
721,1377517511,20.9
721,1377517516,20.89
721,1377517521,20.89
721,1377517526,20.88
721,1377517531,20.89
721,1377517536,20.88
721,1377517541,20.89
721,1377517546,20.89
721,1377517551,20.89
721,1377517556,20.89
721,1377517561,20.88
721,1377517566,20.89
721,1377517571,20.88
721,1377517576,20.88
721,1377517581,20.89
721,1377517586,20.89
721,1377517591,20.89
721,1377517596,20.89
721,1377517601,20.88
721,1377517606,20.89
721,1377517611,20.89
721,1377517616,20.9
721,1377517621,20.89
721,1377517626,20.89
721,1377517631,20.9
721,1377517636,20.9
721,1377517641,20.9
721,1377517646,20.9
721,1377517651,20.89
721,1377517656,20.88
721,1377517661,20.88
721,1377517666,20.88
721,1377517671,20.91
721,1377517676,20.9
721,1377517681,20.89
721,1377517686,20.89
721,1377517691,20.89
721,1377517696,20.88
721,1377517701,20.89
721,1377517706,20.89
721,1377517711,20.89
721,1377517716,20.89
721,1377517721,20.88
721,1377517726,20.88
721,1377517731,20.89
721,1377517736,20.89
721,1377517741,20.89
721,1377517746,20.88
721,1377517751,20.89
721,1377517756,20.89
721,1377517761,20.89
721,1377517766,20.88
721,1377517771,20.9
721,1377517776,20.88
721,1377517781,20.88
721,1377517786,20.89
721,1377517791,20.88
721,1377517796,20.88
721,1377517801,20.89
721,1377517806,20.89
721,1377517811,20.88
721,1377517816,20.89
721,1377517821,20.88
721,1377517826,20.88
721,1377517831,20.88
721,1377517836,20.87
721,1377517841,20.88
721,1377517846,20.89
721,1377517851,20.88
721,1377517856,20.88
721,1377517861,20.88
721,1377517866,20.89
721,1377517871,20.88
721,1377517876,20.88
721,1377517881,20.88
721,1377517886,20.88
721,1377517891,20.88
721,1377517896,20.88
721,1377517901,20.88
721,1377517906,20.88
721,1377517911,20.88
721,1377517916,20.88
721,1377517921,20.88
721,1377517926,20.89
721,1377517931,20.88
721,1377517936,20.88
721,1377517941,20.88
721,1377517946,20.88
721,1377517951,20.86
721,1377517956,20.87
721,1377517961,20.87
721,1377517966,20.88
721,1377517971,20.88
721,1377517976,20.88
721,1377517981,20.86
721,1377517986,20.87
721,1377517991,20.87
721,1377517996,20.88
721,1377518001,20.88
721,1377518006,20.88
721,1377518011,20.86
721,1377518016,20.88
721,1377518021,20.88
721,1377518026,20.86
721,1377518031,20.87
721,1377518036,20.86
721,1377518041,20.87
721,1377518046,20.88
721,1377518051,20.87
721,1377518056,20.87
721,1377518061,20.88
721,1377518066,20.87
721,1377518071,20.87
721,1377518076,20.87
721,1377518081,20.88
721,1377518086,20.87
721,1377518091,20.87
721,1377518096,20.87
721,1377518101,20.87
721,1377518106,20.89
721,1377518111,20.87
721,1377518116,20.88
721,1377518121,20.87
721,1377518126,20.88
721,1377518131,20.87
721,1377518136,20.88
721,1377518141,20.88
721,1377518146,20.86
721,1377518151,20.87
721,1377518156,20.87
721,1377518161,20.88
721,1377518166,20.87
721,1377518171,20.88
721,1377518176,20.87
721,1377518181,20.87
721,1377518186,20.86
721,1377518191,20.87
721,1377518196,20.86
721,1377518201,20.86
721,1377518206,20.86
721,1377518211,20.87
721,1377518216,20.86
721,1377518221,20.86
721,1377518226,20.86
721,1377518231,20.86
721,1377518236,20.86
721,1377518241,20.86
721,1377518246,20.86
721,1377518251,20.86
721,1377518256,20.86
721,1377518261,20.86
721,1377518266,20.86
721,1377518271,20.87
721,1377518276,20.86
721,1377518281,20.86
721,1377518286,20.87
721,1377518291,20.86
721,1377518296,20.86
721,1377518301,20.86
721,1377518306,20.86
721,1377518311,20.87
721,1377518316,20.86
721,1377518321,20.86
721,1377518326,20.87
721,1377518331,20.86
721,1377518336,20.87
721,1377518341,20.87
721,1377518346,20.87
721,1377518351,20.87
721,1377518356,20.88
721,1377518361,20.87
721,1377518366,20.86
721,1377518371,20.86
721,1377518376,20.86
721,1377518381,20.86
721,1377518386,20.85
721,1377518391,20.86
721,1377518396,20.86
721,1377518401,20.86
721,1377518406,20.87
721,1377518411,20.86
721,1377518416,20.86
721,1377518421,20.86
721,1377518426,20.86
721,1377518431,20.86
721,1377518436,20.86
721,1377518441,20.85
721,1377518446,20.87
721,1377518451,20.87
721,1377518456,20.87
721,1377518461,20.86
721,1377518466,20.86
721,1377518471,20.87
721,1377518476,20.86
721,1377518481,20.86
721,1377518486,20.86
721,1377518491,20.86
721,1377518496,20.86
721,1377518501,20.86
721,1377518506,20.86
721,1377518511,20.86
721,1377518516,20.85
721,1377518521,20.86
721,1377518526,20.86
721,1377518531,20.86
721,1377518536,20.86
721,1377518541,20.86
721,1377518546,20.86
721,1377518551,20.86
721,1377518556,20.86
721,1377518561,20.86
721,1377518566,20.85
721,1377518571,20.85
721,1377518576,20.85
721,1377518581,20.85
721,1377518586,20.86
721,1377518591,20.84
721,1377518596,20.85
721,1377518601,20.86
721,1377518606,20.85
721,1377518611,20.85
721,1377518616,20.86
721,1377518621,20.85
721,1377518626,20.85
721,1377518631,20.85
721,1377518636,20.85
721,1377518641,20.86
721,1377518646,20.84
721,1377518651,20.85
721,1377518656,20.86
721,1377518661,20.84
721,1377518666,20.85
721,1377518671,20.84
721,1377518676,20.86
721,1377518681,20.84
721,1377518686,20.85
721,1377518691,20.85
721,1377518696,20.85
721,1377518701,20.86
721,1377518706,20.85
721,1377518711,20.85
721,1377518716,20.86
721,1377518721,20.85
721,1377518726,20.85
721,1377518731,20.84
721,1377518736,20.85
721,1377518741,20.84
721,1377518746,20.85
721,1377518751,20.86
721,1377518756,20.86
721,1377518761,20.86
721,1377518766,20.85
721,1377518771,20.86
721,1377518776,20.85
721,1377518781,20.86
721,1377518786,20.84
721,1377518791,20.86
721,1377518796,20.85
721,1377518801,20.86
721,1377518806,20.85
721,1377518811,20.85
721,1377518816,20.85
721,1377518821,20.86
721,1377518826,20.86
721,1377518831,20.84
721,1377518836,20.86
721,1377518841,20.85
721,1377518846,20.84
721,1377518851,20.85
721,1377518856,20.86
721,1377518861,20.85
721,1377518866,20.86
721,1377518871,20.85
721,1377518876,20.85
721,1377518881,20.86
721,1377518886,20.86
721,1377518891,20.85
721,1377518896,20.86
721,1377518901,20.85
721,1377518906,20.86
721,1377518911,20.85
721,1377518916,20.85
721,1377518921,20.85
721,1377518926,20.85
721,1377518931,20.86
721,1377518936,20.85
721,1377518941,20.85
721,1377518946,20.85
721,1377518951,20.86
721,1377518956,20.86
721,1377518961,20.85
721,1377518966,20.86
721,1377518971,20.86
721,1377518976,20.86
721,1377518981,20.85
721,1377518986,20.85
721,1377518991,20.86
721,1377518996,20.86
721,1377519001,20.84
721,1377519006,20.85
721,1377519011,20.85
721,1377519016,20.85
721,1377519021,20.85
721,1377519026,20.85
721,1377519031,20.86
721,1377519036,20.86
721,1377519041,20.85
721,1377519046,20.86
721,1377519051,20.84
721,1377519056,20.85
721,1377519061,20.85
721,1377519066,20.86
721,1377519071,20.84
721,1377519076,20.85
721,1377519081,20.85
721,1377519086,20.85
721,1377519091,20.85
721,1377519096,20.85
721,1377519101,20.84
721,1377519106,20.84
721,1377519111,20.84
721,1377519116,20.86
721,1377519121,20.86
721,1377519126,20.86
721,1377519131,20.86
721,1377519136,20.85
721,1377519141,20.86
721,1377519146,20.86
721,1377519151,20.86
721,1377519156,20.86
721,1377519161,20.86
721,1377519166,20.85
721,1377519171,20.85
721,1377519176,20.84
721,1377519181,20.86
721,1377519186,20.85
721,1377519191,20.86
721,1377519196,20.84
721,1377519201,20.85
721,1377519206,20.86
721,1377519211,20.84
721,1377519216,20.84
721,1377519221,20.84
721,1377519226,20.84
721,1377519231,20.84
721,1377519236,20.85
721,1377519241,20.85
721,1377519246,20.84
721,1377519251,20.84
721,1377519256,20.84
721,1377519261,20.86
721,1377519266,20.84
721,1377519271,20.86
721,1377519276,20.84
721,1377519281,20.85
721,1377519286,20.84
721,1377519291,20.84
721,1377519296,20.84
721,1377519301,20.84
721,1377519306,20.84
721,1377519311,20.84
721,1377519316,20.85
721,1377519321,20.84
721,1377519326,20.84
721,1377519331,20.84
721,1377519336,20.84
721,1377519341,20.84
721,1377519346,20.83
721,1377519351,20.84
721,1377519356,20.84
721,1377519361,20.84
721,1377519366,20.84
721,1377519371,20.83
721,1377519376,20.84
721,1377519381,20.84
721,1377519386,20.84
721,1377519391,20.84
721,1377519396,20.84
721,1377519401,20.84
721,1377519406,20.83
721,1377519411,20.84
721,1377519416,20.83
721,1377519421,20.84
721,1377519426,20.84
721,1377519431,20.84
721,1377519436,20.84
721,1377519441,20.84
721,1377519446,20.83
721,1377519451,20.84
721,1377519456,20.84
721,1377519461,20.84
721,1377519466,20.84
721,1377519471,20.84
721,1377519476,20.83
721,1377519481,20.83
721,1377519486,20.84
721,1377519491,20.84
721,1377519496,20.83
721,1377519501,20.83
721,1377519506,20.84
721,1377519511,20.84
721,1377519516,20.83
721,1377519521,20.84
721,1377519526,20.84
721,1377519531,20.83
721,1377519536,20.84
721,1377519541,20.84
721,1377519546,20.83
721,1377519551,20.84
721,1377519556,20.83
721,1377519561,20.84
721,1377519566,20.84
721,1377519571,20.84
721,1377519576,20.85
721,1377519581,20.84
721,1377519586,20.85
721,1377519591,20.84
721,1377519596,20.84
721,1377519601,20.84
721,1377519606,20.84
721,1377519611,20.85
721,1377519616,20.82
721,1377519621,20.84
721,1377519626,20.84
721,1377519631,20.84
721,1377519636,20.83
721,1377519641,20.84
721,1377519646,20.82
721,1377519651,20.83
721,1377519656,20.84
721,1377519661,20.84
721,1377519666,20.83
721,1377519671,20.83
721,1377519676,20.84
721,1377519681,20.84
721,1377519686,20.85
721,1377519691,20.84
721,1377519696,20.84
721,1377519701,20.85
721,1377519706,20.84
721,1377519711,20.84
721,1377519716,20.84
721,1377519721,20.83
721,1377519726,20.84
721,1377519731,20.84
721,1377519736,20.84
721,1377519741,20.84
721,1377519746,20.84
721,1377519751,20.84
721,1377519756,20.84
721,1377519761,20.84
721,1377519766,20.83
721,1377519771,20.84
721,1377519776,20.84
721,1377519781,20.84
721,1377519786,20.84
721,1377519791,20.83
721,1377519796,20.84
721,1377519801,20.83
721,1377519806,20.82
721,1377519811,20.82
721,1377519816,20.83
721,1377519821,20.84
721,1377519826,20.84
721,1377519831,20.84
721,1377519836,20.84
721,1377519841,20.84
721,1377519846,20.82
721,1377519851,20.83
721,1377519856,20.83
721,1377519861,20.83
721,1377519866,20.82
721,1377519871,20.83
721,1377519876,20.83
721,1377519881,20.83
721,1377519886,20.84
721,1377519891,20.83
721,1377519896,20.83
721,1377519901,20.82
721,1377519906,20.83
721,1377519911,20.84
721,1377519916,20.83
721,1377519921,20.82
721,1377519926,20.81
721,1377519931,20.83
721,1377519936,20.82
721,1377519941,20.84
721,1377519946,20.83
721,1377519951,20.83
721,1377519956,20.82
721,1377519961,20.82
721,1377519966,20.82
721,1377519971,20.81
721,1377519976,20.83
721,1377519981,20.82
721,1377519986,20.82
721,1377519991,20.82
721,1377519996,20.82
721,1377520001,20.81
721,1377520006,20.83
721,1377520011,20.82
721,1377520016,20.82
721,1377520021,20.82
721,1377520026,20.82
721,1377520031,20.83
721,1377520036,20.81
721,1377520041,20.82
721,1377520046,20.83
721,1377520051,20.82
721,1377520056,20.81
721,1377520061,20.82
721,1377520066,20.81
721,1377520071,20.83
721,1377520076,20.81
721,1377520081,20.81
721,1377520086,20.82
721,1377520091,20.82
721,1377520096,20.81
721,1377520101,20.82
721,1377520106,20.82
721,1377520111,20.82
721,1377520116,20.82
721,1377520121,20.8
721,1377520126,20.81
721,1377520131,20.81
721,1377520136,20.82
721,1377520141,20.81
721,1377520146,20.81
721,1377520151,20.81
721,1377520156,20.82
721,1377520161,20.81
721,1377520166,20.8
721,1377520171,20.8
721,1377520176,20.8
721,1377520181,20.81
721,1377520186,20.81
721,1377520191,20.82
721,1377520196,20.82
721,1377520201,20.81
721,1377520206,20.82
721,1377520211,20.82
721,1377520216,20.81
721,1377520221,20.81
721,1377520226,20.82
721,1377520231,20.81
721,1377520236,20.81
721,1377520241,20.81
721,1377520246,20.8
721,1377520251,20.81
721,1377520256,20.82
721,1377520261,20.8
721,1377520266,20.8
721,1377520271,20.81
721,1377520276,20.81
721,1377520281,20.81
721,1377520286,20.8
721,1377520291,20.8
721,1377520296,20.8
721,1377520301,20.8
721,1377520306,20.8
721,1377520311,20.81
721,1377520316,20.8
721,1377520321,20.79
721,1377520326,20.8
721,1377520331,20.79
721,1377520336,20.8
721,1377520341,20.8
721,1377520346,20.8
721,1377520351,20.8
721,1377520356,20.8
721,1377520361,20.8
721,1377520366,20.81
721,1377520371,20.8
721,1377520376,20.81
721,1377520381,20.79
721,1377520386,20.8
721,1377520391,20.8
721,1377520396,20.8
721,1377520401,20.79
721,1377520406,20.79
721,1377520411,20.8
721,1377520416,20.79
721,1377520421,20.8
721,1377520426,20.81
721,1377520431,20.8
721,1377520436,20.8
721,1377520441,20.8
721,1377520446,20.8
721,1377520451,20.8
721,1377520456,20.8
721,1377520461,20.8
721,1377520466,20.8
721,1377520471,20.81
721,1377520476,20.8
721,1377520481,20.8
721,1377520486,20.8
721,1377520491,20.8
721,1377520496,20.8
721,1377520501,20.8
721,1377520506,20.8
721,1377520511,20.8
721,1377520516,20.8
721,1377520521,20.8
721,1377520526,20.79
721,1377520531,20.8
721,1377520536,20.8
721,1377520541,20.79
721,1377520546,20.8
721,1377520551,20.8
721,1377520556,20.8
721,1377520561,20.8
721,1377520566,20.81
721,1377520571,20.79
721,1377520576,20.8
721,1377520581,20.8
721,1377520586,20.81
721,1377520591,20.8
721,1377520596,20.8
721,1377520601,20.78
721,1377520606,20.8
721,1377520611,20.81
721,1377520616,20.8
721,1377520621,20.81
721,1377520626,20.8
721,1377520631,20.81
721,1377520636,20.8
721,1377520641,20.79
721,1377520646,20.79
721,1377520651,20.8
721,1377520656,20.8
721,1377520661,20.8
721,1377520666,20.8
721,1377520671,20.8
721,1377520676,20.8
721,1377520681,20.8
721,1377520686,20.8
721,1377520691,20.8
721,1377520696,20.81
721,1377520701,20.8
721,1377520706,20.8
721,1377520711,20.8
721,1377520716,20.8
721,1377520721,20.8
721,1377520726,20.8
721,1377520731,20.8
721,1377520736,20.81
721,1377520741,20.8
721,1377520746,20.8
721,1377520751,20.8
721,1377520756,20.8
721,1377520761,20.8
721,1377520766,20.81
721,1377520771,20.81
721,1377520776,20.81
721,1377520781,20.8
721,1377520786,20.8
721,1377520791,20.8
721,1377520796,20.81
721,1377520801,20.8
721,1377520806,20.8
721,1377520811,20.8
721,1377520816,20.8
721,1377520821,20.8
721,1377520826,20.8
721,1377520831,20.8
721,1377520836,20.79
721,1377520841,20.8
721,1377520846,20.8
721,1377520851,20.8
721,1377520856,20.79
721,1377520861,20.8
721,1377520866,20.8
721,1377520871,20.8
721,1377520876,20.8
721,1377520881,20.8
721,1377520886,20.79
721,1377520891,20.8
721,1377520896,20.8
721,1377520901,20.81
721,1377520906,20.8
721,1377520911,20.8
721,1377520916,20.78
721,1377520921,20.8
721,1377520926,20.79
721,1377520931,20.79
721,1377520936,20.8
721,1377520941,20.8
721,1377520946,20.8
721,1377520951,20.8
721,1377520956,20.79
721,1377520961,20.79
721,1377520966,20.79
721,1377520971,20.79
721,1377520976,20.8
721,1377520981,20.8
721,1377520986,20.79
721,1377520991,20.79
721,1377520996,20.78
721,1377521001,20.79
721,1377521006,20.78
721,1377521011,20.78
721,1377521016,20.8
721,1377521021,20.79
721,1377521026,20.79
721,1377521031,20.78
721,1377521036,20.79
721,1377521041,20.8
721,1377521046,20.8
721,1377521051,20.79
721,1377521056,20.78
721,1377521061,20.78
721,1377521066,20.79
721,1377521071,20.8
721,1377521076,20.78
721,1377521081,20.78
721,1377521086,20.79
721,1377521091,20.78
721,1377521096,20.79
721,1377521101,20.78
721,1377521106,20.78
721,1377521111,20.78
721,1377521116,20.78
721,1377521121,20.78
721,1377521126,20.78
721,1377521131,20.79
721,1377521136,20.79
721,1377521141,20.78
721,1377521146,20.79
721,1377521151,20.79
721,1377521156,20.78
721,1377521161,20.79
721,1377521166,20.78
721,1377521171,20.78
721,1377521176,20.8
721,1377521181,20.79
721,1377521186,20.78
721,1377521191,20.8
721,1377521196,20.79
721,1377521201,20.78
721,1377521206,20.78
721,1377521211,20.79
721,1377521216,20.79
721,1377521221,20.79
721,1377521226,20.79
721,1377521231,20.78
721,1377521236,20.78
721,1377521241,20.78
721,1377521246,20.79
721,1377521251,20.79
721,1377521256,20.79
721,1377521261,20.78
721,1377521266,20.79
721,1377521271,20.79
721,1377521276,20.78
721,1377521281,20.78
721,1377521286,20.79
721,1377521291,20.79
721,1377521296,20.78
721,1377521301,20.78
721,1377521306,20.78
721,1377521311,20.79
721,1377521316,20.78
721,1377521321,20.78
721,1377521326,20.78
721,1377521331,20.77
721,1377521336,20.79
721,1377521341,20.78
721,1377521346,20.78
721,1377521351,20.79
721,1377521356,20.79
721,1377521361,20.78
721,1377521366,20.78
721,1377521371,20.77
721,1377521376,20.79
721,1377521381,20.78
721,1377521386,20.78
721,1377521391,20.79
721,1377521396,20.78
721,1377521401,20.78
721,1377521406,20.79
721,1377521411,20.78
721,1377521416,20.78
721,1377521421,20.79
721,1377521426,20.8
721,1377521431,20.79
721,1377521436,20.8
721,1377521441,20.79
721,1377521446,20.79
721,1377521451,20.78
721,1377521456,20.78
721,1377521461,20.78
721,1377521466,20.79
721,1377521471,20.79
721,1377521476,20.78
721,1377521481,20.79
721,1377521486,20.78
721,1377521491,20.78
721,1377521496,20.78
721,1377521501,20.78
721,1377521506,20.79
721,1377521511,20.78
721,1377521516,20.78
721,1377521521,20.79
721,1377521526,20.77
721,1377521531,20.78
721,1377521536,20.78
721,1377521541,20.78
721,1377521546,20.78
721,1377521551,20.78
721,1377521556,20.77
721,1377521561,20.77
721,1377521566,20.78
721,1377521571,20.78
721,1377521576,20.78
721,1377521581,20.78
721,1377521586,20.77
721,1377521591,20.78
721,1377521596,20.78
721,1377521601,20.78
721,1377521606,20.77
721,1377521611,20.77
721,1377521616,20.78
721,1377521621,20.78
721,1377521626,20.77
721,1377521631,20.77
721,1377521636,20.76
721,1377521641,20.78
721,1377521646,20.76
721,1377521651,20.77
721,1377521656,20.78
721,1377521661,20.76
721,1377521666,20.78
721,1377521671,20.78
721,1377521676,20.76
721,1377521681,20.77
721,1377521686,20.77
721,1377521691,20.76
721,1377521696,20.76
721,1377521701,20.77
721,1377521706,20.78
721,1377521711,20.77
721,1377521716,20.77
721,1377521721,20.77
721,1377521726,20.76
721,1377521731,20.78
721,1377521736,20.76
721,1377521741,20.76
721,1377521746,20.77
721,1377521751,20.76
721,1377521756,20.77
721,1377521761,20.77
721,1377521766,20.76
721,1377521771,20.76
721,1377521776,20.77
721,1377521781,20.76
721,1377521786,20.76
721,1377521791,20.75
721,1377521796,20.75
721,1377521801,20.76
721,1377521806,20.76
721,1377521811,20.75
721,1377521816,20.76
721,1377521821,20.77
721,1377521826,20.76
721,1377521831,20.76
721,1377521836,20.76
721,1377521841,20.77
721,1377521846,20.76
721,1377521851,20.76
721,1377521856,20.77
721,1377521861,20.77
721,1377521866,20.77
721,1377521871,20.77
721,1377521876,20.76
721,1377521881,20.77
721,1377521886,20.76
721,1377521891,20.76
721,1377521896,20.77
721,1377521901,20.76
721,1377521906,20.76
721,1377521911,20.76
721,1377521916,20.77
721,1377521921,20.77
721,1377521926,20.76
721,1377521931,20.76
721,1377521936,20.77
721,1377521941,20.75
721,1377521946,20.75
721,1377521951,20.77
721,1377521956,20.76
721,1377521961,20.77
721,1377521966,20.76
721,1377521971,20.76
721,1377521976,20.77
721,1377521981,20.76
721,1377521986,20.76
721,1377521991,20.76
721,1377521996,20.75
721,1377522001,20.77
721,1377522006,20.76
721,1377522011,20.76
721,1377522016,20.76
721,1377522021,20.76
721,1377522026,20.75
721,1377522031,20.75
721,1377522036,20.76
721,1377522041,20.76
721,1377522046,20.77
721,1377522051,20.76
721,1377522056,20.76
721,1377522061,20.77
721,1377522066,20.76
721,1377522071,20.76
721,1377522076,20.76
721,1377522081,20.76
721,1377522086,20.76
721,1377522091,20.76
721,1377522096,20.77
721,1377522101,20.76
721,1377522106,20.76
721,1377522111,20.76
721,1377522116,20.76
721,1377522121,20.76
721,1377522126,20.76
721,1377522131,20.74
721,1377522136,20.75
721,1377522141,20.76
721,1377522146,20.76
721,1377522151,20.76
721,1377522156,20.76
721,1377522161,20.75
721,1377522166,20.75
721,1377522171,20.76
721,1377522176,20.76
721,1377522181,20.75
721,1377522186,20.76
721,1377522191,20.76
721,1377522196,20.76
721,1377522201,20.76
721,1377522206,20.77
721,1377522211,20.76
721,1377522216,20.75
721,1377522221,20.75
721,1377522226,20.75
721,1377522231,20.76
721,1377522236,20.76
721,1377522241,20.74
721,1377522246,20.76
721,1377522251,20.76
721,1377522256,20.76
721,1377522261,20.74
721,1377522266,20.76
721,1377522271,20.75
721,1377522276,20.76
721,1377522281,20.75
721,1377522286,20.75
721,1377522291,20.76
721,1377522296,20.76
721,1377522301,20.76
721,1377522306,20.76
721,1377522311,20.76
721,1377522316,20.76
721,1377522321,20.75
721,1377522326,20.76
721,1377522331,20.75
721,1377522336,20.76
721,1377522341,20.76
721,1377522346,20.76
721,1377522351,20.75
721,1377522356,20.76
721,1377522361,20.74
721,1377522366,20.75
721,1377522371,20.75
721,1377522376,20.75
721,1377522381,20.75
721,1377522386,20.75
721,1377522391,20.75
721,1377522396,20.76
721,1377522401,20.75
721,1377522406,20.75
721,1377522411,20.75
721,1377522416,20.75
721,1377522421,20.76
721,1377522426,20.76
721,1377522431,20.75
721,1377522436,20.75
721,1377522441,20.75
721,1377522446,20.76
721,1377522451,20.76
721,1377522456,20.75
721,1377522461,20.75
721,1377522466,20.75
721,1377522471,20.75
721,1377522476,20.75
721,1377522481,20.75
721,1377522486,20.76
721,1377522491,20.76
721,1377522496,20.76
721,1377522501,20.76
721,1377522506,20.76
721,1377522511,20.75
721,1377522516,20.76
721,1377522521,20.75
721,1377522526,20.76
721,1377522531,20.75
721,1377522536,20.76
721,1377522541,20.76
721,1377522546,20.75
721,1377522551,20.76
721,1377522556,20.75
721,1377522561,20.75
721,1377522566,20.76
721,1377522571,20.76
721,1377522576,20.76
721,1377522581,20.76
721,1377522586,20.76
721,1377522591,20.75
721,1377522596,20.75
721,1377522601,20.75
721,1377522606,20.76
721,1377522611,20.75
721,1377522616,20.76
721,1377522621,20.76
721,1377522626,20.75
721,1377522631,20.75
721,1377522636,20.75
721,1377522641,20.76
721,1377522646,20.75
721,1377522651,20.76
721,1377522656,20.75
721,1377522661,20.76
721,1377522666,20.76
721,1377522671,20.76
721,1377522676,20.75
721,1377522681,20.75
721,1377522686,20.76
721,1377522691,20.76
721,1377522696,20.76
721,1377522701,20.76
721,1377522706,20.76
721,1377522711,20.76
721,1377522716,20.76
721,1377522721,20.76
721,1377522726,20.76
721,1377522731,20.76
721,1377522736,20.76
721,1377522741,20.76
721,1377522746,20.76
721,1377522751,20.77
721,1377522756,20.77
721,1377522761,20.76
721,1377522766,20.76
721,1377522771,20.75
721,1377522776,20.76
721,1377522781,20.75
721,1377522786,20.77
721,1377522791,20.75
721,1377522796,20.75
721,1377522801,20.76
721,1377522806,20.76
721,1377522811,20.76
721,1377522816,20.75
721,1377522821,20.76
721,1377522826,20.75
721,1377522831,20.76
721,1377522836,20.76
721,1377522841,20.75
721,1377522846,20.76
721,1377522851,20.76
721,1377522856,20.75
721,1377522861,20.76
721,1377522866,20.76
721,1377522871,20.77
721,1377522876,20.76
721,1377522881,20.76
721,1377522886,20.77
721,1377522891,20.76
721,1377522896,20.76
721,1377522901,20.78
721,1377522906,20.76
721,1377522911,20.76
721,1377522916,20.76
721,1377522921,20.76
721,1377522926,20.77
721,1377522931,20.76
721,1377522936,20.75
721,1377522941,20.77
721,1377522946,20.76
721,1377522951,20.77
721,1377522956,20.76
721,1377522961,20.77
721,1377522966,20.77
721,1377522971,20.76
721,1377522976,20.75
721,1377522981,20.76
721,1377522986,20.76
721,1377522991,20.75
721,1377522996,20.76
721,1377523001,20.76
721,1377523006,20.76
721,1377523011,20.76
721,1377523016,20.76
721,1377523021,20.76
721,1377523026,20.76
721,1377523031,20.77
721,1377523036,20.77
721,1377523041,20.77
721,1377523046,20.76
721,1377523051,20.76
721,1377523056,20.76
721,1377523061,20.76
721,1377523066,20.76
721,1377523071,20.76
721,1377523076,20.76
721,1377523081,20.76
721,1377523086,20.78
721,1377523091,20.76
721,1377523096,20.76
721,1377523101,20.75
721,1377523106,20.76
721,1377523111,20.78
721,1377523116,20.77
721,1377523121,20.76
721,1377523126,20.76
721,1377523131,20.76
721,1377523136,20.76
721,1377523141,20.76
721,1377523146,20.76
721,1377523151,20.76
721,1377523156,20.77
721,1377523161,20.76
721,1377523166,20.76
721,1377523171,20.76
721,1377523176,20.76
721,1377523181,20.76
721,1377523186,20.76
721,1377523191,20.76
721,1377523196,20.76
721,1377523201,20.76
721,1377523206,20.76
721,1377523211,20.76
721,1377523216,20.76
721,1377523221,20.76
721,1377523226,20.76
721,1377523231,20.77
721,1377523236,20.76
721,1377523241,20.76
721,1377523246,20.76
721,1377523251,20.76
721,1377523256,20.77
721,1377523261,20.76
721,1377523266,20.76
721,1377523271,20.76
721,1377523276,20.76
721,1377523281,20.76
721,1377523286,20.76
721,1377523291,20.75
721,1377523296,20.76
721,1377523301,20.76
721,1377523306,20.75
721,1377523311,20.76
721,1377523316,20.76
721,1377523321,20.76
721,1377523326,20.76
721,1377523331,20.77
721,1377523336,20.77
721,1377523341,20.76
721,1377523346,20.76
721,1377523351,20.76
721,1377523356,20.76
721,1377523361,20.77
721,1377523366,20.77
721,1377523371,20.77
721,1377523376,20.76
721,1377523381,20.76
721,1377523386,20.76
721,1377523391,20.76
721,1377523396,20.76
721,1377523401,20.76
721,1377523406,20.76
721,1377523411,20.75
721,1377523416,20.76
721,1377523421,20.75
721,1377523426,20.74
721,1377523431,20.75
721,1377523436,20.76
721,1377523441,20.76
721,1377523446,20.76
721,1377523451,20.77
721,1377523456,20.75
721,1377523461,20.76
721,1377523466,20.76
721,1377523471,20.74
721,1377523476,20.76
721,1377523481,20.76
721,1377523486,20.77
721,1377523491,20.76
721,1377523496,20.76
721,1377523501,20.75
721,1377523506,20.74
721,1377523511,20.75
721,1377523516,20.75
721,1377523521,20.75
721,1377523526,20.74
721,1377523531,20.74
721,1377523536,20.74
721,1377523541,20.75
721,1377523546,20.74
721,1377523551,20.75
721,1377523556,20.74
721,1377523561,20.75
721,1377523566,20.74
721,1377523571,20.74
721,1377523576,20.75
721,1377523581,20.76
721,1377523586,20.74
721,1377523591,20.75
721,1377523596,20.75
721,1377523601,20.74
721,1377523606,20.74
721,1377523611,20.74
721,1377523616,20.74
721,1377523621,20.75
721,1377523626,20.76
721,1377523631,20.75
721,1377523636,20.75
721,1377523641,20.74
721,1377523646,20.74
721,1377523651,20.74
721,1377523656,20.74
721,1377523661,20.74
721,1377523666,20.75
721,1377523671,20.75
721,1377523676,20.74
721,1377523681,20.74
721,1377523686,20.73
721,1377523691,20.74
721,1377523696,20.74
721,1377523701,20.74
721,1377523706,20.74
721,1377523711,20.74
721,1377523716,20.74
721,1377523721,20.74
721,1377523726,20.74
721,1377523731,20.73
721,1377523736,20.74
721,1377523741,20.74
721,1377523746,20.74
721,1377523751,20.75
721,1377523756,20.75
721,1377523761,20.73
721,1377523766,20.74
721,1377523771,20.74
721,1377523776,20.74
721,1377523781,20.74
721,1377523786,20.74
721,1377523791,20.74
721,1377523796,20.74
721,1377523801,20.74
721,1377523806,20.74
721,1377523811,20.74
721,1377523816,20.74
721,1377523821,20.74
721,1377523826,20.74
721,1377523831,20.74
721,1377523836,20.75
721,1377523841,20.74
721,1377523846,20.74
721,1377523851,20.73
721,1377523856,20.74
721,1377523861,20.74
721,1377523866,20.74
721,1377523871,20.74
721,1377523876,20.74
721,1377523881,20.74
721,1377523886,20.74
721,1377523891,20.74
721,1377523896,20.74
721,1377523901,20.75
721,1377523906,20.74
721,1377523911,20.75
721,1377523916,20.74
721,1377523921,20.74
721,1377523926,20.74
721,1377523931,20.74
721,1377523936,20.74
721,1377523941,20.74
721,1377523946,20.75
721,1377523951,20.74
721,1377523956,20.74
721,1377523961,20.75
721,1377523966,20.74
721,1377523971,20.74
721,1377523976,20.74
721,1377523981,20.73
721,1377523986,20.74
721,1377523991,20.73
721,1377523996,20.74
721,1377524001,20.73
721,1377524006,20.75
721,1377524011,20.73
721,1377524016,20.73
721,1377524021,20.73
721,1377524026,20.73
721,1377524031,20.73
721,1377524036,20.74
721,1377524041,20.74
721,1377524046,20.74
721,1377524051,20.74
721,1377524056,20.74
721,1377524061,20.74
721,1377524066,20.74
721,1377524071,20.74
721,1377524076,20.74
721,1377524081,20.74
721,1377524086,20.74
721,1377524091,20.74
721,1377524096,20.74
721,1377524101,20.74
721,1377524106,20.74
721,1377524111,20.74
721,1377524116,20.73
721,1377524121,20.73
721,1377524126,20.73
721,1377524131,20.73
721,1377524136,20.73
721,1377524141,20.73
721,1377524146,20.73
721,1377524151,20.74
721,1377524156,20.73
721,1377524161,20.72
721,1377524166,20.73
721,1377524171,20.73
721,1377524176,20.73
721,1377524181,20.74
721,1377524186,20.73
721,1377524191,20.73
721,1377524196,20.72
721,1377524201,20.72
721,1377524206,20.73
721,1377524215,20.74
721,1377524216,20.73
721,1377524221,20.74
721,1377524226,20.72
721,1377524231,20.73
721,1377524236,20.74
721,1377524241,20.73
721,1377524246,20.74
721,1377524251,20.72
721,1377524256,20.74
721,1377524261,20.73
721,1377524266,20.74
721,1377524271,20.72
721,1377524276,20.73
721,1377524281,20.74
721,1377524286,20.74
721,1377524291,20.72
721,1377524296,20.73
721,1377524301,20.73
721,1377524306,20.73
721,1377524311,20.73
721,1377524316,20.73
721,1377524321,20.73
721,1377524326,20.73
721,1377524331,20.72
721,1377524336,20.73
721,1377524341,20.73
721,1377524347,20.73
721,1377524351,20.74
721,1377524356,20.74
721,1377524361,20.74
721,1377524366,20.73
721,1377524371,20.73
721,1377524376,20.73
721,1377524381,20.73
721,1377524386,20.73
721,1377524391,20.74
721,1377524396,20.74
721,1377524401,20.73
721,1377524406,20.72
721,1377524411,20.74
721,1377524416,20.75
721,1377524421,20.74
721,1377524426,20.73
721,1377524431,20.73
721,1377524436,20.74
721,1377524441,20.75
721,1377524446,20.74
721,1377524451,20.75
721,1377524456,20.73
721,1377524461,20.74
721,1377524466,20.73
721,1377524471,20.73
721,1377524476,20.74
721,1377524481,20.74
721,1377524486,20.73
721,1377524491,20.74
721,1377524496,20.73
721,1377524501,20.73
721,1377524506,20.74
721,1377524511,20.74
721,1377524516,20.73
721,1377524521,20.73
721,1377524526,20.74
721,1377524531,20.74
721,1377524536,20.74
721,1377524541,20.74
721,1377524546,20.74
721,1377524551,20.74
721,1377524556,20.74
721,1377524561,20.73
721,1377524566,20.75
721,1377524571,20.75
721,1377524576,20.73
721,1377524581,20.74
721,1377524586,20.74
721,1377524591,20.74
721,1377524596,20.74
721,1377524601,20.74
721,1377524606,20.74
721,1377524611,20.74
721,1377524616,20.74
721,1377524621,20.74
721,1377524626,20.75
721,1377524631,20.73
721,1377524636,20.74
721,1377524641,20.74
721,1377524646,20.74
721,1377524651,20.74
721,1377524656,20.74
721,1377524661,20.74
721,1377524666,20.74
721,1377524671,20.74
721,1377524676,20.74
721,1377524681,20.75
721,1377524686,20.73
721,1377524691,20.74
721,1377524696,20.74
721,1377524701,20.75
721,1377524706,20.73
721,1377524711,20.74
721,1377524716,20.73
721,1377524721,20.74
721,1377524726,20.73
721,1377524731,20.74
721,1377524736,20.73
721,1377524741,20.73
721,1377524746,20.73
721,1377524751,20.72
721,1377524756,20.74
721,1377524761,20.74
721,1377524766,20.72
721,1377524771,20.73
721,1377524776,20.73
721,1377524781,20.72
721,1377524786,20.74
721,1377524791,20.73
721,1377524796,20.74
721,1377524801,20.73
721,1377524806,20.72
721,1377524811,20.73
721,1377524816,20.72
721,1377524821,20.72
721,1377524826,20.72
721,1377524831,20.73
721,1377524836,20.73
721,1377524841,20.73
721,1377524846,20.73
721,1377524851,20.73
721,1377524856,20.74
721,1377524861,20.73
721,1377524866,20.72
721,1377524871,20.74
721,1377524876,20.72
721,1377524881,20.72
721,1377524886,20.72
721,1377524891,20.73
721,1377524896,20.72
721,1377524901,20.74
721,1377524906,20.73
721,1377524911,20.73
721,1377524916,20.72
721,1377524921,20.73
721,1377524926,20.73
721,1377524931,20.72
721,1377524936,20.73
721,1377524941,20.72
721,1377524946,20.73
721,1377524951,20.72
721,1377524956,20.73
721,1377524961,20.72
721,1377524966,20.73
721,1377524971,20.73
721,1377524976,20.74
721,1377524981,20.72
721,1377524986,20.73
721,1377524991,20.72
721,1377524996,20.72
721,1377525001,20.73
721,1377525006,20.72
721,1377525011,20.72
721,1377525016,20.72
721,1377525021,20.74
721,1377525026,20.72
721,1377525031,20.73
721,1377525036,20.72
721,1377525041,20.72
721,1377525046,20.72
721,1377525051,20.72
721,1377525056,20.72
721,1377525061,20.72
721,1377525066,20.73
721,1377525071,20.72
721,1377525076,20.72
721,1377525081,20.72
721,1377525086,20.72
721,1377525091,20.7
721,1377525096,20.72
721,1377525101,20.72
721,1377525106,20.74
721,1377525111,20.72
721,1377525116,20.73
721,1377525121,20.72
721,1377525126,20.72
721,1377525131,20.72
721,1377525136,20.72
721,1377525141,20.73
721,1377525146,20.73
721,1377525151,20.72
721,1377525156,20.72
721,1377525161,20.73
721,1377525166,20.72
721,1377525171,20.72
721,1377525176,20.72
721,1377525181,20.74
721,1377525186,20.73
721,1377525191,20.74
721,1377525196,20.74
721,1377525201,20.73
721,1377525206,20.73
721,1377525211,20.74
721,1377525216,20.72
721,1377525221,20.73
721,1377525226,20.74
721,1377525231,20.74
721,1377525236,20.73
721,1377525241,20.73
721,1377525246,20.74
721,1377525251,20.73
721,1377525256,20.73
721,1377525261,20.72
721,1377525266,20.73
721,1377525271,20.73
721,1377525276,20.73
721,1377525281,20.73
721,1377525286,20.74
721,1377525291,20.73
721,1377525296,20.72
721,1377525301,20.72
721,1377525306,20.74
721,1377525311,20.72
721,1377525316,20.72
721,1377525321,20.72
721,1377525326,20.72
721,1377525331,20.73
721,1377525336,20.73
721,1377525341,20.72
721,1377525346,20.72
721,1377525351,20.73
721,1377525356,20.72
721,1377525361,20.73
721,1377525366,20.72
721,1377525371,20.72
721,1377525376,20.72
721,1377525381,20.72
721,1377525386,20.72
721,1377525391,20.72
721,1377525396,20.71
721,1377525401,20.72
721,1377525406,20.7
721,1377525411,20.71
721,1377525416,20.72
721,1377525421,20.71
721,1377525426,20.73
721,1377525431,20.71
721,1377525436,20.72
721,1377525441,20.71
721,1377525446,20.71
721,1377525451,20.72
721,1377525456,20.71
721,1377525461,20.72
721,1377525466,20.71
721,1377525471,20.71
721,1377525476,20.71
721,1377525481,20.72
721,1377525486,20.71
721,1377525491,20.7
721,1377525496,20.72
721,1377525501,20.7
721,1377525506,20.71
721,1377525511,20.72
721,1377525516,20.71
721,1377525521,20.71
721,1377525526,20.71
721,1377525531,20.7
721,1377525536,20.7
721,1377525541,20.7
721,1377525546,20.71
721,1377525551,20.7
721,1377525556,20.71
721,1377525561,20.71
721,1377525566,20.7
721,1377525571,20.7
721,1377525576,20.7
721,1377525581,20.7
721,1377525586,20.72
721,1377525591,20.71
721,1377525596,20.7
721,1377525601,20.7
721,1377525606,20.71
721,1377525611,20.7
721,1377525616,20.71
721,1377525621,20.71
721,1377525626,20.71
721,1377525631,20.7
721,1377525636,20.7
721,1377525641,20.7
721,1377525646,20.72
721,1377525651,20.7
721,1377525656,20.7
721,1377525661,20.72
721,1377525666,20.7
721,1377525671,20.71
721,1377525676,20.71
721,1377525681,20.7
721,1377525686,20.71
721,1377525691,20.72
721,1377525696,20.72
721,1377525701,20.71
721,1377525706,20.71
721,1377525711,20.71
721,1377525716,20.72
721,1377525721,20.71
721,1377525726,20.71
721,1377525731,20.71
721,1377525736,20.71
721,1377525741,20.72
721,1377525746,20.72
721,1377525751,20.72
721,1377525756,20.72
721,1377525761,20.72
721,1377525766,20.72
721,1377525771,20.71
721,1377525776,20.72
721,1377525781,20.72
721,1377525786,20.71
721,1377525791,20.72
721,1377525796,20.72
721,1377525801,20.72
721,1377525806,20.72
721,1377525811,20.72
721,1377525816,20.72
721,1377525821,20.72
721,1377525826,20.73
721,1377525831,20.72
721,1377525836,20.73
721,1377525841,20.73
721,1377525846,20.72
721,1377525851,20.72
721,1377525856,20.71
721,1377525861,20.72
721,1377525866,20.72
721,1377525871,20.72
721,1377525876,20.72
721,1377525881,20.73
721,1377525886,20.73
721,1377525891,20.72
721,1377525896,20.72
721,1377525901,20.72
721,1377525906,20.71
721,1377525911,20.72
721,1377525916,20.73
721,1377525921,20.73
721,1377525926,20.71
721,1377525931,20.72
721,1377525936,20.72
721,1377525941,20.74
721,1377525946,20.73
721,1377525951,20.72
721,1377525956,20.72
721,1377525961,20.72
721,1377525966,20.72
721,1377525971,20.72
721,1377525976,20.7
721,1377525981,20.72
721,1377525986,20.72
721,1377525991,20.72
721,1377525996,20.71
721,1377526001,20.72
721,1377526006,20.72
721,1377526011,20.71
721,1377526016,20.72
721,1377526021,20.72
721,1377526026,20.71
721,1377526031,20.72
721,1377526036,20.71
721,1377526041,20.72
721,1377526046,20.71
721,1377526051,20.71
721,1377526056,20.7
721,1377526061,20.7
721,1377526066,20.72
721,1377526071,20.72
721,1377526076,20.72
721,1377526081,20.71
721,1377526086,20.7
721,1377526091,20.71
721,1377526096,20.7
721,1377526101,20.7
721,1377526106,20.72
721,1377526111,20.71
721,1377526116,20.7
721,1377526121,20.7
721,1377526126,20.7
721,1377526131,20.7
721,1377526136,20.71
721,1377526141,20.7
721,1377526146,20.7
721,1377526151,20.7
721,1377526156,20.7
721,1377526161,20.7
721,1377526166,20.7
721,1377526171,20.7
721,1377526176,20.71
721,1377526181,20.7
721,1377526186,20.71
721,1377526191,20.7
721,1377526196,20.71
721,1377526201,20.7
721,1377526206,20.7
721,1377526211,20.71
721,1377526216,20.71
721,1377526221,20.7
721,1377526226,20.7
721,1377526231,20.7
721,1377526236,20.71
721,1377526241,20.7
721,1377526246,20.7
721,1377526251,20.71
721,1377526256,20.71
721,1377526261,20.7
721,1377526266,20.7
721,1377526271,20.7
721,1377526276,20.71
721,1377526281,20.71
721,1377526286,20.7
721,1377526291,20.7
721,1377526296,20.7
721,1377526301,20.7
721,1377526306,20.7
721,1377526311,20.7
721,1377526316,20.69
721,1377526321,20.7
721,1377526326,20.7
721,1377526331,20.7
721,1377526336,20.7
721,1377526341,20.7
721,1377526346,20.7
721,1377526351,20.69
721,1377526356,20.69
721,1377526361,20.7
721,1377526366,20.7
721,1377526371,20.69
721,1377526376,20.69
721,1377526381,20.69
721,1377526386,20.7
721,1377526391,20.71
721,1377526396,20.7
721,1377526401,20.69
721,1377526406,20.7
721,1377526411,20.7
721,1377526416,20.71
721,1377526421,20.7
721,1377526426,20.7
721,1377526431,20.7
721,1377526436,20.7
721,1377526441,20.69
721,1377526446,20.7
721,1377526451,20.69
721,1377526456,20.69
721,1377526461,20.69
721,1377526466,20.7
721,1377526471,20.7
721,1377526476,20.7
721,1377526481,20.7
721,1377526486,20.7
721,1377526491,20.7
721,1377526496,20.7
721,1377526501,20.7
721,1377526506,20.69
721,1377526511,20.68
721,1377526516,20.7
721,1377526521,20.7
721,1377526526,20.7
721,1377526531,20.68
721,1377526536,20.69
721,1377526541,20.7
721,1377526546,20.7
721,1377526551,20.69
721,1377526556,20.7
721,1377526561,20.68
721,1377526566,20.7
721,1377526571,20.69
721,1377526576,20.69
721,1377526581,20.68
721,1377526586,20.7
721,1377526591,20.7
721,1377526596,20.7
721,1377526601,20.7
721,1377526606,20.69
721,1377526611,20.7
721,1377526616,20.7
721,1377526621,20.69
721,1377526626,20.69
721,1377526631,20.69
721,1377526636,20.69
721,1377526641,20.7
721,1377526646,20.7
721,1377526651,20.69
721,1377526656,20.7
721,1377526661,20.7
721,1377526666,20.68
721,1377526671,20.7
721,1377526676,20.69
721,1377526681,20.7
721,1377526686,20.69
721,1377526691,20.7
721,1377526696,20.7
721,1377526701,20.7
721,1377526706,20.7
721,1377526711,20.69
721,1377526716,20.69
721,1377526721,20.69
721,1377526726,20.7
721,1377526731,20.7
721,1377526736,20.71
721,1377526741,20.7
721,1377526746,20.71
721,1377526751,20.71
721,1377526756,20.69
721,1377526761,20.7
721,1377526766,20.7
721,1377526771,20.7
721,1377526776,20.7
721,1377526781,20.71
721,1377526786,20.7
721,1377526791,20.69
721,1377526796,20.7
721,1377526801,20.71
721,1377526806,20.71
721,1377526811,20.7
721,1377526816,20.7
721,1377526821,20.7
721,1377526826,20.7
721,1377526831,20.7
721,1377526836,20.69
721,1377526841,20.71
721,1377526846,20.7
721,1377526851,20.7
721,1377526856,20.69
721,1377526861,20.7
721,1377526866,20.7
721,1377526871,20.69
721,1377526876,20.69
721,1377526881,20.7
721,1377526886,20.7
721,1377526891,20.71
721,1377526896,20.7
721,1377526901,20.7
721,1377526906,20.71
721,1377526911,20.7
721,1377526916,20.71
721,1377526921,20.71
721,1377526926,20.7
721,1377526931,20.71
721,1377526936,20.72
721,1377526941,20.71
721,1377526946,20.71
721,1377526951,20.71
721,1377526956,20.71
721,1377526961,20.71
721,1377526966,20.72
721,1377526971,20.7
721,1377526976,20.71
721,1377526981,20.71
721,1377526986,20.71
721,1377526991,20.7
721,1377526996,20.71
721,1377527001,20.71
721,1377527006,20.71
721,1377527011,20.71
721,1377527016,20.72
721,1377527021,20.71
721,1377527026,20.7
721,1377527031,20.72
721,1377527036,20.71
721,1377527041,20.7
721,1377527046,20.72
721,1377527051,20.7
721,1377527056,20.72
721,1377527061,20.71
721,1377527066,20.71
721,1377527071,20.7
721,1377527076,20.7
721,1377527081,20.71
721,1377527086,20.71
721,1377527091,20.71
721,1377527096,20.7
721,1377527101,20.71
721,1377527106,20.7
721,1377527111,20.7
721,1377527116,20.72
721,1377527121,20.71
721,1377527126,20.7
721,1377527131,20.71
721,1377527136,20.7
721,1377527141,20.72
721,1377527146,20.71
721,1377527151,20.72
721,1377527156,20.71
721,1377527161,20.7
721,1377527166,20.7
721,1377527171,20.71
721,1377527176,20.71
721,1377527181,20.71
721,1377527186,20.7
721,1377527191,20.72
721,1377527196,20.72
721,1377527201,20.72
721,1377527206,20.72
721,1377527211,20.72
721,1377527216,20.71
721,1377527221,20.71
721,1377527226,20.7
721,1377527231,20.71
721,1377527236,20.71
721,1377527241,20.71
721,1377527246,20.71
721,1377527251,20.71
721,1377527256,20.7
721,1377527261,20.71
721,1377527266,20.7
721,1377527271,20.7
721,1377527276,20.71
721,1377527281,20.72
721,1377527286,20.7
721,1377527291,20.7
721,1377527296,20.7
721,1377527301,20.71
721,1377527306,20.72
721,1377527311,20.71
721,1377527316,20.7
721,1377527321,20.71
721,1377527326,20.71
721,1377527331,20.72
721,1377527336,20.7
721,1377527341,20.71
721,1377527346,20.72
721,1377527351,20.71
721,1377527356,20.71
721,1377527361,20.71
721,1377527366,20.7
721,1377527371,20.71
721,1377527376,20.7
721,1377527381,20.7
721,1377527386,20.7
721,1377527391,20.7
721,1377527396,20.71
721,1377527401,20.71
721,1377527406,20.69
721,1377527411,20.71
721,1377527416,20.71
721,1377527421,20.71
721,1377527426,20.7
721,1377527431,20.71
721,1377527436,20.71
721,1377527441,20.7
721,1377527446,20.7
721,1377527451,20.7
721,1377527456,20.7
721,1377527461,20.69
721,1377527466,20.7
721,1377527471,20.71
721,1377527476,20.7
721,1377527481,20.7
721,1377527486,20.7
721,1377527491,20.7
721,1377527496,20.7
721,1377527505,20.69
721,1377527506,20.7
721,1377527511,20.71
721,1377527516,20.68
721,1377527521,20.7
721,1377527526,20.69
721,1377527531,20.7
721,1377527536,20.7
721,1377527541,20.7
721,1377527546,20.7
721,1377527551,20.7
721,1377527556,20.7
721,1377527561,20.7
721,1377527566,20.69
721,1377527571,20.71
721,1377527576,20.7
721,1377527581,20.7
721,1377527586,20.71
721,1377527591,20.69
721,1377527596,20.69
721,1377527601,20.69
721,1377527606,20.7
721,1377527611,20.69
721,1377527616,20.7
721,1377527621,20.69
721,1377527626,20.7
721,1377527631,20.69
721,1377527636,20.69
721,1377527641,20.7
721,1377527646,20.7
721,1377527651,20.7
721,1377527656,20.7
721,1377527661,20.7
721,1377527666,20.7
721,1377527671,20.7
721,1377527676,20.7
721,1377527681,20.69
721,1377527686,20.7
721,1377527691,20.68
721,1377527696,20.69
721,1377527701,20.69
721,1377527706,20.69
721,1377527711,20.7
721,1377527716,20.69
721,1377527721,20.68
721,1377527726,20.69
721,1377527731,20.69
721,1377527736,20.7
721,1377527741,20.7
721,1377527746,20.69
721,1377527751,20.69
721,1377527756,20.68
721,1377527761,20.69
721,1377527766,20.69
721,1377527771,20.69
721,1377527776,20.7
721,1377527781,20.69
721,1377527786,20.7
721,1377527791,20.69
721,1377527796,20.68
721,1377527801,20.69
721,1377527806,20.68
721,1377527811,20.69
721,1377527816,20.69
721,1377527821,20.69
721,1377527826,20.69
721,1377527831,20.7
721,1377527836,20.69
721,1377527841,20.69
721,1377527846,20.7
721,1377527851,20.68
721,1377527856,20.69
721,1377527861,20.69
721,1377527866,20.69
721,1377527871,20.68
721,1377527876,20.68
721,1377527881,20.69
721,1377527886,20.69
721,1377527891,20.69
721,1377527896,20.69
721,1377527901,20.68
721,1377527906,20.68
721,1377527911,20.69
721,1377527916,20.68
721,1377527921,20.68
721,1377527926,20.68
721,1377527931,20.68
721,1377527936,20.69
721,1377527941,20.68
721,1377527946,20.68
721,1377527951,20.69
721,1377527956,20.68
721,1377527961,20.69
721,1377527966,20.68
721,1377527971,20.69
721,1377527976,20.68
721,1377527981,20.68
721,1377527986,20.68
721,1377527991,20.68
721,1377527996,20.68
721,1377528001,20.68
721,1377528006,20.68
721,1377528011,20.7
721,1377528016,20.68
721,1377528021,20.68
721,1377528026,20.68
721,1377528031,20.68
721,1377528036,20.67
721,1377528041,20.68
721,1377528046,20.68
721,1377528051,20.68
721,1377528056,20.68
721,1377528061,20.68
721,1377528066,20.68
721,1377528071,20.68
721,1377528076,20.69
721,1377528081,20.69
721,1377528086,20.69
721,1377528091,20.68
721,1377528096,20.68
721,1377528101,20.69
721,1377528106,20.68
721,1377528111,20.68
721,1377528116,20.68
721,1377528121,20.68
721,1377528126,20.68
721,1377528131,20.69
721,1377528136,20.69
721,1377528141,20.69
721,1377528146,20.69
721,1377528151,20.7
721,1377528156,20.69
721,1377528161,20.68
721,1377528166,20.7
721,1377528171,20.7
721,1377528176,20.69
721,1377528181,20.69
721,1377528186,20.7
721,1377528191,20.69
721,1377528196,20.7
721,1377528201,20.7
721,1377528206,20.7
721,1377528211,20.69
721,1377528216,20.69
721,1377528221,20.7
721,1377528226,20.7
721,1377528231,20.7
721,1377528236,20.69
721,1377528241,20.7
721,1377528246,20.7
721,1377528251,20.69
721,1377528256,20.69
721,1377528261,20.69
721,1377528266,20.7
721,1377528271,20.7
721,1377528276,20.7
721,1377528281,20.69
721,1377528286,20.68
721,1377528291,20.69
721,1377528296,20.68
721,1377528301,20.69
721,1377528306,20.7
721,1377528311,20.7
721,1377528316,20.69
721,1377528321,20.69
721,1377528326,20.69
721,1377528331,20.69
721,1377528336,20.69
721,1377528341,20.69
721,1377528347,20.69
721,1377528351,20.69
721,1377528356,20.7
721,1377528361,20.68
721,1377528366,20.69
721,1377528371,20.7
721,1377528376,20.7
721,1377528381,20.7
721,1377528386,20.69
721,1377528391,20.69
721,1377528396,20.68
721,1377528401,20.68
721,1377528406,20.69
721,1377528411,20.69
721,1377528416,20.68
721,1377528421,20.68
721,1377528426,20.68
721,1377528431,20.69
721,1377528436,20.68
721,1377528441,20.68
721,1377528446,20.69
721,1377528451,20.68
721,1377528456,20.68
721,1377528461,20.69
721,1377528466,20.69
721,1377528471,20.69
721,1377528476,20.69
721,1377528481,20.7
721,1377528486,20.69
721,1377528491,20.69
721,1377528496,20.7
721,1377528501,20.69
721,1377528506,20.69
721,1377528511,20.69
721,1377528516,20.69
721,1377528521,20.69
721,1377528526,20.7
721,1377528531,20.7
721,1377528536,20.69
721,1377528541,20.69
721,1377528546,20.69
721,1377528551,20.69
721,1377528556,20.69
721,1377528561,20.69
721,1377528566,20.7
721,1377528571,20.69
721,1377528576,20.69
721,1377528581,20.7
721,1377528586,20.68
721,1377528591,20.68
721,1377528596,20.69
721,1377528601,20.69
721,1377528606,20.69
721,1377528611,20.69
721,1377528616,20.7
721,1377528621,20.69
721,1377528626,20.69
721,1377528631,20.7
721,1377528636,20.7
721,1377528641,20.69
721,1377528646,20.69
721,1377528651,20.69
721,1377528656,20.7
721,1377528661,20.7
721,1377528666,20.69
721,1377528671,20.7
721,1377528676,20.7
721,1377528681,20.7
721,1377528686,20.71
721,1377528691,20.71
721,1377528696,20.71
721,1377528701,20.7
721,1377528706,20.7
721,1377528711,20.71
721,1377528716,20.7
721,1377528721,20.71
721,1377528726,20.71
721,1377528731,20.72
721,1377528736,20.71
721,1377528741,20.7
721,1377528746,20.72
721,1377528751,20.72
721,1377528756,20.71
721,1377528761,20.72
721,1377528766,20.72
721,1377528771,20.73
721,1377528776,20.73
721,1377528781,20.72
721,1377528786,20.73
721,1377528791,20.73
721,1377528796,20.72
721,1377528801,20.72
721,1377528806,20.74
721,1377528811,20.73
721,1377528816,20.73
721,1377528821,20.72
721,1377528826,20.73
721,1377528831,20.72
721,1377528836,20.72
721,1377528841,20.73
721,1377528846,20.72
721,1377528851,20.72
721,1377528856,20.72
721,1377528861,20.73
721,1377528866,20.72
721,1377528871,20.72
721,1377528876,20.72
721,1377528881,20.72
721,1377528886,20.72
721,1377528891,20.74
721,1377528896,20.74
721,1377528901,20.73
721,1377528906,20.72
721,1377528911,20.73
721,1377528916,20.73
721,1377528921,20.72
721,1377528926,20.73
721,1377528931,20.73
721,1377528936,20.72
721,1377528941,20.73
721,1377528946,20.74
721,1377528951,20.73
721,1377528956,20.73
721,1377528961,20.73
721,1377528966,20.73
721,1377528971,20.73
721,1377528976,20.74
721,1377528981,20.73
721,1377528986,20.73
721,1377528991,20.73
721,1377528996,20.73
721,1377529001,20.73
721,1377529006,20.74
721,1377529011,20.74
721,1377529016,20.73
721,1377529021,20.74
721,1377529026,20.72
721,1377529031,20.73
721,1377529036,20.73
721,1377529041,20.72
721,1377529046,20.73
721,1377529051,20.73
721,1377529056,20.74
721,1377529061,20.74
721,1377529066,20.73
721,1377529071,20.72
721,1377529076,20.74
721,1377529081,20.74
721,1377529086,20.73
721,1377529091,20.74
721,1377529096,20.73
721,1377529101,20.74
721,1377529106,20.74
721,1377529111,20.73
721,1377529116,20.73
721,1377529121,20.72
721,1377529126,20.72
721,1377529131,20.74
721,1377529136,20.73
721,1377529141,20.72
721,1377529146,20.73
721,1377529151,20.74
721,1377529160,20.72
721,1377529161,20.72
721,1377529166,20.74
721,1377529171,20.74
721,1377529176,20.73
721,1377529181,20.74
721,1377529186,20.72
721,1377529191,20.74
721,1377529196,20.73
721,1377529201,20.72
721,1377529206,20.72
721,1377529211,20.72
721,1377529216,20.72
721,1377529221,20.73
721,1377529226,20.73
721,1377529231,20.72
721,1377529236,20.73
721,1377529241,20.73
721,1377529246,20.74
721,1377529251,20.72
721,1377529256,20.73
721,1377529261,20.73
721,1377529266,20.72
721,1377529271,20.74
721,1377529276,20.72
721,1377529281,20.74
721,1377529286,20.74
721,1377529291,20.73
721,1377529296,20.73
721,1377529301,20.72
721,1377529306,20.73
721,1377529311,20.74
721,1377529316,20.73
721,1377529321,20.72
721,1377529326,20.72
721,1377529331,20.73
721,1377529336,20.74
721,1377529341,20.72
721,1377529346,20.72
721,1377529351,20.74
721,1377529356,20.74
721,1377529361,20.73
721,1377529366,20.74
721,1377529371,20.74
721,1377529376,20.72
721,1377529381,20.74
721,1377529386,20.73
721,1377529391,20.74
721,1377529396,20.72
721,1377529401,20.72
721,1377529406,20.72
721,1377529411,20.74
721,1377529416,20.73
721,1377529421,20.74
721,1377529426,20.74
721,1377529431,20.74
721,1377529436,20.74
721,1377529441,20.74
721,1377529446,20.73
721,1377529451,20.73
721,1377529456,20.74
721,1377529461,20.72
721,1377529466,20.73
721,1377529471,20.72
721,1377529476,20.73
721,1377529481,20.73
721,1377529486,20.74
721,1377529491,20.74
721,1377529496,20.73
721,1377529501,20.72
721,1377529506,20.73
721,1377529511,20.74
721,1377529516,20.74
721,1377529521,20.74
721,1377529526,20.73
721,1377529531,20.73
721,1377529536,20.73
721,1377529541,20.72
721,1377529546,20.73
721,1377529551,20.74
721,1377529556,20.72
721,1377529561,20.74
721,1377529566,20.72
721,1377529571,20.72
721,1377529576,20.73
721,1377529581,20.74
721,1377529586,20.74
721,1377529591,20.72
721,1377529596,20.74
721,1377529601,20.74
721,1377529606,20.74
721,1377529611,20.72
721,1377529616,20.72
721,1377529621,20.73
721,1377529626,20.74
721,1377529631,20.73
721,1377529636,20.72
721,1377529641,20.74
721,1377529646,20.73
721,1377529651,20.74
721,1377529656,20.72
721,1377529661,20.73
721,1377529666,20.74
721,1377529671,20.74
721,1377529676,20.73
721,1377529681,20.74
721,1377529686,20.73
721,1377529691,20.74
721,1377529696,20.74
721,1377529701,20.74
721,1377529706,20.74
721,1377529711,20.74
721,1377529716,20.74
721,1377529721,20.74
721,1377529726,20.75
721,1377529731,20.74
721,1377529736,20.74
721,1377529741,20.74
721,1377529746,20.75
721,1377529751,20.74
721,1377529756,20.74
721,1377529761,20.75
721,1377529766,20.75
721,1377529771,20.74
721,1377529776,20.74
721,1377529781,20.74
721,1377529786,20.75
721,1377529791,20.75
721,1377529796,20.75
721,1377529801,20.75
721,1377529806,20.75
721,1377529811,20.75
721,1377529816,20.76
721,1377529821,20.74
721,1377529826,20.76
721,1377529831,20.75
721,1377529836,20.74
721,1377529841,20.74
721,1377529846,20.75
721,1377529851,20.75
721,1377529856,20.74
721,1377529861,20.76
721,1377529866,20.76
721,1377529871,20.75
721,1377529876,20.74
721,1377529881,20.74
721,1377529886,20.74
721,1377529891,20.75
721,1377529896,20.74
721,1377529901,20.75
721,1377529906,20.74
721,1377529911,20.75
721,1377529916,20.75
721,1377529921,20.74
721,1377529926,20.74
721,1377529931,20.75
721,1377529936,20.74
721,1377529941,20.75
721,1377529946,20.75
721,1377529951,20.76
721,1377529959,20.74
721,1377529961,20.75
721,1377529966,20.75
721,1377529971,20.74
721,1377529976,20.76
721,1377529981,20.76
721,1377529986,20.76
721,1377529991,20.75
721,1377529996,20.75
721,1377530001,20.75
721,1377530006,20.75
721,1377530011,20.76
721,1377530016,20.75
721,1377530021,20.76
721,1377530026,20.75
721,1377530031,20.76
721,1377530036,20.75
721,1377530041,20.76
721,1377530046,20.77
721,1377530051,20.76
721,1377530056,20.76
721,1377530061,20.74
721,1377530066,20.76
721,1377530071,20.76
721,1377530076,20.75
721,1377530081,20.76
721,1377530086,20.76
721,1377530091,20.75
721,1377530096,20.76
721,1377530101,20.76
721,1377530106,20.76
721,1377530111,20.76
721,1377530116,20.76
721,1377530121,20.76
721,1377530126,20.75
721,1377530131,20.77
721,1377530136,20.74
721,1377530141,20.75
721,1377530146,20.75
721,1377530151,20.76
721,1377530156,20.76
721,1377530161,20.76
721,1377530166,20.75
721,1377530171,20.76
721,1377530176,20.76
721,1377530181,20.76
721,1377530186,20.76
721,1377530191,20.77
721,1377530196,20.76
721,1377530201,20.77
721,1377530206,20.76
721,1377530211,20.76
721,1377530216,20.76
721,1377530221,20.77
721,1377530226,20.76
721,1377530231,20.77
721,1377530236,20.76
721,1377530241,20.76
721,1377530246,20.76
721,1377530251,20.77
721,1377530256,20.76
721,1377530261,20.76
721,1377530266,20.75
721,1377530271,20.77
721,1377530276,20.77
721,1377530281,20.76
721,1377530286,20.76
721,1377530291,20.76
721,1377530296,20.76
721,1377530301,20.75
721,1377530306,20.77
721,1377530311,20.76
721,1377530316,20.76
721,1377530321,20.76
721,1377530326,20.75
721,1377530331,20.76
721,1377530336,20.76
721,1377530341,20.76
721,1377530346,20.76
721,1377530351,20.76
721,1377530356,20.76
721,1377530361,20.75
721,1377530366,20.76
721,1377530371,20.76
721,1377530376,20.78
721,1377530381,20.76
721,1377530386,20.76
721,1377530391,20.76
721,1377530396,20.76
721,1377530401,20.76
721,1377530406,20.77
721,1377530411,20.76
721,1377530416,20.77
721,1377530421,20.76
721,1377530426,20.76
721,1377530431,20.76
721,1377530436,20.76
721,1377530441,20.76
721,1377530446,20.76
721,1377530451,20.76
721,1377530456,20.76
721,1377530461,20.76
721,1377530466,20.76
721,1377530471,20.76
721,1377530476,20.77
721,1377530481,20.77
721,1377530486,20.77
721,1377530491,20.77
721,1377530496,20.76
721,1377530501,20.78
721,1377530506,20.78
721,1377530511,20.77
721,1377530516,20.77
721,1377530521,20.78
721,1377530526,20.77
721,1377530531,20.78
721,1377530536,20.77
721,1377530541,20.77
721,1377530546,20.77
721,1377530551,20.77
721,1377530556,20.77
721,1377530561,20.78
721,1377530566,20.78
721,1377530571,20.78
721,1377530576,20.78
721,1377530581,20.78
721,1377530586,20.77
721,1377530591,20.77
721,1377530596,20.77
721,1377530601,20.77
721,1377530606,20.78
721,1377530611,20.76
721,1377530616,20.78
721,1377530621,20.77
721,1377530626,20.77
721,1377530631,20.77
721,1377530636,20.77
721,1377530641,20.76
721,1377530646,20.78
721,1377530651,20.77
721,1377530656,20.78
721,1377530661,20.78
721,1377530666,20.78
721,1377530671,20.77
721,1377530676,20.76
721,1377530681,20.78
721,1377530686,20.76
721,1377530691,20.77
721,1377530696,20.77
721,1377530701,20.78
721,1377530706,20.78
721,1377530711,20.79
721,1377530716,20.77
721,1377530721,20.78
721,1377530726,20.77
721,1377530731,20.76
721,1377530736,20.78
721,1377530741,20.78
721,1377530746,20.78
721,1377530751,20.77
721,1377530756,20.78
721,1377530761,20.77
721,1377530766,20.79
721,1377530771,20.78
721,1377530776,20.78
721,1377530781,20.77
721,1377530786,20.78
721,1377530794,20.78
721,1377530796,20.78
721,1377530801,20.78
721,1377530806,20.79
721,1377530811,20.78
721,1377530816,20.78
721,1377530821,20.77
721,1377530826,20.78
721,1377530831,20.78
721,1377530836,20.78
721,1377530841,20.78
721,1377530846,20.78
721,1377530851,20.77
721,1377530856,20.78
721,1377530861,20.78
721,1377530866,20.78
721,1377530871,20.78
721,1377530876,20.78
721,1377530881,20.78
721,1377530886,20.76
721,1377530891,20.78
721,1377530896,20.78
721,1377530901,20.77
721,1377530906,20.78
721,1377530911,20.78
721,1377530916,20.78
721,1377530921,20.78
721,1377530926,20.78
721,1377530931,20.78
721,1377530936,20.78
721,1377530941,20.78
721,1377530946,20.78
721,1377530951,20.77
721,1377530956,20.78
721,1377530961,20.77
721,1377530966,20.76
721,1377530971,20.77
721,1377530976,20.77
721,1377530981,20.78
721,1377530986,20.78
721,1377530991,20.78
721,1377530996,20.77
721,1377531001,20.78
721,1377531006,20.77
721,1377531011,20.77
721,1377531016,20.77
721,1377531021,20.78
721,1377531026,20.78
721,1377531031,20.77
721,1377531036,20.78
721,1377531041,20.78
721,1377531046,20.78
721,1377531051,20.78
721,1377531056,20.78
721,1377531061,20.77
721,1377531066,20.78
721,1377531071,20.78
721,1377531076,20.77
721,1377531081,20.78
721,1377531086,20.77
721,1377531091,20.77
721,1377531096,20.78
721,1377531101,20.78
721,1377531106,20.77
721,1377531111,20.78
721,1377531116,20.77
721,1377531121,20.77
721,1377531126,20.78
721,1377531131,20.78
721,1377531136,20.79
721,1377531141,20.78
721,1377531146,20.79
721,1377531151,20.79
721,1377531156,20.79
721,1377531161,20.78
721,1377531166,20.78
721,1377531171,20.78
721,1377531176,20.79
721,1377531181,20.77
721,1377531186,20.78
721,1377531191,20.79
721,1377531196,20.78
721,1377531201,20.79
721,1377531206,20.79
721,1377531211,20.77
721,1377531216,20.78
721,1377531221,20.77
721,1377531226,20.78
721,1377531231,20.78
721,1377531236,20.78
721,1377531241,20.77
721,1377531246,20.78
721,1377531251,20.78
721,1377531256,20.78
721,1377531261,20.79
721,1377531266,20.78
721,1377531271,20.78
721,1377531276,20.78
721,1377531281,20.78
721,1377531286,20.78
721,1377531291,20.78
721,1377531296,20.78
721,1377531301,20.78
721,1377531306,20.79
721,1377531311,20.8
721,1377531316,20.79
721,1377531321,20.8
721,1377531326,20.79
721,1377531331,20.78
721,1377531336,20.79
721,1377531341,20.79
721,1377531346,20.79
721,1377531351,20.78
721,1377531356,20.79
721,1377531361,20.8
721,1377531366,20.79
721,1377531371,20.78
721,1377531376,20.8
721,1377531381,20.8
721,1377531386,20.79
721,1377531391,20.79
721,1377531396,20.8
721,1377531401,20.8
721,1377531406,20.79
721,1377531411,20.78
721,1377531416,20.8
721,1377531421,20.8
721,1377531426,20.79
721,1377531431,20.8
721,1377531436,20.8
721,1377531441,20.79
721,1377531446,20.79
721,1377531451,20.81
721,1377531456,20.8
721,1377531461,20.8
721,1377531466,20.79
721,1377531471,20.8
721,1377531476,20.8
721,1377531481,20.8
721,1377531486,20.8
721,1377531491,20.8
721,1377531496,20.8
721,1377531501,20.8
721,1377531506,20.78
721,1377531511,20.8
721,1377531516,20.8
721,1377531521,20.81
721,1377531526,20.81
721,1377531531,20.8
721,1377531536,20.8
721,1377531541,20.8
721,1377531546,20.8
721,1377531551,20.8
721,1377531556,20.8
721,1377531561,20.8
721,1377531566,20.8
721,1377531571,20.8
721,1377531576,20.8
721,1377531581,20.8
721,1377531586,20.8
721,1377531591,20.81
721,1377531596,20.79
721,1377531601,20.8
721,1377531606,20.81
721,1377531611,20.81
721,1377531616,20.8
721,1377531621,20.8
721,1377531626,20.81
721,1377531631,20.81
721,1377531636,20.81
721,1377531641,20.81
721,1377531646,20.81
721,1377531651,20.81
721,1377531656,20.81
721,1377531661,20.8
721,1377531666,20.8
721,1377531671,20.8
721,1377531676,20.8
721,1377531681,20.8
721,1377531686,20.81
721,1377531691,20.8
721,1377531696,20.8
721,1377531701,20.81
721,1377531706,20.82
721,1377531711,20.81
721,1377531716,20.8
721,1377531721,20.82
721,1377531726,20.8
721,1377531731,20.82
721,1377531736,20.81
721,1377531741,20.81
721,1377531746,20.82
721,1377531751,20.81
721,1377531756,20.81
721,1377531761,20.82
721,1377531766,20.81
721,1377531771,20.81
721,1377531776,20.81
721,1377531781,20.81
721,1377531786,20.82
721,1377531791,20.8
721,1377531796,20.81
721,1377531801,20.82
721,1377531806,20.82
721,1377531811,20.81
721,1377531816,20.81
721,1377531821,20.8
721,1377531826,20.82
721,1377531831,20.82
721,1377531836,20.82
721,1377531841,20.83
721,1377531846,20.8
721,1377531851,20.82
721,1377531856,20.82
721,1377531861,20.82
721,1377531866,20.81
721,1377531871,20.8
721,1377531876,20.82
721,1377531881,20.82
721,1377531886,20.83
721,1377531891,20.82
721,1377531896,20.82
721,1377531901,20.81
721,1377531906,20.84
721,1377531911,20.82
721,1377531916,20.83
721,1377531921,20.82
721,1377531926,20.82
721,1377531931,20.82
721,1377531936,20.83
721,1377531941,20.84
721,1377531946,20.83
721,1377531951,20.84
721,1377531956,20.83
721,1377531961,20.83
721,1377531966,20.83
721,1377531971,20.83
721,1377531976,20.82
721,1377531981,20.82
721,1377531986,20.82
721,1377531991,20.83
721,1377531996,20.82
721,1377532001,20.82
721,1377532006,20.82
721,1377532011,20.82
721,1377532016,20.82
721,1377532021,20.83
721,1377532026,20.84
721,1377532031,20.83
721,1377532036,20.82
721,1377532041,20.82
721,1377532046,20.83
721,1377532051,20.83
721,1377532056,20.82
721,1377532061,20.82
721,1377532066,20.83
721,1377532071,20.84
721,1377532076,20.84
721,1377532081,20.83
721,1377532086,20.84
721,1377532091,20.84
721,1377532096,20.84
721,1377532101,20.83
721,1377532106,20.84
721,1377532111,20.84
721,1377532116,20.84
721,1377532121,20.83
721,1377532126,20.83
721,1377532131,20.84
721,1377532136,20.83
721,1377532141,20.82
721,1377532146,20.84
721,1377532151,20.85
721,1377532156,20.84
721,1377532161,20.83
721,1377532166,20.84
721,1377532171,20.84
721,1377532176,20.82
721,1377532181,20.83
721,1377532186,20.83
721,1377532191,20.84
721,1377532196,20.84
721,1377532201,20.84
721,1377532206,20.83
721,1377532211,20.84
721,1377532216,20.84
721,1377532221,20.84
721,1377532226,20.83
721,1377532231,20.84
721,1377532236,20.84
721,1377532241,20.84
721,1377532246,20.84
721,1377532251,20.84
721,1377532256,20.84
721,1377532261,20.85
721,1377532266,20.84
721,1377532271,20.83
721,1377532276,20.84
721,1377532281,20.83
721,1377532286,20.83
721,1377532291,20.83
721,1377532296,20.84
721,1377532301,20.85
721,1377532306,20.84
721,1377532311,20.85
721,1377532316,20.84
721,1377532321,20.85
721,1377532326,20.85
721,1377532331,20.85
721,1377532336,20.84
721,1377532341,20.83
721,1377532346,20.85
721,1377532351,20.85
721,1377532356,20.84
721,1377532361,20.84
721,1377532366,20.85
721,1377532371,20.86
721,1377532376,20.84
721,1377532381,20.85
721,1377532386,20.85
721,1377532391,20.86
721,1377532396,20.85
721,1377532401,20.85
721,1377532406,20.86
721,1377532411,20.86
721,1377532416,20.84
721,1377532421,20.85
721,1377532426,20.86
721,1377532431,20.85
721,1377532436,20.86
721,1377532441,20.86
721,1377532446,20.86
721,1377532451,20.86
721,1377532456,20.87
721,1377532461,20.86
721,1377532466,20.86
721,1377532471,20.86
721,1377532476,20.85
721,1377532481,20.86
721,1377532486,20.86
721,1377532491,20.85
721,1377532496,20.84
721,1377532501,20.85
721,1377532506,20.86
721,1377532511,20.87
721,1377532516,20.86
721,1377532521,20.85
721,1377532526,20.85
721,1377532531,20.85
721,1377532539,20.86
721,1377532541,20.84
721,1377532546,20.86
721,1377532551,20.87
721,1377532556,20.86
721,1377532561,20.86
721,1377532566,20.86
721,1377532571,20.86
721,1377532576,20.86
721,1377532581,20.87
721,1377532586,20.86
721,1377532591,20.86
721,1377532596,20.86
721,1377532601,20.87
721,1377532606,20.86
721,1377532611,20.86
721,1377532616,20.86
721,1377532621,20.86
721,1377532626,20.86
721,1377532631,20.87
721,1377532636,20.86
721,1377532641,20.87
721,1377532646,20.86
721,1377532651,20.87
721,1377532656,20.87
721,1377532661,20.86
721,1377532666,20.87
721,1377532671,20.87
721,1377532676,20.86
721,1377532681,20.87
721,1377532686,20.87
721,1377532691,20.86
721,1377532696,20.87
721,1377532701,20.86
721,1377532706,20.87
721,1377532711,20.87
721,1377532716,20.87
721,1377532721,20.86
721,1377532726,20.86
721,1377532731,20.87
721,1377532736,20.88
721,1377532741,20.86
721,1377532746,20.88
721,1377532751,20.88
721,1377532756,20.87
721,1377532761,20.88
721,1377532766,20.86
721,1377532771,20.87
721,1377532776,20.87
721,1377532781,20.87
721,1377532786,20.88
721,1377532791,20.88
721,1377532796,20.86
721,1377532801,20.87
721,1377532806,20.87
721,1377532811,20.88
721,1377532816,20.88
721,1377532821,20.88
721,1377532826,20.87
721,1377532831,20.87
721,1377532836,20.87
721,1377532841,20.88
721,1377532846,20.87
721,1377532851,20.88
721,1377532856,20.88
721,1377532861,20.89
721,1377532866,20.88
721,1377532871,20.88
721,1377532876,20.88
721,1377532881,20.88
721,1377532886,20.88
721,1377532891,20.88
721,1377532896,20.88
721,1377532901,20.86
721,1377532906,20.87
721,1377532911,20.88
721,1377532916,20.89
721,1377532921,20.89
721,1377532926,20.88
721,1377532931,20.88
721,1377532936,20.88
721,1377532941,20.89
721,1377532946,20.89
721,1377532951,20.88
721,1377532956,20.88
721,1377532961,20.89
721,1377532966,20.88
721,1377532971,20.88
721,1377532976,20.89
721,1377532981,20.89
721,1377532986,20.89
721,1377532991,20.9
721,1377532996,20.9
721,1377533001,20.89
721,1377533006,20.9
721,1377533011,20.9
721,1377533016,20.91
721,1377533021,20.9
721,1377533026,20.89
721,1377533031,20.9
721,1377533036,20.9
721,1377533041,20.9
721,1377533046,20.89
721,1377533051,20.9
721,1377533056,20.9
721,1377533061,20.9
721,1377533066,20.91
721,1377533071,20.89
721,1377533076,20.9
721,1377533081,20.9
721,1377533086,20.9
721,1377533091,20.9
721,1377533096,20.91
721,1377533101,20.9
721,1377533106,20.9
721,1377533111,20.91
721,1377533116,20.91
721,1377533121,20.9
721,1377533126,20.91
721,1377533131,20.9
721,1377533136,20.92
721,1377533141,20.9
721,1377533146,20.91
721,1377533151,20.92
721,1377533156,20.9
721,1377533161,20.91
721,1377533166,20.9
721,1377533171,20.9
721,1377533176,20.9
721,1377533181,20.91
721,1377533186,20.92
721,1377533191,20.9
721,1377533196,20.92
721,1377533201,20.91
721,1377533206,20.9
721,1377533211,20.9
721,1377533216,20.9
721,1377533221,20.91
721,1377533226,20.9
721,1377533231,20.91
721,1377533236,20.92
721,1377533241,20.91
721,1377533246,20.91
721,1377533251,20.92
721,1377533256,20.92
721,1377533261,20.91
721,1377533266,20.92
721,1377533271,20.92
721,1377533276,20.92
721,1377533281,20.91
721,1377533286,20.92
721,1377533291,20.92
721,1377533296,20.92
721,1377533301,20.92
721,1377533306,20.92
721,1377533311,20.91
721,1377533316,20.92
721,1377533321,20.92
721,1377533326,20.92
721,1377533331,20.91
721,1377533336,20.92
721,1377533341,20.91
721,1377533346,20.92
721,1377533351,20.92
721,1377533356,20.92
721,1377533361,20.92
721,1377533366,20.93
721,1377533371,20.92
721,1377533376,20.92
721,1377533381,20.92
721,1377533386,20.92
721,1377533394,20.92
721,1377533396,20.93
721,1377533401,20.93
721,1377533406,20.93
721,1377533411,20.92
721,1377533416,20.93
721,1377533421,20.93
721,1377533426,20.92
721,1377533431,20.92
721,1377533436,20.93
721,1377533441,20.94
721,1377533446,20.93
721,1377533451,20.93
721,1377533456,20.94
721,1377533461,20.93
721,1377533466,20.94
721,1377533471,20.93
721,1377533476,20.93
721,1377533481,20.94
721,1377533486,20.94
721,1377533491,20.93
721,1377533496,20.93
721,1377533501,20.94
721,1377533506,20.94
721,1377533511,20.94
721,1377533516,20.93
721,1377533521,20.94
721,1377533526,20.95
721,1377533531,20.94
721,1377533536,20.94
721,1377533541,20.94
721,1377533546,20.94
721,1377533551,20.92
721,1377533556,20.95
721,1377533561,20.95
721,1377533566,20.94
721,1377533571,20.94
721,1377533576,20.95
721,1377533581,20.95
721,1377533586,20.94
721,1377533591,20.94
721,1377533596,20.94
721,1377533601,20.95
721,1377533606,20.94
721,1377533611,20.94
721,1377533616,20.94
721,1377533621,20.96
721,1377533626,20.94
721,1377533631,20.94
721,1377533636,20.95
721,1377533641,20.94
721,1377533646,20.94
721,1377533651,20.96
721,1377533656,20.95
721,1377533661,20.95
721,1377533666,20.95
721,1377533671,20.96
721,1377533676,20.96
721,1377533681,20.96
721,1377533686,20.96
721,1377533691,20.96
721,1377533696,20.95
721,1377533701,20.94
721,1377533706,20.96
721,1377533711,20.96
721,1377533716,20.96
721,1377533721,20.96
721,1377533726,20.96
721,1377533731,20.95
721,1377533736,20.95
721,1377533741,20.95
721,1377533746,20.95
721,1377533751,20.95
721,1377533756,20.96
721,1377533761,20.94
721,1377533766,20.96
721,1377533771,20.94
721,1377533776,20.95
721,1377533781,20.95
721,1377533786,20.96
721,1377533791,20.95
721,1377533796,20.96
721,1377533801,20.95
721,1377533806,20.96
721,1377533811,20.96
721,1377533816,20.95
721,1377533821,20.96
721,1377533826,20.96
721,1377533831,20.97
721,1377533836,20.96
721,1377533841,20.96
721,1377533846,20.95
721,1377533851,20.95
721,1377533856,20.96
721,1377533861,20.96
721,1377533866,20.96
721,1377533871,20.97
721,1377533876,20.96
721,1377533881,20.97
721,1377533886,20.95
721,1377533891,20.96
721,1377533896,20.96
721,1377533901,20.96
721,1377533906,20.95
721,1377533911,20.97
721,1377533916,20.96
721,1377533921,20.95
721,1377533926,20.95
721,1377533931,20.96
721,1377533936,20.96
721,1377533941,20.96
721,1377533946,20.97
721,1377533951,20.96
721,1377533956,20.97
721,1377533961,20.97
721,1377533966,20.97
721,1377533971,20.96
721,1377533976,20.96
721,1377533981,20.96
721,1377533986,20.96
721,1377533991,20.96
721,1377533996,20.96
721,1377534001,20.97
721,1377534006,20.95
721,1377534011,20.95
721,1377534016,20.96
721,1377534021,20.96
721,1377534026,20.96
721,1377534031,20.97
721,1377534036,20.97
721,1377534041,20.96
721,1377534046,20.96
721,1377534051,20.96
721,1377534056,20.96
721,1377534061,20.96
721,1377534066,20.96
721,1377534071,20.96
721,1377534076,20.96
721,1377534081,20.98
721,1377534086,20.97
721,1377534091,20.97
721,1377534096,20.98
721,1377534101,20.98
721,1377534106,20.97
721,1377534111,20.97
721,1377534116,20.97
721,1377534121,20.97
721,1377534126,20.98
721,1377534131,20.97
721,1377534136,20.97
721,1377534141,20.98
721,1377534146,20.98
721,1377534151,20.97
721,1377534156,20.98
721,1377534161,20.98
721,1377534166,20.98
721,1377534171,20.98
721,1377534176,20.98
721,1377534181,20.98
721,1377534186,20.98
721,1377534191,20.99
721,1377534196,20.99
721,1377534201,20.98
721,1377534206,20.99
721,1377534211,20.98
721,1377534216,20.99
721,1377534221,20.99
721,1377534226,20.99
721,1377534231,20.98
721,1377534236,20.99
721,1377534241,20.98
721,1377534246,21.0
721,1377534251,20.99
721,1377534257,20.99
721,1377534261,20.98
721,1377534266,21.0
721,1377534271,20.99
721,1377534276,21.0
721,1377534281,20.98
721,1377534286,20.99
721,1377534291,20.98
721,1377534296,20.99
721,1377534301,20.99
721,1377534306,20.99
721,1377534311,20.99
721,1377534316,20.99
721,1377534321,20.99
721,1377534326,21.0
721,1377534331,21.0
721,1377534336,21.0
721,1377534341,21.0
721,1377534346,21.0
721,1377534351,21.0
721,1377534356,20.99
721,1377534361,20.99
721,1377534366,21.0
721,1377534371,21.0
721,1377534376,21.0
721,1377534381,21.0
721,1377534386,21.0
721,1377534391,21.0
721,1377534396,21.0
721,1377534401,21.0
721,1377534406,21.0
721,1377534411,21.0
721,1377534416,21.0
721,1377534421,21.01
721,1377534426,21.01
721,1377534431,21.01
721,1377534436,21.01
721,1377534441,21.0
721,1377534446,21.01
721,1377534451,21.0
721,1377534456,21.01
721,1377534461,21.0
721,1377534466,21.02
721,1377534471,21.01
721,1377534476,21.0
721,1377534481,21.01
721,1377534486,21.01
721,1377534491,21.01
721,1377534496,21.01
721,1377534501,21.01
721,1377534506,21.01
721,1377534511,21.01
721,1377534516,21.0
721,1377534521,21.01
721,1377534526,21.01
721,1377534531,21.0
721,1377534536,21.01
721,1377534541,21.01
721,1377534546,21.02
721,1377534551,21.0
721,1377534556,21.02
721,1377534561,21.02
721,1377534566,21.02
721,1377534571,21.02
721,1377534576,21.02
721,1377534581,21.01
721,1377534586,21.02
721,1377534591,21.02
721,1377534596,21.0
721,1377534601,21.01
721,1377534606,21.01
721,1377534611,21.01
721,1377534616,21.02
721,1377534621,21.02
721,1377534626,21.01
721,1377534631,21.0
721,1377534636,21.02
721,1377534641,21.02
721,1377534646,21.02
721,1377534651,21.01
721,1377534656,21.02
721,1377534661,21.03
721,1377534666,21.02
721,1377534671,21.02
721,1377534676,21.02
721,1377534681,21.02
721,1377534686,21.02
721,1377534691,21.02
721,1377534696,21.03
721,1377534701,21.02
721,1377534706,21.03
721,1377534711,21.02
721,1377534716,21.03
721,1377534721,21.03
721,1377534726,21.03
721,1377534731,21.03
721,1377534736,21.03
721,1377534741,21.02
721,1377534746,21.02
721,1377534751,21.03
721,1377534756,21.03
721,1377534761,21.03
721,1377534766,21.02
721,1377534771,21.03
721,1377534776,21.03
721,1377534781,21.03
721,1377534786,21.04
721,1377534791,21.04
721,1377534796,21.03
721,1377534801,21.04
721,1377534806,21.04
721,1377534811,21.04
721,1377534816,21.03
721,1377534821,21.04
721,1377534826,21.04
721,1377534831,21.04
721,1377534836,21.04
721,1377534841,21.04
721,1377534846,21.04
721,1377534851,21.06
721,1377534856,21.05
721,1377534861,21.05
721,1377534866,21.05
721,1377534871,21.05
721,1377534876,21.05
721,1377534881,21.04
721,1377534886,21.05
721,1377534891,21.05
721,1377534896,21.04
721,1377534901,21.06
721,1377534906,21.05
721,1377534911,21.06
721,1377534916,21.06
721,1377534921,21.04
721,1377534926,21.05
721,1377534931,21.04
721,1377534936,21.05
721,1377534941,21.05
721,1377534946,21.06
721,1377534951,21.04
721,1377534956,21.05
721,1377534961,21.06
721,1377534966,21.05
721,1377534971,21.05
721,1377534976,21.05
721,1377534981,21.06
721,1377534986,21.04
721,1377534991,21.05
721,1377534996,21.06
721,1377535001,21.06
721,1377535006,21.06
721,1377535011,21.06
721,1377535016,21.05
721,1377535021,21.06
721,1377535026,21.06
721,1377535031,21.06
721,1377535036,21.05
721,1377535041,21.06
721,1377535046,21.06
721,1377535051,21.06
721,1377535056,21.06
721,1377535061,21.05
721,1377535066,21.06
721,1377535071,21.06
721,1377535076,21.06
721,1377535081,21.06
721,1377535086,21.06
721,1377535091,21.06
721,1377535096,21.06
721,1377535101,21.07
721,1377535106,21.06
721,1377535111,21.06
721,1377535116,21.07
721,1377535121,21.06
721,1377535130,21.06
721,1377535131,21.06
721,1377535136,21.06
721,1377535141,21.06
721,1377535146,21.07
721,1377535151,21.06
721,1377535156,21.08
721,1377535161,21.07
721,1377535166,21.07
721,1377535171,21.06
721,1377535176,21.08
721,1377535181,21.06
721,1377535186,21.06
721,1377535191,21.06
721,1377535196,21.06
721,1377535201,21.08
721,1377535206,21.08
721,1377535211,21.07
721,1377535216,21.08
721,1377535221,21.08
721,1377535226,21.08
721,1377535231,21.09
721,1377535236,21.08
721,1377535241,21.08
721,1377535246,21.08
721,1377535251,21.07
721,1377535256,21.07
721,1377535261,21.08
721,1377535266,21.08
721,1377535271,21.08
721,1377535276,21.08
721,1377535281,21.07
721,1377535286,21.09
721,1377535291,21.08
721,1377535296,21.08
721,1377535301,21.09
721,1377535306,21.09
721,1377535311,21.09
721,1377535316,21.08
721,1377535321,21.07
721,1377535326,21.08
721,1377535331,21.08
721,1377535336,21.09
721,1377535341,21.08
721,1377535346,21.09
721,1377535351,21.09
721,1377535356,21.08
721,1377535361,21.09
721,1377535366,21.09
721,1377535371,21.1
721,1377535376,21.09
721,1377535381,21.1
721,1377535386,21.09
721,1377535391,21.09
721,1377535396,21.1
721,1377535401,21.1
721,1377535406,21.09
721,1377535411,21.09
721,1377535416,21.11
721,1377535421,21.1
721,1377535426,21.1
721,1377535431,21.08
721,1377535436,21.11
721,1377535441,21.09
721,1377535446,21.1
721,1377535451,21.1
721,1377535456,21.1
721,1377535461,21.1
721,1377535466,21.1
721,1377535471,21.1
721,1377535476,21.1
721,1377535481,21.09
721,1377535486,21.1
721,1377535491,21.09
721,1377535496,21.11
721,1377535501,21.1
721,1377535506,21.09
721,1377535511,21.1
721,1377535516,21.1
721,1377535521,21.1
721,1377535526,21.09
721,1377535531,21.09
721,1377535536,21.09
721,1377535541,21.1
721,1377535546,21.09
721,1377535551,21.09
721,1377535556,21.08
721,1377535561,21.1
721,1377535566,21.09
721,1377535571,21.1
721,1377535576,21.09
721,1377535581,21.09
721,1377535586,21.1
721,1377535591,21.09
721,1377535596,21.1
721,1377535601,21.1
721,1377535606,21.1
721,1377535611,21.1
721,1377535616,21.1
721,1377535621,21.11
721,1377535626,21.11
721,1377535631,21.1
721,1377535636,21.11
721,1377535641,21.11
721,1377535646,21.11
721,1377535651,21.11
721,1377535656,21.11
721,1377535661,21.1
721,1377535666,21.12
721,1377535671,21.11
721,1377535676,21.11
721,1377535681,21.12
721,1377535686,21.12
721,1377535691,21.11
721,1377535696,21.11
721,1377535701,21.12
721,1377535706,21.11
721,1377535711,21.12
721,1377535716,21.11
721,1377535721,21.11
721,1377535726,21.11
721,1377535731,21.11
721,1377535736,21.12
721,1377535741,21.11
721,1377535746,21.12
721,1377535751,21.11
721,1377535756,21.11
721,1377535761,21.11
721,1377535766,21.11
721,1377535771,21.11
721,1377535776,21.12
721,1377535781,21.13
721,1377535786,21.12
721,1377535791,21.12
721,1377535796,21.13
721,1377535801,21.13
721,1377535806,21.13
721,1377535811,21.12
721,1377535816,21.12
721,1377535821,21.12
721,1377535826,21.12
721,1377535831,21.12
721,1377535836,21.12
721,1377535841,21.12
721,1377535846,21.13
721,1377535851,21.12
721,1377535856,21.12
721,1377535861,21.13
721,1377535866,21.12
721,1377535871,21.13
721,1377535876,21.13
721,1377535881,21.13
721,1377535886,21.13
721,1377535891,21.12
721,1377535896,21.12
721,1377535901,21.14
721,1377535906,21.12
721,1377535911,21.14
721,1377535916,21.13
721,1377535921,21.13
721,1377535926,21.13
721,1377535931,21.13
721,1377535936,21.14
721,1377535941,21.14
721,1377535946,21.14
721,1377535951,21.13
721,1377535956,21.14
721,1377535961,21.14
721,1377535966,21.14
721,1377535974,21.14
721,1377535976,21.14
721,1377535981,21.13
721,1377535986,21.13
721,1377535991,21.13
721,1377535996,21.14
721,1377536001,21.14
721,1377536006,21.13
721,1377536011,21.14
721,1377536016,21.13
721,1377536021,21.14
721,1377536026,21.14
721,1377536031,21.13
721,1377536036,21.14
721,1377536041,21.13
721,1377536046,21.14
721,1377536051,21.12
721,1377536056,21.14
721,1377536061,21.13
721,1377536066,21.14
721,1377536071,21.14
721,1377536076,21.14
721,1377536081,21.15
721,1377536086,21.13
721,1377536091,21.14
721,1377536096,21.14
721,1377536101,21.14
721,1377536106,21.14
721,1377536111,21.14
721,1377536116,21.14
721,1377536121,21.14
721,1377536126,21.14
721,1377536131,21.14
721,1377536136,21.15
721,1377536141,21.14
721,1377536146,21.14
721,1377536151,21.14
721,1377536156,21.14
721,1377536161,21.15
721,1377536166,21.14
721,1377536171,21.15
721,1377536176,21.15
721,1377536181,21.16
721,1377536186,21.15
721,1377536191,21.15
721,1377536196,21.15
721,1377536201,21.16
721,1377536206,21.14
721,1377536211,21.14
721,1377536216,21.15
721,1377536221,21.14
721,1377536226,21.15
721,1377536231,21.15
721,1377536236,21.16
721,1377536241,21.16
721,1377536246,21.16
721,1377536251,21.16
721,1377536256,21.15
721,1377536261,21.16
721,1377536266,21.15
721,1377536271,21.16
721,1377536276,21.16
721,1377536281,21.16
721,1377536286,21.16
721,1377536291,21.16
721,1377536296,21.16
721,1377536301,21.16
721,1377536306,21.17
721,1377536311,21.16
721,1377536316,21.16
721,1377536321,21.16
721,1377536326,21.17
721,1377536331,21.16
721,1377536336,21.17
721,1377536341,21.16
721,1377536346,21.16
721,1377536351,21.15
721,1377536356,21.16
721,1377536361,21.16
721,1377536366,21.16
721,1377536371,21.17
721,1377536376,21.17
721,1377536381,21.17
721,1377536386,21.16
721,1377536391,21.17
721,1377536396,21.17
721,1377536401,21.17
721,1377536406,21.17
721,1377536411,21.17
721,1377536416,21.18
721,1377536421,21.17
721,1377536426,21.18
721,1377536431,21.18
721,1377536436,21.18
721,1377536441,21.17
721,1377536446,21.17
721,1377536451,21.17
721,1377536456,21.18
721,1377536461,21.17
721,1377536466,21.18
721,1377536471,21.18
721,1377536476,21.18
721,1377536481,21.17
721,1377536486,21.18
721,1377536491,21.19
721,1377536496,21.18
721,1377536501,21.18
721,1377536506,21.18
721,1377536511,21.18
721,1377536516,21.18
721,1377536521,21.18
721,1377536526,21.18
721,1377536531,21.18
721,1377536536,21.18
721,1377536541,21.18
721,1377536546,21.19
721,1377536551,21.19
721,1377536556,21.19
721,1377536561,21.18
721,1377536566,21.18
721,1377536571,21.19
721,1377536576,21.18
721,1377536581,21.19
721,1377536586,21.19
721,1377536591,21.18
721,1377536596,21.19
721,1377536601,21.18
721,1377536606,21.19
721,1377536611,21.19
721,1377536616,21.18
721,1377536621,21.18
721,1377536626,21.2
721,1377536631,21.19
721,1377536636,21.19
721,1377536641,21.2
721,1377536646,21.19
721,1377536651,21.2
721,1377536656,21.19
721,1377536661,21.2
721,1377536666,21.2
721,1377536671,21.2
721,1377536676,21.2
721,1377536681,21.19
721,1377536686,21.2
721,1377536691,21.2
721,1377536696,21.21
721,1377536701,21.19
721,1377536706,21.2
721,1377536711,21.19
721,1377536716,21.2
721,1377536721,21.2
721,1377536726,21.21
721,1377536731,21.19
721,1377536736,21.2
721,1377536741,21.2
721,1377536746,21.2
721,1377536751,21.2
721,1377536756,21.2
721,1377536761,21.2
721,1377536766,21.21
721,1377536771,21.2
721,1377536776,21.2
721,1377536781,21.2
721,1377536786,21.21
721,1377536791,21.22
721,1377536796,21.2
721,1377536801,21.21
721,1377536806,21.2
721,1377536811,21.21
721,1377536816,21.21
721,1377536825,21.21
721,1377536826,21.2
721,1377536831,21.21
721,1377536836,21.2
721,1377536841,21.2
721,1377536846,21.2
721,1377536851,21.22
721,1377536856,21.21
721,1377536861,21.22
721,1377536866,21.21
721,1377536871,21.2
721,1377536876,21.21
721,1377536881,21.2
721,1377536886,21.21
721,1377536891,21.21
721,1377536896,21.21
721,1377536901,21.2
721,1377536906,21.21
721,1377536911,21.21
721,1377536916,21.21
721,1377536921,21.21
721,1377536926,21.21
721,1377536931,21.21
721,1377536936,21.21
721,1377536941,21.2
721,1377536946,21.22
721,1377536951,21.21
721,1377536956,21.2
721,1377536961,21.2
721,1377536966,21.22
721,1377536971,21.21
721,1377536976,21.22
721,1377536981,21.22
721,1377536986,21.21
721,1377536991,21.21
721,1377536996,21.22
721,1377537001,21.21
721,1377537006,21.21
721,1377537011,21.21
721,1377537016,21.21
721,1377537021,21.22
721,1377537026,21.22
721,1377537031,21.22
721,1377537036,21.22
721,1377537041,21.22
721,1377537046,21.21
721,1377537051,21.22
721,1377537056,21.22
721,1377537061,21.22
721,1377537066,21.22
721,1377537071,21.22
721,1377537076,21.22
721,1377537081,21.23
721,1377537086,21.22
721,1377537091,21.22
721,1377537096,21.23
721,1377537101,21.23
721,1377537106,21.22
721,1377537111,21.22
721,1377537116,21.23
721,1377537121,21.24
721,1377537126,21.24
721,1377537131,21.23
721,1377537136,21.22
721,1377537141,21.24
721,1377537146,21.22
721,1377537151,21.23
721,1377537156,21.22
721,1377537161,21.23
721,1377537166,21.23
721,1377537171,21.22
721,1377537176,21.24
721,1377537181,21.22
721,1377537186,21.23
721,1377537191,21.23
721,1377537196,21.23
721,1377537201,21.23
721,1377537206,21.23
721,1377537211,21.24
721,1377537216,21.22
721,1377537221,21.22
721,1377537226,21.22
721,1377537231,21.23
721,1377537236,21.25
721,1377537241,21.24
721,1377537246,21.23
721,1377537251,21.24
721,1377537256,21.24
721,1377537261,21.24
721,1377537266,21.22
721,1377537271,21.24
721,1377537276,21.22
721,1377537281,21.24
721,1377537286,21.25
721,1377537291,21.25
721,1377537296,21.24
721,1377537301,21.24
721,1377537306,21.24
721,1377537311,21.25
721,1377537316,21.24
721,1377537321,21.25
721,1377537326,21.24
721,1377537331,21.24
721,1377537336,21.24
721,1377537341,21.24
721,1377537346,21.24
721,1377537351,21.24
721,1377537356,21.25
721,1377537361,21.25
721,1377537366,21.24
721,1377537371,21.25
721,1377537376,21.26
721,1377537381,21.24
721,1377537386,21.26
721,1377537391,21.25
721,1377537396,21.26
721,1377537401,21.26
721,1377537406,21.26
721,1377537411,21.25
721,1377537416,21.27
721,1377537421,21.26
721,1377537426,21.27
721,1377537431,21.26
721,1377537436,21.27
721,1377537441,21.26
721,1377537446,21.26
721,1377537451,21.26
721,1377537456,21.26
721,1377537461,21.26
721,1377537466,21.26
721,1377537471,21.26
721,1377537476,21.27
721,1377537481,21.27
721,1377537486,21.27
721,1377537491,21.28
721,1377537496,21.28
721,1377537501,21.28
721,1377537506,21.26
721,1377537511,21.28
721,1377537516,21.27
721,1377537521,21.28
721,1377537526,21.28
721,1377537531,21.28
721,1377537536,21.28
721,1377537541,21.3
721,1377537546,21.29
721,1377537551,21.29
721,1377537556,21.28
721,1377537561,21.3
721,1377537566,21.28
721,1377537571,21.3
721,1377537576,21.29
721,1377537581,21.29
721,1377537586,21.29
721,1377537591,21.28
721,1377537596,21.3
721,1377537601,21.3
721,1377537606,21.3
721,1377537611,21.3
721,1377537616,21.3
721,1377537621,21.31
721,1377537626,21.3
721,1377537631,21.29
721,1377537636,21.29
721,1377537641,21.3
721,1377537646,21.3
721,1377537651,21.3
721,1377537656,21.3
721,1377537661,21.3
721,1377537666,21.3
721,1377537671,21.32
721,1377537676,21.31
721,1377537681,21.32
721,1377537686,21.32
721,1377537695,21.3
721,1377537696,21.3
721,1377537701,21.3
721,1377537706,21.31
721,1377537711,21.33
721,1377537716,21.31
721,1377537721,21.32
721,1377537726,21.32
721,1377537731,21.32
721,1377537736,21.32
721,1377537741,21.32
721,1377537746,21.32
721,1377537751,21.34
721,1377537756,21.33
721,1377537761,21.33
721,1377537766,21.33
721,1377537771,21.34
721,1377537776,21.34
721,1377537781,21.34
721,1377537786,21.34
721,1377537791,21.33
721,1377537796,21.33
721,1377537801,21.34
721,1377537806,21.33
721,1377537811,21.35
721,1377537816,21.33
721,1377537821,21.34
721,1377537826,21.34
721,1377537831,21.34
721,1377537836,21.34
721,1377537841,21.34
721,1377537846,21.32
721,1377537851,21.34
721,1377537856,21.35
721,1377537861,21.35
721,1377537866,21.35
721,1377537871,21.34
721,1377537876,21.35
721,1377537881,21.36
721,1377537886,21.35
721,1377537891,21.35
721,1377537896,21.36
721,1377537901,21.35
721,1377537906,21.35
721,1377537911,21.36
721,1377537916,21.36
721,1377537921,21.36
721,1377537926,21.36
721,1377537931,21.36
721,1377537936,21.36
721,1377537941,21.36
721,1377537946,21.36
721,1377537951,21.36
721,1377537956,21.37
721,1377537961,21.37
721,1377537966,21.37
721,1377537971,21.37
721,1377537976,21.38
721,1377537981,21.38
721,1377537986,21.37
721,1377537991,21.38
721,1377537996,21.38
721,1377538001,21.37
721,1377538006,21.38
721,1377538011,21.38
721,1377538016,21.38
721,1377538021,21.38
721,1377538026,21.38
721,1377538031,21.38
721,1377538036,21.38
721,1377538041,21.38
721,1377538046,21.4
721,1377538051,21.38
721,1377538056,21.38
721,1377538061,21.39
721,1377538066,21.4
721,1377538071,21.38
721,1377538076,21.4
721,1377538081,21.4
721,1377538086,21.4
721,1377538091,21.4
721,1377538096,21.4
721,1377538101,21.4
721,1377538106,21.41
721,1377538111,21.4
721,1377538116,21.4
721,1377538121,21.4
721,1377538126,21.4
721,1377538131,21.4
721,1377538136,21.4
721,1377538141,21.41
721,1377538146,21.41
721,1377538151,21.42
721,1377538156,21.42
721,1377538161,21.42
721,1377538166,21.41
721,1377538171,21.42
721,1377538176,21.41
721,1377538181,21.42
721,1377538186,21.42
721,1377538191,21.42
721,1377538196,21.42
721,1377538201,21.43
721,1377538206,21.42
721,1377538211,21.42
721,1377538216,21.42
721,1377538221,21.43
721,1377538226,21.43
721,1377538231,21.43
721,1377538236,21.44
721,1377538241,21.44
721,1377538246,21.44
721,1377538251,21.43
721,1377538256,21.44
721,1377538261,21.44
721,1377538266,21.43
721,1377538271,21.44
721,1377538276,21.44
721,1377538281,21.44
721,1377538286,21.44
721,1377538291,21.45
721,1377538296,21.44
721,1377538301,21.44
721,1377538306,21.44
721,1377538311,21.44
721,1377538316,21.44
721,1377538321,21.44
721,1377538326,21.44
721,1377538331,21.45
721,1377538336,21.44
721,1377538341,21.45
721,1377538346,21.45
721,1377538351,21.46
721,1377538356,21.46
721,1377538361,21.45
721,1377538366,21.46
721,1377538371,21.46
721,1377538376,21.46
721,1377538381,21.46
721,1377538386,21.46
721,1377538391,21.46
721,1377538396,21.46
721,1377538401,21.46
721,1377538406,21.47
721,1377538411,21.46
721,1377538416,21.47
721,1377538421,21.47
721,1377538426,21.47
721,1377538431,21.46
721,1377538436,21.46
721,1377538441,21.47
721,1377538446,21.48
721,1377538451,21.48
721,1377538456,21.48
721,1377538461,21.48
721,1377538466,21.49
721,1377538471,21.48
721,1377538476,21.48
721,1377538481,21.48
721,1377538486,21.48
721,1377538491,21.48
721,1377538496,21.48
721,1377538501,21.49
721,1377538506,21.48
721,1377538511,21.47
721,1377538516,21.48
721,1377538521,21.48
721,1377538526,21.49
721,1377538531,21.48
721,1377538536,21.49
721,1377538541,21.5
721,1377538546,21.49
721,1377538551,21.49
721,1377538556,21.49
721,1377538561,21.5
721,1377538570,21.5
721,1377538571,21.5
721,1377538576,21.5
721,1377538581,21.5
721,1377538586,21.5
721,1377538591,21.51
721,1377538596,21.5
721,1377538601,21.5
721,1377538606,21.51
721,1377538611,21.5
721,1377538616,21.51
721,1377538621,21.5
721,1377538626,21.5
721,1377538631,21.52
721,1377538636,21.51
721,1377538641,21.52
721,1377538646,21.52
721,1377538651,21.51
721,1377538656,21.52
721,1377538661,21.51
721,1377538666,21.52
721,1377538671,21.5
721,1377538676,21.5
721,1377538681,21.5
721,1377538686,21.51
721,1377538691,21.52
721,1377538696,21.53
721,1377538701,21.52
721,1377538706,21.52
721,1377538711,21.52
721,1377538716,21.52
721,1377538721,21.52
721,1377538726,21.53
721,1377538731,21.53
721,1377538736,21.53
721,1377538741,21.53
721,1377538746,21.53
721,1377538751,21.52
721,1377538756,21.53
721,1377538761,21.53
721,1377538766,21.54
721,1377538771,21.52
721,1377538776,21.54
721,1377538781,21.54
721,1377538786,21.54
721,1377538791,21.53
721,1377538796,21.55
721,1377538801,21.54
721,1377538806,21.54
721,1377538811,21.53
721,1377538816,21.53
721,1377538821,21.54
721,1377538826,21.54
721,1377538831,21.54
721,1377538836,21.54
721,1377538841,21.54
721,1377538846,21.54
721,1377538851,21.56
721,1377538856,21.54
721,1377538861,21.55
721,1377538866,21.55
721,1377538871,21.56
721,1377538876,21.55
721,1377538881,21.56
721,1377538886,21.55
721,1377538891,21.56
721,1377538896,21.56
721,1377538901,21.56
721,1377538906,21.56
721,1377538911,21.56
721,1377538916,21.56
721,1377538921,21.56
721,1377538926,21.56
721,1377538931,21.56
721,1377538936,21.56
721,1377538941,21.56
721,1377538946,21.56
721,1377538951,21.57
721,1377538956,21.57
721,1377538961,21.58
721,1377538966,21.58
721,1377538971,21.57
721,1377538976,21.57
721,1377538981,21.58
721,1377538986,21.57
721,1377538991,21.57
721,1377538996,21.58
721,1377539001,21.57
721,1377539006,21.58
721,1377539011,21.56
721,1377539016,21.57
721,1377539021,21.57
721,1377539026,21.58
721,1377539031,21.58
721,1377539036,21.58
721,1377539041,21.57
721,1377539046,21.58
721,1377539051,21.59
721,1377539056,21.57
721,1377539061,21.58
721,1377539066,21.58
721,1377539071,21.59
721,1377539076,21.59
721,1377539081,21.58
721,1377539086,21.59
721,1377539091,21.58
721,1377539096,21.58
721,1377539101,21.58
721,1377539106,21.58
721,1377539111,21.59
721,1377539116,21.58
721,1377539121,21.58
721,1377539126,21.6
721,1377539131,21.6
721,1377539136,21.6
721,1377539141,21.6
721,1377539146,21.59
721,1377539151,21.6
721,1377539156,21.6
721,1377539161,21.58
721,1377539166,21.59
721,1377539171,21.59
721,1377539176,21.59
721,1377539181,21.6
721,1377539186,21.6
721,1377539191,21.6
721,1377539196,21.6
721,1377539201,21.6
721,1377539206,21.59
721,1377539211,21.6
721,1377539216,21.61
721,1377539221,21.59
721,1377539226,21.6
721,1377539231,21.6
721,1377539236,21.6
721,1377539241,21.6
721,1377539246,21.61
721,1377539251,21.62
721,1377539256,21.61
721,1377539261,21.61
721,1377539266,21.62
721,1377539271,21.6
721,1377539276,21.61
721,1377539281,21.6
721,1377539286,21.62
721,1377539291,21.61
721,1377539296,21.62
721,1377539301,21.61
721,1377539306,21.61
721,1377539311,21.61
721,1377539316,21.61
721,1377539321,21.62
721,1377539326,21.63
721,1377539331,21.62
721,1377539336,21.62
721,1377539341,21.62
721,1377539346,21.63
721,1377539351,21.62
721,1377539356,21.6
721,1377539361,21.63
721,1377539366,21.62
721,1377539371,21.62
721,1377539376,21.62
721,1377539381,21.62
721,1377539386,21.61
721,1377539391,21.63
721,1377539396,21.62
721,1377539401,21.63
721,1377539406,21.63
721,1377539411,21.63
721,1377539416,21.62
721,1377539421,21.63
721,1377539426,21.64
721,1377539431,21.64
721,1377539437,21.64
721,1377539441,21.64
721,1377539446,21.63
721,1377539451,21.63
721,1377539456,21.62
721,1377539461,21.63
721,1377539466,21.64
721,1377539471,21.63
721,1377539476,21.64
721,1377539481,21.64
721,1377539486,21.66
721,1377539491,21.64
721,1377539496,21.64
721,1377539501,21.64
721,1377539506,21.63
721,1377539511,21.63
721,1377539516,21.63
721,1377539521,21.64
721,1377539526,21.64
721,1377539531,21.64
721,1377539536,21.64
721,1377539541,21.64
721,1377539546,21.64
721,1377539551,21.64
721,1377539556,21.64
721,1377539561,21.64
721,1377539566,21.64
721,1377539571,21.64
721,1377539576,21.63
721,1377539581,21.65
721,1377539586,21.65
721,1377539591,21.64
721,1377539596,21.66
721,1377539601,21.64
721,1377539606,21.66
721,1377539611,21.65
721,1377539616,21.64
721,1377539621,21.66
721,1377539626,21.64
721,1377539631,21.66
721,1377539636,21.65
721,1377539641,21.66
721,1377539646,21.66
721,1377539651,21.66
721,1377539656,21.66
721,1377539661,21.66
721,1377539666,21.66
721,1377539671,21.66
721,1377539676,21.66
721,1377539681,21.66
721,1377539686,21.66
721,1377539691,21.67
721,1377539696,21.66
721,1377539701,21.66
721,1377539706,21.66
721,1377539711,21.66
721,1377539716,21.66
721,1377539721,21.66
721,1377539726,21.67
721,1377539731,21.66
721,1377539736,21.66
721,1377539741,21.66
721,1377539746,21.66
721,1377539751,21.67
721,1377539756,21.66
721,1377539761,21.66
721,1377539766,21.67
721,1377539771,21.67
721,1377539776,21.66
721,1377539781,21.67
721,1377539786,21.66
721,1377539791,21.67
721,1377539796,21.67
721,1377539801,21.67
721,1377539806,21.67
721,1377539811,21.67
721,1377539816,21.67
721,1377539821,21.67
721,1377539826,21.68
721,1377539831,21.69
721,1377539836,21.68
721,1377539841,21.67
721,1377539846,21.68
721,1377539851,21.68
721,1377539856,21.68
721,1377539861,21.67
721,1377539866,21.68
721,1377539871,21.68
721,1377539876,21.68
721,1377539881,21.68
721,1377539886,21.69
721,1377539891,21.68
721,1377539896,21.68
721,1377539901,21.69
721,1377539906,21.68
721,1377539911,21.68
721,1377539916,21.69
721,1377539921,21.68
721,1377539926,21.69
721,1377539931,21.68
721,1377539936,21.69
721,1377539941,21.7
721,1377539946,21.7
721,1377539951,21.69
721,1377539956,21.68
721,1377539961,21.68
721,1377539966,21.68
721,1377539971,21.7
721,1377539976,21.69
721,1377539981,21.69
721,1377539986,21.69
721,1377539991,21.7
721,1377539996,21.69
721,1377540001,21.69
721,1377540006,21.68
721,1377540011,21.7
721,1377540016,21.7
721,1377540021,21.7
721,1377540026,21.7
721,1377540031,21.7
721,1377540036,21.7
721,1377540041,21.7
721,1377540046,21.71
721,1377540051,21.7
721,1377540056,21.71
721,1377540061,21.71
721,1377540066,21.7
721,1377540071,21.7
721,1377540076,21.7
721,1377540081,21.7
721,1377540086,21.7
721,1377540091,21.7
721,1377540096,21.7
721,1377540101,21.7
721,1377540106,21.7
721,1377540111,21.71
721,1377540116,21.7
721,1377540121,21.7
721,1377540126,21.71
721,1377540131,21.71
721,1377540136,21.7
721,1377540141,21.7
721,1377540146,21.71
721,1377540151,21.72
721,1377540156,21.7
721,1377540161,21.71
721,1377540166,21.71
721,1377540171,21.72
721,1377540176,21.7
721,1377540181,21.7
721,1377540186,21.7
721,1377540191,21.69
721,1377540196,21.7
721,1377540201,21.7
721,1377540206,21.7
721,1377540211,21.71
721,1377540216,21.71
721,1377540221,21.71
721,1377540226,21.71
721,1377540231,21.71
721,1377540236,21.7
721,1377540241,21.71
721,1377540246,21.71
721,1377540251,21.71
721,1377540256,21.71
721,1377540261,21.7
721,1377540266,21.7
721,1377540270,21.7
721,1377540276,21.72
721,1377540281,21.7
721,1377540286,21.71
721,1377540291,21.7
721,1377540296,21.72
721,1377540301,21.7
721,1377540306,21.72
721,1377540311,21.72
721,1377540316,21.73
721,1377540321,21.72
721,1377540326,21.72
721,1377540331,21.72
721,1377540336,21.72
721,1377540341,21.72
721,1377540346,21.71
721,1377540351,21.72
721,1377540356,21.72
721,1377540360,21.72
721,1377540366,21.72
721,1377540371,21.72
721,1377540376,21.72
721,1377540381,21.72
721,1377540386,21.72
721,1377540391,21.72
721,1377540396,21.72
721,1377540401,21.72
721,1377540406,21.72
721,1377540411,21.72
721,1377540416,21.71
721,1377540421,21.72
721,1377540426,21.72
721,1377540431,21.72
721,1377540436,21.73
721,1377540441,21.72
721,1377540446,21.72
721,1377540451,21.73
721,1377540456,21.72
721,1377540461,21.72
721,1377540469,21.73
721,1377540471,21.72
721,1377540476,21.72
721,1377540481,21.72
721,1377540486,21.73
721,1377540491,21.72
721,1377540496,21.73
721,1377540501,21.72
721,1377540506,21.73
721,1377540511,21.73
721,1377540516,21.73
721,1377540521,21.72
721,1377540526,21.73
721,1377540531,21.73
721,1377540536,21.73
721,1377540541,21.73
721,1377540546,21.73
721,1377540551,21.73
721,1377540556,21.73
721,1377540561,21.73
721,1377540566,21.74
721,1377540571,21.73
721,1377540576,21.74
721,1377540581,21.74
721,1377540586,21.73
721,1377540591,21.74
721,1377540596,21.73
721,1377540601,21.73
721,1377540606,21.73
721,1377540611,21.73
721,1377540616,21.74
721,1377540621,21.73
721,1377540626,21.73
721,1377540631,21.74
721,1377540636,21.72
721,1377540640,21.73
721,1377540646,21.73
721,1377540651,21.74
721,1377540656,21.75
721,1377540661,21.75
721,1377540665,21.74
721,1377540671,21.74
721,1377540676,21.73
721,1377540681,21.74
721,1377540686,21.73
721,1377540690,21.74
721,1377540696,21.74
721,1377540701,21.75
721,1377540706,21.74
721,1377540711,21.74
721,1377540716,21.75
721,1377540721,21.76
721,1377540726,21.74
721,1377540731,21.75
721,1377540736,21.74
721,1377540740,21.73
721,1377540746,21.74
721,1377540751,21.74
721,1377540756,21.76
721,1377540761,21.76
721,1377540766,21.75
721,1377540771,21.74
721,1377540776,21.76
721,1377540781,21.75
721,1377540786,21.75
721,1377540791,21.76
721,1377540796,21.76
721,1377540801,21.76
721,1377540806,21.75
721,1377540811,21.74
721,1377540816,21.76
721,1377540821,21.75
721,1377540826,21.75
721,1377540830,21.75
721,1377540836,21.75
721,1377540840,21.75
721,1377540846,21.74
721,1377540851,21.75
721,1377540856,21.75
721,1377540861,21.75
721,1377540866,21.75
721,1377540871,21.76
721,1377540876,21.76
721,1377540881,21.76
721,1377540886,21.76
721,1377540891,21.76
721,1377540896,21.77
721,1377540900,21.75
721,1377540906,21.76
721,1377540911,21.76
721,1377540916,21.75
721,1377540920,21.76
721,1377540926,21.76
721,1377540930,21.76
721,1377540936,21.76
721,1377540941,21.76
721,1377540946,21.76
721,1377540951,21.76
721,1377540956,21.76
721,1377540960,21.76
721,1377540966,21.76
721,1377540971,21.76
721,1377540976,21.77
721,1377540981,21.76
721,1377540985,21.76
721,1377540990,21.76
721,1377540996,21.76
721,1377541001,21.76
721,1377541005,21.76
721,1377541010,21.77
721,1377541016,21.76
721,1377541021,21.75
721,1377541026,21.76
721,1377541030,21.76
721,1377541036,21.76
721,1377541041,21.77
721,1377541046,21.76
721,1377541051,21.76
721,1377541056,21.76
721,1377541060,21.76
721,1377541065,21.77
721,1377541070,21.76
721,1377541075,21.77
721,1377541080,21.75
721,1377541085,21.76
721,1377541090,21.76
721,1377541096,21.76
721,1377541100,21.77
721,1377541105,21.76
721,1377541111,21.77
721,1377541116,21.76
721,1377541120,21.77
721,1377541125,21.76
721,1377541130,21.76
721,1377541135,21.76
721,1377541141,21.76
721,1377541145,21.75
721,1377541151,21.76
721,1377541155,21.76
721,1377541161,21.76
721,1377541165,21.76
721,1377541170,21.76
721,1377541175,21.76
721,1377541180,21.76
721,1377541185,21.77
721,1377541191,21.76
721,1377541195,21.76
721,1377541200,21.76
721,1377541205,21.76
721,1377541210,21.76
721,1377541215,21.76
721,1377541220,21.78
721,1377541225,21.76
721,1377541230,21.76
721,1377541235,21.76
721,1377541240,21.76
721,1377541245,21.78
721,1377541250,21.77
721,1377541255,21.77
721,1377541261,21.77
721,1377541265,21.77
721,1377541270,21.77
721,1377541275,21.76
721,1377541280,21.77
721,1377541285,21.76
721,1377541290,21.77
721,1377541295,21.78
721,1377541300,21.76
721,1377541305,21.78
721,1377541310,21.77
721,1377541315,21.77
721,1377541320,21.77
721,1377541325,21.78
721,1377541330,21.77
721,1377541335,21.78
721,1377541340,21.78
721,1377541345,21.77
721,1377541350,21.78
721,1377541355,21.78
721,1377541361,21.77
721,1377541365,21.78
721,1377541370,21.78
721,1377541375,21.78
721,1377541380,21.78
721,1377541385,21.78
721,1377541390,21.79
721,1377541395,21.77
721,1377541400,21.78
721,1377541405,21.78
721,1377541410,21.78
721,1377541420,21.78
721,1377541425,21.77
721,1377541430,21.78
721,1377541435,21.78
721,1377541440,21.79
721,1377541445,21.78
721,1377541450,21.79
721,1377541455,21.78
721,1377541460,21.78
721,1377541465,21.77
721,1377541470,21.78
721,1377541475,21.78
721,1377541480,21.78
721,1377541485,21.78
721,1377541490,21.77
721,1377541495,21.77
721,1377541500,21.78
721,1377541505,21.78
721,1377541510,21.78
721,1377541515,21.78
721,1377541520,21.78
721,1377541525,21.78
721,1377541530,21.78
721,1377541535,21.79
721,1377541540,21.79
721,1377541546,21.78
721,1377541550,21.78
721,1377541555,21.78
721,1377541560,21.78
721,1377541565,21.78
721,1377541570,21.78
721,1377541575,21.79
721,1377541580,21.77
721,1377541585,21.79
721,1377541590,21.78
721,1377541595,21.78
721,1377541600,21.78
721,1377541605,21.79
721,1377541610,21.78
721,1377541615,21.78
721,1377541620,21.78
721,1377541625,21.78
721,1377541630,21.78
721,1377541635,21.78
721,1377541640,21.78
721,1377541645,21.8
721,1377541650,21.78
721,1377541655,21.78
721,1377541660,21.79
721,1377541665,21.78
721,1377541670,21.78
721,1377541675,21.77
721,1377541680,21.79
721,1377541685,21.78
721,1377541690,21.79
721,1377541695,21.79
721,1377541700,21.78
721,1377541705,21.79
721,1377541710,21.8
721,1377541715,21.79
721,1377541721,21.79
721,1377541725,21.8
721,1377541730,21.79
721,1377541735,21.79
721,1377541740,21.79
721,1377541745,21.79
721,1377541750,21.8
721,1377541755,21.8
721,1377541760,21.79
721,1377541765,21.8
721,1377541770,21.8
721,1377541775,21.8
721,1377541780,21.79
721,1377541785,21.8
721,1377541790,21.79
721,1377541795,21.8
721,1377541800,21.8
721,1377541805,21.79
721,1377541810,21.79
721,1377541815,21.78
721,1377541820,21.79
721,1377541825,21.8
721,1377541830,21.79
721,1377541835,21.79
721,1377541840,21.8
721,1377541845,21.79
721,1377541850,21.8
721,1377541855,21.8
721,1377541860,21.79
721,1377541865,21.79
721,1377541870,21.8
721,1377541875,21.8
721,1377541880,21.8
721,1377541885,21.8
721,1377541890,21.8
721,1377541895,21.8
721,1377541900,21.8
721,1377541905,21.81
721,1377541910,21.8
721,1377541915,21.81
721,1377541920,21.8
721,1377541925,21.79
721,1377541930,21.81
721,1377541935,21.8
721,1377541940,21.8
721,1377541945,21.8
721,1377541950,21.8
721,1377541956,21.79
721,1377541960,21.79
721,1377541965,21.8
721,1377541970,21.81
721,1377541975,21.8
721,1377541980,21.8
721,1377541985,21.79
721,1377541990,21.8
721,1377541995,21.8
721,1377542000,21.81
721,1377542005,21.8
721,1377542010,21.8
721,1377542015,21.81
721,1377542020,21.8
721,1377542025,21.8
721,1377542030,21.8
721,1377542035,21.8
721,1377542040,21.8
721,1377542045,21.8
721,1377542050,21.8
721,1377542055,21.81
721,1377542060,21.8
721,1377542065,21.81
721,1377542070,21.79
721,1377542075,21.8
721,1377542080,21.8
721,1377542086,21.8
721,1377542090,21.8
721,1377542095,21.8
721,1377542100,21.8
721,1377542105,21.81
721,1377542110,21.81
721,1377542115,21.81
721,1377542120,21.81
721,1377542125,21.8
721,1377542130,21.8
721,1377542135,21.81
721,1377542140,21.8
721,1377542145,21.8
721,1377542150,21.8
721,1377542155,21.8
721,1377542160,21.8
721,1377542165,21.8
721,1377542170,21.8
721,1377542175,21.81
721,1377542180,21.82
721,1377542185,21.8
721,1377542190,21.81
721,1377542195,21.8
721,1377542200,21.8
721,1377542205,21.8
721,1377542210,21.79
721,1377542215,21.81
721,1377542220,21.81
721,1377542225,21.8
721,1377542230,21.81
721,1377542235,21.8
721,1377542240,21.8
721,1377542245,21.8
721,1377542250,21.81
721,1377542255,21.8
721,1377542260,21.8
721,1377542265,21.8
721,1377542270,21.8
721,1377542275,21.8
721,1377542280,21.81
721,1377542285,21.82
721,1377542290,21.8
721,1377542295,21.79
721,1377542300,21.81
721,1377542305,21.8
721,1377542310,21.81
721,1377542315,21.81
721,1377542320,21.82
721,1377542325,21.8
721,1377542330,21.82
721,1377542335,21.82
721,1377542340,21.81
721,1377542345,21.82
721,1377542350,21.8
721,1377542355,21.8
721,1377542360,21.8
721,1377542369,21.82
721,1377542370,21.82
721,1377542375,21.81
721,1377542380,21.81
721,1377542385,21.81
721,1377542390,21.82
721,1377542395,21.82
721,1377542400,21.81
721,1377542405,21.82
721,1377542410,21.8
721,1377542415,21.81
721,1377542420,21.81
721,1377542425,21.82
721,1377542430,21.82
721,1377542435,21.82
721,1377542440,21.81
721,1377542445,21.82
721,1377542450,21.82
721,1377542455,21.8
721,1377542460,21.82
721,1377542465,21.82
721,1377542470,21.8
721,1377542475,21.82
721,1377542480,21.81
721,1377542485,21.81
721,1377542490,21.81
721,1377542495,21.81
721,1377542500,21.82
721,1377542505,21.82
721,1377542510,21.82
721,1377542515,21.81
721,1377542520,21.83
721,1377542525,21.82
721,1377542530,21.82
721,1377542535,21.82
721,1377542540,21.81
721,1377542545,21.81
721,1377542550,21.82
721,1377542555,21.82
721,1377542560,21.82
721,1377542565,21.8
721,1377542570,21.81
721,1377542575,21.82
721,1377542580,21.82
721,1377542585,21.82
721,1377542590,21.82
721,1377542595,21.82
721,1377542600,21.82
721,1377542605,21.83
721,1377542610,21.82
721,1377542615,21.82
721,1377542620,21.82
721,1377542625,21.82
721,1377542630,21.83
721,1377542635,21.82
721,1377542640,21.82
721,1377542645,21.83
721,1377542650,21.82
721,1377542655,21.84
721,1377542660,21.82
721,1377542665,21.82
721,1377542670,21.82
721,1377542675,21.82
721,1377542680,21.82
721,1377542685,21.82
721,1377542690,21.82
721,1377542695,21.82
721,1377542700,21.82
721,1377542705,21.81
721,1377542710,21.83
721,1377542715,21.82
721,1377542720,21.82
721,1377542725,21.82
721,1377542730,21.82
721,1377542735,21.83
721,1377542740,21.83
721,1377542745,21.84
721,1377542750,21.83
721,1377542755,21.82
721,1377542760,21.83
721,1377542765,21.83
721,1377542770,21.82
721,1377542775,21.82
721,1377542780,21.83
721,1377542785,21.82
721,1377542790,21.82
721,1377542795,21.82
721,1377542800,21.83
721,1377542805,21.83
721,1377542810,21.83
721,1377542815,21.84
721,1377542820,21.82
721,1377542825,21.84
721,1377542830,21.82
721,1377542835,21.83
721,1377542840,21.83
721,1377542845,21.83
721,1377542850,21.84
721,1377542855,21.83
721,1377542860,21.83
721,1377542865,21.83
721,1377542870,21.84
721,1377542875,21.83
721,1377542880,21.83
721,1377542885,21.84
721,1377542890,21.84
721,1377542895,21.84
721,1377542900,21.82
721,1377542905,21.83
721,1377542910,21.84
721,1377542915,21.84
721,1377542920,21.83
721,1377542925,21.84
721,1377542930,21.84
721,1377542935,21.83
721,1377542940,21.83
721,1377542945,21.82
721,1377542950,21.84
721,1377542955,21.84
721,1377542960,21.84
721,1377542965,21.83
721,1377542970,21.83
721,1377542976,21.82
721,1377542980,21.84
721,1377542985,21.84
721,1377542990,21.84
721,1377542995,21.84
721,1377543000,21.85
721,1377543005,21.83
721,1377543010,21.84
721,1377543015,21.84
721,1377543020,21.83
721,1377543025,21.84
721,1377543030,21.83
721,1377543035,21.83
721,1377543040,21.84
721,1377543045,21.84
721,1377543050,21.84
721,1377543055,21.84
721,1377543060,21.84
721,1377543065,21.84
721,1377543070,21.84
721,1377543075,21.85
721,1377543080,21.84
721,1377543085,21.84
721,1377543090,21.84
721,1377543095,21.83
721,1377543100,21.84
721,1377543105,21.83
721,1377543111,21.84
721,1377543115,21.85
721,1377543120,21.83
721,1377543125,21.84
721,1377543130,21.84
721,1377543135,21.83
721,1377543140,21.84
721,1377543145,21.84
721,1377543150,21.84
721,1377543155,21.84
721,1377543160,21.84
721,1377543165,21.84
721,1377543170,21.84
721,1377543175,21.84
721,1377543181,21.84
721,1377543185,21.84
721,1377543190,21.84
721,1377543195,21.84
721,1377543200,21.84
721,1377543205,21.84
721,1377543210,21.84
721,1377543215,21.84
721,1377543220,21.84
721,1377543225,21.84
721,1377543230,21.85
721,1377543235,21.85
721,1377543240,21.84
721,1377543245,21.84
721,1377543250,21.85
721,1377543255,21.84
721,1377543260,21.84
721,1377543265,21.85
721,1377543270,21.85
721,1377543275,21.85
721,1377543280,21.84
721,1377543285,21.84
721,1377543290,21.83
721,1377543295,21.85
721,1377543300,21.85
721,1377543305,21.85
721,1377543310,21.85
721,1377543315,21.85
721,1377543320,21.84
721,1377543325,21.84
721,1377543330,21.85
721,1377543335,21.85
721,1377543340,21.86
721,1377543345,21.86
721,1377543350,21.85
721,1377543355,21.84
721,1377543360,21.84
721,1377543365,21.85
721,1377543370,21.84
721,1377543375,21.84
721,1377543380,21.85
721,1377543385,21.85
721,1377543390,21.85
721,1377543395,21.84
721,1377543400,21.85
721,1377543405,21.86
721,1377543410,21.85
721,1377543415,21.85
721,1377543420,21.86
721,1377543425,21.86
721,1377543430,21.86
721,1377543435,21.84
721,1377543440,21.86
721,1377543445,21.86
721,1377543450,21.84
721,1377543455,21.86
721,1377543460,21.85
721,1377543465,21.86
721,1377543470,21.85
721,1377543475,21.85
721,1377543480,21.86
721,1377543485,21.86
721,1377543490,21.86
721,1377543495,21.86
721,1377543500,21.86
721,1377543505,21.86
721,1377543510,21.86
721,1377543515,21.86
721,1377543520,21.86
721,1377543525,21.86
721,1377543530,21.86
721,1377543535,21.87
721,1377543540,21.86
721,1377543545,21.87
721,1377543550,21.86
721,1377543555,21.85
721,1377543560,21.86
721,1377543565,21.86
721,1377543570,21.86
721,1377543575,21.86
721,1377543580,21.86
721,1377543585,21.86
721,1377543590,21.87
721,1377543595,21.86
721,1377543600,21.86
721,1377543605,21.86
721,1377543610,21.86
721,1377543615,21.86
721,1377543620,21.86
721,1377543625,21.86
721,1377543630,21.86
721,1377543635,21.86
721,1377543640,21.86
721,1377543645,21.87
721,1377543650,21.86
721,1377543655,21.86
721,1377543660,21.86
721,1377543665,21.86
721,1377543670,21.86
721,1377543675,21.86
721,1377543680,21.86
721,1377543685,21.86
721,1377543690,21.86
721,1377543695,21.87
721,1377543700,21.87
721,1377543705,21.87
721,1377543710,21.86
721,1377543715,21.86
721,1377543720,21.86
721,1377543725,21.86
721,1377543730,21.86
721,1377543735,21.86
721,1377543740,21.86
721,1377543745,21.86
721,1377543750,21.86
721,1377543755,21.87
721,1377543760,21.86
721,1377543765,21.87
721,1377543770,21.86
721,1377543775,21.87
721,1377543780,21.88
721,1377543785,21.87
721,1377543790,21.87
721,1377543795,21.87
721,1377543800,21.88
721,1377543805,21.87
721,1377543810,21.87
721,1377543815,21.86
721,1377543820,21.87
721,1377543825,21.87
721,1377543830,21.87
721,1377543835,21.88
721,1377543840,21.87
721,1377543845,21.87
721,1377543850,21.87
721,1377543855,21.86
721,1377543860,21.86
721,1377543865,21.88
721,1377543870,21.87
721,1377543875,21.87
721,1377543880,21.87
721,1377543885,21.88
721,1377543890,21.87
721,1377543895,21.87
721,1377543900,21.87
721,1377543905,21.88
721,1377543910,21.88
721,1377543915,21.88
721,1377543920,21.87
721,1377543925,21.88
721,1377543930,21.88
721,1377543935,21.88
721,1377543940,21.88
721,1377543945,21.87
721,1377543950,21.87
721,1377543955,21.88
721,1377543960,21.88
721,1377543965,21.87
721,1377543974,21.88
721,1377543975,21.88
721,1377543980,21.88
721,1377543985,21.88
721,1377543990,21.87
721,1377543995,21.88
721,1377544000,21.88
721,1377544005,21.88
721,1377544010,21.87
721,1377544015,21.88
721,1377544020,21.89
721,1377544025,21.88
721,1377544030,21.88
721,1377544035,21.87
721,1377544040,21.88
721,1377544045,21.88
721,1377544050,21.88
721,1377544055,21.88
721,1377544060,21.88
721,1377544065,21.88
721,1377544070,21.88
721,1377544075,21.88
721,1377544080,21.88
721,1377544085,21.88
721,1377544090,21.88
721,1377544095,21.88
721,1377544100,21.88
721,1377544105,21.88
721,1377544110,21.87
721,1377544115,21.87
721,1377544120,21.87
721,1377544125,21.87
721,1377544130,21.88
721,1377544135,21.87
721,1377544140,21.88
721,1377544145,21.88
721,1377544150,21.88
721,1377544155,21.88
721,1377544160,21.89
721,1377544165,21.89
721,1377544170,21.89
721,1377544175,21.87
721,1377544180,21.88
721,1377544185,21.88
721,1377544190,21.88
721,1377544195,21.89
721,1377544200,21.88
721,1377544205,21.88
721,1377544210,21.89
721,1377544215,21.88
721,1377544220,21.88
721,1377544225,21.88
721,1377544230,21.88
721,1377544235,21.88
721,1377544240,21.88
721,1377544245,21.88
721,1377544250,21.88
721,1377544255,21.89
721,1377544260,21.88
721,1377544265,21.88
721,1377544270,21.89
721,1377544275,21.89
721,1377544280,21.88
721,1377544285,21.88
721,1377544290,21.88
721,1377544295,21.88
721,1377544300,21.89
721,1377544305,21.89
721,1377544310,21.88
721,1377544315,21.89
721,1377544320,21.89
721,1377544325,21.88
721,1377544330,21.88
721,1377544335,21.89
721,1377544340,21.88
721,1377544345,21.89
721,1377544350,21.9
721,1377544355,21.89
721,1377544360,21.88
721,1377544365,21.9
721,1377544370,21.89
721,1377544375,21.89
721,1377544380,21.89
721,1377544385,21.9
721,1377544390,21.89
721,1377544395,21.89
721,1377544400,21.9
721,1377544405,21.88
721,1377544410,21.9
721,1377544415,21.89
721,1377544420,21.9
721,1377544425,21.9
721,1377544430,21.89
721,1377544435,21.9
721,1377544440,21.9
721,1377544445,21.9
721,1377544450,21.9
721,1377544455,21.9
721,1377544460,21.9
721,1377544465,21.9
721,1377544470,21.9
721,1377544475,21.9
721,1377544480,21.9
721,1377544485,21.9
721,1377544490,21.91
721,1377544495,21.9
721,1377544500,21.91
721,1377544505,21.9
721,1377544510,21.9
721,1377544515,21.9
721,1377544520,21.9
721,1377544525,21.9
721,1377544530,21.9
721,1377544535,21.9
721,1377544540,21.9
721,1377544545,21.9
721,1377544550,21.9
721,1377544555,21.9
721,1377544560,21.89
721,1377544565,21.9
721,1377544570,21.9
721,1377544575,21.9
721,1377544580,21.9
721,1377544585,21.89
721,1377544590,21.9
721,1377544595,21.9
721,1377544600,21.9
721,1377544605,21.92
721,1377544610,21.9
721,1377544615,21.89
721,1377544620,21.9
721,1377544625,21.91
721,1377544630,21.92
721,1377544635,21.91
721,1377544640,21.9
721,1377544645,21.9
721,1377544650,21.9
721,1377544655,21.9
721,1377544660,21.92
721,1377544665,21.92
721,1377544670,21.92
721,1377544675,21.92
721,1377544680,21.9
721,1377544685,21.92
721,1377544690,21.9
721,1377544695,21.92
721,1377544700,21.91
721,1377544705,21.91
721,1377544710,21.91
721,1377544715,21.91
721,1377544720,21.91
721,1377544725,21.92
721,1377544730,21.91
721,1377544735,21.91
721,1377544740,21.9
721,1377544745,21.91
721,1377544750,21.91
721,1377544755,21.92
721,1377544760,21.91
721,1377544765,21.9
721,1377544774,21.92
721,1377544775,21.91
721,1377544780,21.91
721,1377544785,21.92
721,1377544790,21.92
721,1377544795,21.92
721,1377544800,21.91
721,1377544805,21.92
721,1377544810,21.92
721,1377544815,21.92
721,1377544820,21.92
721,1377544825,21.91
721,1377544830,21.92
721,1377544835,21.92
721,1377544840,21.92
721,1377544845,21.92
721,1377544850,21.92
721,1377544855,21.93
721,1377544860,21.92
721,1377544865,21.92
721,1377544870,21.93
721,1377544875,21.92
721,1377544880,21.93
721,1377544885,21.92
721,1377544890,21.92
721,1377544895,21.93
721,1377544900,21.93
721,1377544905,21.92
721,1377544910,21.93
721,1377544915,21.93
721,1377544920,21.92
721,1377544925,21.93
721,1377544930,21.93
721,1377544935,21.93
721,1377544940,21.92
721,1377544945,21.93
721,1377544950,21.92
721,1377544955,21.92
721,1377544960,21.93
721,1377544965,21.92
721,1377544970,21.93
721,1377544975,21.93
721,1377544980,21.93
721,1377544985,21.93
721,1377544990,21.93
721,1377544995,21.92
721,1377545000,21.93
721,1377545005,21.92
721,1377545010,21.93
721,1377545015,21.92
721,1377545020,21.93
721,1377545025,21.93
721,1377545030,21.92
721,1377545035,21.93
721,1377545040,21.92
721,1377545045,21.93
721,1377545050,21.93
721,1377545055,21.94
721,1377545060,21.93
721,1377545065,21.92
721,1377545070,21.93
721,1377545075,21.93
721,1377545080,21.94
721,1377545085,21.93
721,1377545090,21.94
721,1377545095,21.93
721,1377545100,21.93
721,1377545105,21.93
721,1377545110,21.92
721,1377545115,21.94
721,1377545120,21.94
721,1377545125,21.93
721,1377545130,21.93
721,1377545135,21.93
721,1377545140,21.93
721,1377545145,21.94
721,1377545150,21.93
721,1377545155,21.93
721,1377545160,21.94
721,1377545165,21.94
721,1377545170,21.93
721,1377545175,21.94
721,1377545180,21.93
721,1377545185,21.94
721,1377545190,21.94
721,1377545195,21.95
721,1377545200,21.94
721,1377545205,21.94
721,1377545210,21.94
721,1377545215,21.95
721,1377545220,21.94
721,1377545225,21.93
721,1377545230,21.95
721,1377545236,21.96
721,1377545240,21.96
721,1377545245,21.94
721,1377545250,21.93
721,1377545255,21.95
721,1377545260,21.94
721,1377545265,21.95
721,1377545270,21.95
721,1377545275,21.94
721,1377545280,21.95
721,1377545285,21.94
721,1377545290,21.94
721,1377545295,21.94
721,1377545300,21.94
721,1377545305,21.95
721,1377545310,21.95
721,1377545315,21.94
721,1377545320,21.93
721,1377545325,21.95
721,1377545330,21.94
721,1377545335,21.95
721,1377545340,21.95
721,1377545345,21.95
721,1377545350,21.96
721,1377545355,21.95
721,1377545360,21.94
721,1377545365,21.94
721,1377545370,21.94
721,1377545375,21.95
721,1377545380,21.95
721,1377545385,21.94
721,1377545390,21.94
721,1377545395,21.95
721,1377545400,21.95
721,1377545405,21.96
721,1377545410,21.96
721,1377545415,21.95
721,1377545420,21.94
721,1377545425,21.94
721,1377545430,21.94
721,1377545435,21.95
721,1377545440,21.95
721,1377545445,21.94
721,1377545450,21.95
721,1377545455,21.96
721,1377545460,21.95
721,1377545465,21.94
721,1377545471,21.94
721,1377545475,21.95
721,1377545480,21.95
721,1377545485,21.95
721,1377545490,21.96
721,1377545495,21.96
721,1377545500,21.96
721,1377545505,21.96
721,1377545510,21.96
721,1377545515,21.95
721,1377545520,21.95
721,1377545525,21.96
721,1377545530,21.94
721,1377545535,21.96
721,1377545540,21.95
721,1377545545,21.96
721,1377545550,21.96
721,1377545555,21.96
721,1377545560,21.96
721,1377545565,21.95
721,1377545570,21.95
721,1377545575,21.96
721,1377545580,21.96
721,1377545586,21.95
721,1377545590,21.96
721,1377545595,21.95
721,1377545600,21.98
721,1377545605,21.96
721,1377545610,21.96
721,1377545615,21.96
721,1377545620,21.96
721,1377545625,21.96
721,1377545630,21.96
721,1377545635,21.96
721,1377545640,21.96
721,1377545645,21.96
721,1377545650,21.96
721,1377545655,21.96
721,1377545660,21.96
721,1377545665,21.96
721,1377545670,21.97
721,1377545675,21.96
721,1377545680,21.97
721,1377545685,21.96
721,1377545690,21.96
721,1377545695,21.96
721,1377545700,21.96
721,1377545705,21.96
721,1377545710,21.96
721,1377545715,21.97
721,1377545720,21.96
721,1377545725,21.96
721,1377545730,21.96
721,1377545735,21.96
721,1377545740,21.96
721,1377545745,21.96
721,1377545750,21.96
721,1377545755,21.96
721,1377545760,21.97
721,1377545765,21.98
721,1377545770,21.98
721,1377545775,21.98
721,1377545780,21.98
721,1377545785,21.96
721,1377545790,21.96
721,1377545795,21.98
721,1377545800,21.97
721,1377545805,21.97
721,1377545810,21.97
721,1377545815,21.96
721,1377545820,21.97
721,1377545825,21.96
721,1377545830,21.97
721,1377545835,21.96
721,1377545840,21.96
721,1377545845,21.98
721,1377545850,21.98
721,1377545855,21.98
721,1377545860,21.97
721,1377545865,21.98
721,1377545870,21.98
721,1377545875,21.98
721,1377545880,21.97
721,1377545885,21.97
721,1377545890,21.97
721,1377545895,21.97
721,1377545900,21.96
721,1377545905,21.97
721,1377545910,21.96
721,1377545915,21.98
721,1377545920,21.98
721,1377545925,21.98
721,1377545930,21.96
721,1377545935,21.98
721,1377545940,21.97
721,1377545945,21.97
721,1377545950,21.98
721,1377545955,21.98
721,1377545960,21.97
721,1377545965,21.98
721,1377545970,21.98
721,1377545975,21.99
721,1377545980,21.98
721,1377545985,21.98
721,1377545990,21.98
721,1377545995,21.98
721,1377546000,21.98
721,1377546005,21.98
721,1377546010,21.98
721,1377546015,21.98
721,1377546020,21.98
721,1377546025,21.98
721,1377546030,21.98
721,1377546035,21.98
721,1377546040,21.97
721,1377546045,21.98
721,1377546050,21.99
721,1377546055,21.98
721,1377546060,21.99
721,1377546065,21.98
721,1377546070,21.97
721,1377546075,21.99
721,1377546080,21.98
721,1377546085,21.97
721,1377546090,21.97
721,1377546095,21.98
721,1377546100,21.98
721,1377546105,21.99
721,1377546110,21.97
721,1377546115,21.98
721,1377546120,21.98
721,1377546125,21.98
721,1377546130,21.98
721,1377546135,21.98
721,1377546140,21.99
721,1377546145,21.98
721,1377546150,21.98
721,1377546155,21.98
721,1377546160,21.98
721,1377546165,22.0
721,1377546170,21.99
721,1377546175,21.99
721,1377546180,21.99
721,1377546185,21.98
721,1377546190,21.98
721,1377546195,21.98
721,1377546200,21.99
721,1377546205,21.99
721,1377546210,21.97
721,1377546215,21.98
721,1377546220,21.98
721,1377546225,21.99
721,1377546230,21.98
721,1377546235,22.0
721,1377546240,21.99
721,1377546245,22.0
721,1377546250,22.0
721,1377546255,21.99
721,1377546260,21.98
721,1377546265,22.0
721,1377546270,21.99
721,1377546275,21.99
721,1377546280,21.99
721,1377546285,21.99
721,1377546290,21.99
721,1377546295,21.99
721,1377546300,21.99
721,1377546305,21.99
721,1377546310,21.99
721,1377546315,21.99
721,1377546320,21.98
721,1377546325,21.99
721,1377546330,21.98
721,1377546335,22.0
721,1377546340,21.98
721,1377546345,22.0
721,1377546350,22.0
721,1377546355,21.98
721,1377546360,21.99
721,1377546365,21.98
721,1377546370,21.99
721,1377546375,21.99
721,1377546380,22.0
721,1377546385,22.0
721,1377546390,21.99
721,1377546395,21.99
721,1377546400,22.0
721,1377546405,21.99
721,1377546410,22.0
721,1377546415,21.99
721,1377546420,21.99
721,1377546425,21.99
721,1377546430,22.0
721,1377546435,21.99
721,1377546440,21.99
721,1377546445,22.0
721,1377546454,22.0
721,1377546455,22.0
721,1377546460,22.0
721,1377546465,22.0
721,1377546470,22.0
721,1377546475,22.0
721,1377546480,22.0
721,1377546485,22.01
721,1377546490,22.0
721,1377546495,22.0
721,1377546500,22.0
721,1377546505,22.0
721,1377546510,22.0
721,1377546515,22.0
721,1377546520,22.0
721,1377546525,22.0
721,1377546530,21.99
721,1377546535,22.01
721,1377546540,22.0
721,1377546545,21.99
721,1377546550,21.99
721,1377546555,22.02
721,1377546560,22.0
721,1377546565,22.0
721,1377546570,21.99
721,1377546575,22.0
721,1377546580,22.0
721,1377546585,22.01
721,1377546590,22.0
721,1377546595,22.0
721,1377546600,22.0
721,1377546605,22.0
721,1377546610,22.0
721,1377546615,22.01
721,1377546620,22.0
721,1377546625,22.01
721,1377546630,22.01
721,1377546635,22.0
721,1377546640,22.02
721,1377546645,22.01
721,1377546650,22.02
721,1377546655,22.01
721,1377546660,22.01
721,1377546665,22.0
721,1377546670,22.0
721,1377546675,22.02
721,1377546680,22.02
721,1377546685,22.01
721,1377546690,22.02
721,1377546695,22.01
721,1377546700,22.0
721,1377546705,22.01
721,1377546710,22.01
721,1377546715,22.0
721,1377546720,22.0
721,1377546725,22.0
721,1377546730,22.01
721,1377546735,22.02
721,1377546740,22.01
721,1377546745,22.02
721,1377546750,22.02
721,1377546755,22.01
721,1377546760,22.01
721,1377546765,22.01
721,1377546770,22.02
721,1377546775,22.02
721,1377546780,22.02
721,1377546785,22.01
721,1377546790,22.01
721,1377546795,22.0
721,1377546800,22.01
721,1377546805,22.02
721,1377546810,22.01
721,1377546815,22.01
721,1377546820,22.02
721,1377546827,22.01
721,1377546830,22.01
721,1377546835,22.01
721,1377546840,22.03
721,1377546845,22.02
721,1377546850,22.02
721,1377546855,22.02
721,1377546860,22.02
721,1377546865,22.02
721,1377546870,22.01
721,1377546875,22.02
721,1377546880,22.02
721,1377546885,22.0
721,1377546890,22.02
721,1377546895,22.02
721,1377546900,22.02
721,1377546905,22.02
721,1377546910,22.02
721,1377546915,22.02
721,1377546920,22.02
721,1377546925,22.01
721,1377546930,22.02
721,1377546935,22.02
721,1377546940,22.02
721,1377546945,22.03
721,1377546950,22.03
721,1377546955,22.02
721,1377546960,22.02
721,1377546965,22.02
721,1377546970,22.02
721,1377546975,22.03
721,1377546980,22.04
721,1377546985,22.02
721,1377546990,22.01
721,1377546995,22.02
721,1377547000,22.03
721,1377547005,22.02
721,1377547010,22.03
721,1377547015,22.02
721,1377547020,22.04
721,1377547025,22.02
721,1377547030,22.02
721,1377547035,22.04
721,1377547040,22.03
721,1377547045,22.02
721,1377547050,22.02
721,1377547055,22.03
721,1377547060,22.03
721,1377547065,22.03
721,1377547070,22.04
721,1377547075,22.03
721,1377547080,22.02
721,1377547085,22.02
721,1377547090,22.03
721,1377547095,22.02
721,1377547100,22.02
721,1377547105,22.03
721,1377547110,22.04
721,1377547115,22.03
721,1377547120,22.04
721,1377547125,22.03
721,1377547130,22.03
721,1377547135,22.02
721,1377547140,22.04
721,1377547145,22.03
721,1377547150,22.03
721,1377547155,22.03
721,1377547160,22.02
721,1377547165,22.03
721,1377547170,22.04
721,1377547175,22.03
721,1377547180,22.04
721,1377547185,22.03
721,1377547190,22.04
721,1377547195,22.03
721,1377547200,22.03
721,1377547205,22.02
721,1377547210,22.03
721,1377547215,22.04
721,1377547220,22.03
721,1377547225,22.02
721,1377547230,22.03
721,1377547235,22.04
721,1377547240,22.03
721,1377547245,22.03
721,1377547250,22.03
721,1377547255,22.03
721,1377547260,22.03
721,1377547265,22.02
721,1377547270,22.04
721,1377547275,22.03
721,1377547280,22.03
721,1377547285,22.03
721,1377547290,22.04
721,1377547295,22.04
721,1377547300,22.04
721,1377547305,22.04
721,1377547310,22.04
721,1377547315,22.04
721,1377547320,22.04
721,1377547325,22.04
721,1377547330,22.04
721,1377547335,22.03
721,1377547340,22.04
721,1377547345,22.04
721,1377547350,22.04
721,1377547355,22.05
721,1377547360,22.04
721,1377547365,22.04
721,1377547370,22.04
721,1377547375,22.05
721,1377547380,22.06
721,1377547386,22.04
721,1377547390,22.04
721,1377547395,22.04
721,1377547400,22.04
721,1377547405,22.05
721,1377547410,22.05
721,1377547415,22.05
721,1377547420,22.06
721,1377547425,22.04
721,1377547430,22.04
721,1377547435,22.04
721,1377547440,22.05
721,1377547445,22.04
721,1377547450,22.04
721,1377547455,22.05
721,1377547460,22.04
721,1377547465,22.05
721,1377547470,22.05
721,1377547475,22.04
721,1377547480,22.06
721,1377547485,22.05
721,1377547490,22.04
721,1377547495,22.06
721,1377547500,22.05
721,1377547505,22.04
721,1377547510,22.05
721,1377547515,22.05
721,1377547520,22.05
721,1377547525,22.05
721,1377547530,22.06
721,1377547535,22.06
721,1377547540,22.06
721,1377547545,22.05
721,1377547550,22.06
721,1377547555,22.06
721,1377547560,22.05
721,1377547565,22.06
721,1377547570,22.05
721,1377547575,22.05
721,1377547580,22.06
721,1377547585,22.04
721,1377547590,22.06
721,1377547595,22.05
721,1377547600,22.06
721,1377547605,22.06
721,1377547610,22.06
721,1377547615,22.06
721,1377547620,22.06
721,1377547625,22.06
721,1377547630,22.06
721,1377547635,22.06
721,1377547640,22.06
721,1377547645,22.06
721,1377547650,22.08
721,1377547655,22.06
721,1377547660,22.06
721,1377547665,22.06
721,1377547670,22.06
721,1377547675,22.04
721,1377547680,22.06
721,1377547685,22.06
721,1377547690,22.06
721,1377547695,22.06
721,1377547700,22.06
721,1377547705,22.06
721,1377547710,22.06
721,1377547715,22.06
721,1377547720,22.05
721,1377547725,22.06
721,1377547730,22.06
721,1377547735,22.06
721,1377547740,22.06
721,1377547745,22.06
721,1377547750,22.06
721,1377547755,22.07
721,1377547760,22.06
721,1377547765,22.08
721,1377547770,22.08
721,1377547775,22.07
721,1377547780,22.07
721,1377547785,22.08
721,1377547790,22.08
721,1377547795,22.07
721,1377547800,22.06
721,1377547805,22.08
721,1377547810,22.08
721,1377547815,22.08
721,1377547820,22.08
721,1377547825,22.07
721,1377547830,22.07
721,1377547835,22.06
721,1377547840,22.06
721,1377547845,22.06
721,1377547850,22.07
721,1377547855,22.08
721,1377547860,22.07
721,1377547865,22.07
721,1377547870,22.08
721,1377547875,22.07
721,1377547880,22.08
721,1377547885,22.07
721,1377547890,22.06
721,1377547895,22.06
721,1377547900,22.07
721,1377547905,22.08
721,1377547910,22.08
721,1377547915,22.06
721,1377547920,22.07
721,1377547925,22.08
721,1377547930,22.07
721,1377547935,22.07
721,1377547940,22.07
721,1377547945,22.08
721,1377547950,22.08
721,1377547955,22.08
721,1377547960,22.07
721,1377547965,22.08
721,1377547970,22.08
721,1377547975,22.09
721,1377547980,22.08
721,1377547985,22.08
721,1377547990,22.08
721,1377547995,22.08
721,1377548000,22.09
721,1377548005,22.08
721,1377548010,22.08
721,1377548015,22.09
721,1377548020,22.1
721,1377548025,22.09
721,1377548030,22.08
721,1377548035,22.08
721,1377548040,22.08
721,1377548045,22.08
721,1377548050,22.09
721,1377548055,22.09
721,1377548060,22.08
721,1377548065,22.07
721,1377548070,22.08
721,1377548075,22.09
721,1377548080,22.08
721,1377548085,22.08
721,1377548090,22.09
721,1377548095,22.09
721,1377548100,22.08
721,1377548105,22.09
721,1377548110,22.09
721,1377548115,22.08
721,1377548120,22.1
721,1377548125,22.1
721,1377548130,22.08
721,1377548135,22.09
721,1377548140,22.09
721,1377548145,22.09
721,1377548150,22.08
721,1377548155,22.1
721,1377548160,22.09
721,1377548165,22.1
721,1377548170,22.09
721,1377548175,22.09
721,1377548180,22.09
721,1377548185,22.09
721,1377548190,22.08
721,1377548195,22.09
721,1377548200,22.08
721,1377548205,22.08
721,1377548210,22.1
721,1377548215,22.1
721,1377548220,22.09
721,1377548228,22.09
721,1377548230,22.09
721,1377548235,22.09
721,1377548240,22.09
721,1377548245,22.09
721,1377548250,22.08
721,1377548255,22.1
721,1377548260,22.09
721,1377548265,22.1
721,1377548270,22.1
721,1377548275,22.1
721,1377548280,22.1
721,1377548285,22.09
721,1377548290,22.1
721,1377548295,22.09
721,1377548300,22.09
721,1377548305,22.1
721,1377548310,22.1
721,1377548315,22.1
721,1377548320,22.09
721,1377548325,22.09
721,1377548330,22.1
721,1377548335,22.1
721,1377548340,22.1
721,1377548345,22.1
721,1377548350,22.09
721,1377548355,22.1
721,1377548360,22.1
721,1377548365,22.1
721,1377548370,22.1
721,1377548375,22.1
721,1377548380,22.1
721,1377548385,22.1
721,1377548390,22.1
721,1377548395,22.1
721,1377548400,22.1
721,1377548405,22.11
721,1377548410,22.1
721,1377548415,22.11
721,1377548420,22.1
721,1377548425,22.1
721,1377548430,22.11
721,1377548435,22.11
721,1377548440,22.1
721,1377548445,22.11
721,1377548450,22.1
721,1377548455,22.1
721,1377548460,22.12
721,1377548465,22.1
721,1377548470,22.11
721,1377548480,22.11
721,1377548485,22.11
721,1377548490,22.1
721,1377548495,22.1
721,1377548500,22.12
721,1377548505,22.12
721,1377548510,22.1
721,1377548515,22.12
721,1377548520,22.12
721,1377548525,22.11
721,1377548530,22.11
721,1377548535,22.11
721,1377548540,22.11
721,1377548545,22.12
721,1377548550,22.12
721,1377548555,22.12
721,1377548560,22.1
721,1377548565,22.11
721,1377548570,22.11
721,1377548575,22.12
721,1377548580,22.12
721,1377548585,22.12
721,1377548590,22.1
721,1377548595,22.12
721,1377548600,22.11
721,1377548605,22.12
721,1377548610,22.12
721,1377548615,22.12
721,1377548620,22.11
721,1377548625,22.11
721,1377548630,22.11
721,1377548635,22.12
721,1377548640,22.12
721,1377548645,22.11
721,1377548650,22.12
721,1377548655,22.11
721,1377548660,22.11
721,1377548665,22.11
721,1377548670,22.11
721,1377548675,22.12
721,1377548680,22.12
721,1377548685,22.12
721,1377548690,22.12
721,1377548695,22.12
721,1377548700,22.12
721,1377548705,22.12
721,1377548710,22.12
721,1377548715,22.12
721,1377548720,22.12
721,1377548725,22.12
721,1377548730,22.11
721,1377548735,22.12
721,1377548740,22.11
721,1377548745,22.11
721,1377548750,22.12
721,1377548755,22.12
721,1377548760,22.11
721,1377548765,22.13
721,1377548770,22.11
721,1377548775,22.12
721,1377548780,22.11
721,1377548785,22.12
721,1377548790,22.12
721,1377548795,22.12
721,1377548800,22.12
721,1377548805,22.13
721,1377548810,22.12
721,1377548815,22.13
721,1377548820,22.14
721,1377548825,22.13
721,1377548830,22.12
721,1377548835,22.12
721,1377548840,22.12
721,1377548845,22.12
721,1377548850,22.11
721,1377548855,22.13
721,1377548860,22.12
721,1377548865,22.13
721,1377548870,22.13
721,1377548875,22.12
721,1377548880,22.13
721,1377548885,22.13
721,1377548890,22.12
721,1377548895,22.14
721,1377548900,22.13
721,1377548905,22.12
721,1377548910,22.14
721,1377548915,22.14
721,1377548920,22.12
721,1377548925,22.12
721,1377548930,22.13
721,1377548935,22.12
721,1377548940,22.13
721,1377548945,22.13
721,1377548950,22.13
721,1377548955,22.12
721,1377548960,22.12
721,1377548965,22.12
721,1377548970,22.12
721,1377548975,22.14
721,1377548980,22.12
721,1377548985,22.12
721,1377548990,22.12
721,1377548995,22.12
721,1377549000,22.13
721,1377549005,22.14
721,1377549010,22.13
721,1377549015,22.12
721,1377549020,22.13
721,1377549025,22.13
721,1377549030,22.13
721,1377549035,22.13
721,1377549040,22.12
721,1377549045,22.13
721,1377549050,22.13
721,1377549055,22.12
721,1377549060,22.14
721,1377549065,22.13
721,1377549070,22.13
721,1377549075,22.13
721,1377549080,22.14
721,1377549085,22.13
721,1377549090,22.13
721,1377549095,22.14
721,1377549100,22.12
721,1377549105,22.14
721,1377549110,22.14
721,1377549115,22.13
721,1377549120,22.13
721,1377549125,22.14
721,1377549130,22.13
721,1377549135,22.13
721,1377549140,22.12
721,1377549145,22.12
721,1377549150,22.12
721,1377549155,22.14
721,1377549160,22.14
721,1377549165,22.13
721,1377549170,22.14
721,1377549175,22.14
721,1377549180,22.13
721,1377549185,22.14
721,1377549190,22.13
721,1377549195,22.13
721,1377549200,22.13
721,1377549205,22.13
721,1377549210,22.15
721,1377549215,22.14
721,1377549220,22.14
721,1377549225,22.14
721,1377549230,22.14
721,1377549235,22.14
721,1377549240,22.14
721,1377549245,22.13
721,1377549250,22.14
721,1377549255,22.13
721,1377549260,22.13
721,1377549265,22.14
721,1377549270,22.14
721,1377549275,22.14
721,1377549280,22.14
721,1377549285,22.14
721,1377549290,22.15
721,1377549295,22.14
721,1377549300,22.14
721,1377549305,22.15
721,1377549310,22.13
721,1377549315,22.15
721,1377549320,22.14
721,1377549325,22.14
721,1377549330,22.15
721,1377549335,22.14
721,1377549340,22.15
721,1377549345,22.14
721,1377549350,22.15
721,1377549355,22.15
721,1377549360,22.13
721,1377549365,22.14
721,1377549370,22.14
721,1377549375,22.14
721,1377549380,22.15
721,1377549385,22.14
721,1377549390,22.14
721,1377549395,22.15
721,1377549400,22.15
721,1377549405,22.15
721,1377549410,22.14
721,1377549415,22.15
721,1377549420,22.15
721,1377549425,22.15
721,1377549430,22.14
721,1377549435,22.14
721,1377549440,22.16
721,1377549445,22.14
721,1377549450,22.14
721,1377549455,22.16
721,1377549460,22.16
721,1377549465,22.15
721,1377549470,22.16
721,1377549475,22.16
721,1377549480,22.14
721,1377549485,22.15
721,1377549490,22.15
721,1377549495,22.14
721,1377549500,22.14
721,1377549505,22.16
721,1377549510,22.15
721,1377549515,22.15
721,1377549520,22.14
721,1377549525,22.15
721,1377549530,22.15
721,1377549535,22.15
721,1377549540,22.16
721,1377549545,22.15
721,1377549550,22.16
721,1377549555,22.16
721,1377549560,22.16
721,1377549565,22.16
721,1377549570,22.15
721,1377549575,22.16
721,1377549580,22.15
721,1377549585,22.16
721,1377549590,22.17
721,1377549595,22.16
721,1377549600,22.16
721,1377549605,22.16
721,1377549610,22.16
721,1377549615,22.15
721,1377549620,22.16
721,1377549625,22.16
721,1377549630,22.16
721,1377549635,22.16
721,1377549640,22.16
721,1377549645,22.16
721,1377549650,22.16
721,1377549655,22.14
721,1377549660,22.16
721,1377549665,22.16
721,1377549670,22.16
721,1377549675,22.16
721,1377549680,22.17
721,1377549685,22.16
721,1377549690,22.16
721,1377549695,22.16
721,1377549700,22.16
721,1377549705,22.16
721,1377549710,22.16
721,1377549715,22.16
721,1377549720,22.15
721,1377549725,22.16
721,1377549730,22.16
721,1377549735,22.16
721,1377549740,22.17
721,1377549745,22.16
721,1377549750,22.16
721,1377549755,22.16
721,1377549760,22.15
721,1377549765,22.16
721,1377549770,22.17
721,1377549775,22.16
721,1377549780,22.17
721,1377549785,22.16
721,1377549790,22.17
721,1377549795,22.17
721,1377549800,22.18
721,1377549805,22.16
721,1377549810,22.17
721,1377549815,22.17
721,1377549820,22.16
721,1377549825,22.17
721,1377549830,22.18
721,1377549835,22.16
721,1377549840,22.17
721,1377549845,22.17
721,1377549850,22.16
721,1377549855,22.16
721,1377549860,22.16
721,1377549865,22.17
721,1377549870,22.16
721,1377549875,22.16
721,1377549880,22.17
721,1377549885,22.17
721,1377549890,22.16
721,1377549895,22.17
721,1377549900,22.17
721,1377549905,22.17
721,1377549910,22.17
721,1377549915,22.17
721,1377549920,22.18
721,1377549925,22.18
721,1377549930,22.16
721,1377549935,22.17
721,1377549940,22.18
721,1377549945,22.17
721,1377549950,22.17
721,1377549956,22.17
721,1377549960,22.18
721,1377549968,22.17
721,1377549970,22.17
721,1377549975,22.18
721,1377549980,22.18
721,1377549985,22.16
721,1377549990,22.18
721,1377549995,22.17
721,1377550000,22.18
721,1377550005,22.17
721,1377550010,22.16
721,1377550015,22.18
721,1377550020,22.18
721,1377550025,22.18
721,1377550030,22.18
721,1377550035,22.18
721,1377550040,22.18
721,1377550045,22.17
721,1377550050,22.16
721,1377550055,22.17
721,1377550060,22.17
721,1377550065,22.17
721,1377550070,22.18
721,1377550075,22.17
721,1377550080,22.18
721,1377550085,22.18
721,1377550090,22.17
721,1377550095,22.18
721,1377550100,22.18
721,1377550105,22.18
721,1377550110,22.18
721,1377550115,22.18
721,1377550120,22.18
721,1377550125,22.18
721,1377550130,22.18
721,1377550135,22.19
721,1377550140,22.19
721,1377550145,22.19
721,1377550150,22.19
721,1377550155,22.18
721,1377550160,22.18
721,1377550165,22.18
721,1377550170,22.18
721,1377550175,22.19
721,1377550180,22.19
721,1377550185,22.19
721,1377550190,22.18
721,1377550195,22.19
721,1377550200,22.19
721,1377550205,22.19
721,1377550210,22.2
721,1377550215,22.19
721,1377550220,22.19
721,1377550225,22.18
721,1377550230,22.19
721,1377550235,22.19
721,1377550240,22.2
721,1377550245,22.18
721,1377550250,22.2
721,1377550255,22.19
721,1377550260,22.19
721,1377550265,22.19
721,1377550270,22.18
721,1377550275,22.2
721,1377550280,22.19
721,1377550285,22.2
721,1377550290,22.2
721,1377550295,22.19
721,1377550300,22.19
721,1377550305,22.19
721,1377550310,22.19
721,1377550315,22.19
721,1377550320,22.18
721,1377550325,22.2
721,1377550330,22.18
721,1377550335,22.19
721,1377550340,22.18
721,1377550345,22.19
721,1377550350,22.19
721,1377550355,22.19
721,1377550360,22.19
721,1377550365,22.19
721,1377550370,22.2
721,1377550375,22.2
721,1377550380,22.19
721,1377550385,22.2
721,1377550390,22.19
721,1377550395,22.19
721,1377550400,22.19
721,1377550405,22.2
721,1377550410,22.18
721,1377550415,22.19
721,1377550420,22.2
721,1377550425,22.2
721,1377550430,22.2
721,1377550435,22.2
721,1377550440,22.2
721,1377550445,22.19
721,1377550450,22.21
721,1377550455,22.2
721,1377550460,22.2
721,1377550465,22.2
721,1377550470,22.2
721,1377550475,22.2
721,1377550480,22.2
721,1377550485,22.2
721,1377550490,22.21
721,1377550495,22.2
721,1377550500,22.2
721,1377550505,22.2
721,1377550510,22.19
721,1377550515,22.2
721,1377550520,22.19
721,1377550525,22.2
721,1377550530,22.21
721,1377550535,22.2
721,1377550540,22.2
721,1377550545,22.2
721,1377550550,22.2
721,1377550555,22.2
721,1377550560,22.2
721,1377550565,22.21
721,1377550570,22.2
721,1377550575,22.2
721,1377550580,22.21
721,1377550585,22.2
721,1377550590,22.2
721,1377550595,22.21
721,1377550600,22.2
721,1377550605,22.2
721,1377550610,22.2
721,1377550615,22.21
721,1377550620,22.21
721,1377550625,22.21
721,1377550630,22.2
721,1377550635,22.21
721,1377550640,22.21
721,1377550645,22.22
721,1377550650,22.21
721,1377550655,22.2
721,1377550660,22.21
721,1377550665,22.2
721,1377550670,22.22
721,1377550675,22.2
721,1377550680,22.21
721,1377550685,22.21
721,1377550690,22.21
721,1377550695,22.22
721,1377550700,22.21
721,1377550705,22.21
721,1377550710,22.22
721,1377550715,22.22
721,1377550720,22.21
721,1377550725,22.21
721,1377550730,22.22
721,1377550735,22.2
721,1377550740,22.21
721,1377550745,22.22
721,1377550750,22.22
721,1377550755,22.22
721,1377550760,22.21
721,1377550765,22.22
721,1377550770,22.21
721,1377550775,22.21
721,1377550780,22.22
721,1377550785,22.22
721,1377550790,22.23
721,1377550795,22.21
721,1377550800,22.22
721,1377550805,22.22
721,1377550810,22.22
721,1377550815,22.21
721,1377550820,22.22
721,1377550825,22.22
721,1377550830,22.21
721,1377550835,22.23
721,1377550840,22.22
721,1377550845,22.23
721,1377550850,22.22
721,1377550855,22.22
721,1377550860,22.22
721,1377550865,22.21
721,1377550870,22.2
721,1377550875,22.2
721,1377550880,22.22
721,1377550885,22.21
721,1377550890,22.22
721,1377550895,22.21
721,1377550900,22.22
721,1377550905,22.2
721,1377550910,22.22
721,1377550915,22.21
721,1377550920,22.21
721,1377550925,22.22
721,1377550930,22.22
721,1377550935,22.22
721,1377550940,22.22
721,1377550945,22.21
721,1377550950,22.22
721,1377550955,22.21
721,1377550960,22.22
721,1377550965,22.22
721,1377550970,22.23
721,1377550975,22.22
721,1377550980,22.22
721,1377550985,22.22
721,1377550990,22.22
721,1377550995,22.21
721,1377551000,22.22
721,1377551005,22.21
721,1377551010,22.22
721,1377551015,22.22
721,1377551020,22.22
721,1377551025,22.23
721,1377551030,22.23
721,1377551035,22.22
721,1377551040,22.23
721,1377551045,22.22
721,1377551050,22.22
721,1377551055,22.22
721,1377551060,22.23
721,1377551065,22.21
721,1377551070,22.2
721,1377551075,22.22
721,1377551080,22.23
721,1377551085,22.22
721,1377551090,22.23
721,1377551095,22.22
721,1377551100,22.24
721,1377551105,22.22
721,1377551110,22.22
721,1377551115,22.22
721,1377551120,22.22
721,1377551125,22.23
721,1377551130,22.22
721,1377551135,22.22
721,1377551140,22.24
721,1377551145,22.24
721,1377551150,22.22
721,1377551155,22.24
721,1377551160,22.24
721,1377551165,22.22
721,1377551170,22.23
721,1377551175,22.24
721,1377551180,22.23
721,1377551185,22.23
721,1377551190,22.23
721,1377551195,22.23
721,1377551200,22.23
721,1377551205,22.22
721,1377551210,22.23
721,1377551215,22.22
721,1377551220,22.22
721,1377551225,22.23
721,1377551230,22.23
721,1377551235,22.24
721,1377551240,22.23
721,1377551245,22.23
721,1377551250,22.23
721,1377551255,22.23
721,1377551260,22.23
721,1377551265,22.23
721,1377551270,22.24
721,1377551275,22.24
721,1377551280,22.22
721,1377551285,22.23
721,1377551290,22.22
721,1377551295,22.23
721,1377551300,22.23
721,1377551305,22.24
721,1377551310,22.23
721,1377551315,22.22
721,1377551320,22.24
721,1377551325,22.23
721,1377551330,22.22
721,1377551335,22.23
721,1377551340,22.24
721,1377551345,22.22
721,1377551350,22.24
721,1377551355,22.24
721,1377551360,22.23
721,1377551365,22.23
721,1377551370,22.24
721,1377551375,22.23
721,1377551380,22.23
721,1377551385,22.23
721,1377551390,22.23
721,1377551395,22.24
721,1377551400,22.24
721,1377551405,22.24
721,1377551410,22.24
721,1377551415,22.24
721,1377551420,22.24
721,1377551425,22.24
721,1377551430,22.24
721,1377551435,22.23
721,1377551440,22.22
721,1377551445,22.24
721,1377551450,22.24
721,1377551455,22.24
721,1377551460,22.24
721,1377551465,22.24
721,1377551470,22.23
721,1377551475,22.23
721,1377551480,22.24
721,1377551485,22.24
721,1377551490,22.24
721,1377551495,22.24
721,1377551500,22.23
721,1377551505,22.23
721,1377551510,22.24
721,1377551515,22.24
721,1377551520,22.23
721,1377551525,22.24
721,1377551530,22.24
721,1377551535,22.24
721,1377551540,22.24
721,1377551545,22.24
721,1377551550,22.24
721,1377551555,22.24
721,1377551560,22.24
721,1377551565,22.24
721,1377551570,22.26
721,1377551575,22.24
721,1377551580,22.24
721,1377551585,22.24
721,1377551590,22.24
721,1377551595,22.25
721,1377551600,22.24
721,1377551605,22.24
721,1377551610,22.24
721,1377551615,22.23
721,1377551620,22.24
721,1377551625,22.25
721,1377551630,22.25
721,1377551635,22.25
721,1377551640,22.26
721,1377551645,22.24
721,1377551650,22.24
721,1377551655,22.24
721,1377551660,22.24
721,1377551665,22.24
721,1377551670,22.25
721,1377551675,22.24
721,1377551680,22.24
721,1377551685,22.25
721,1377551690,22.25
721,1377551695,22.24
721,1377551700,22.24
721,1377551705,22.24
721,1377551710,22.24
721,1377551715,22.25
721,1377551720,22.25
721,1377551725,22.24
721,1377551732,22.25
721,1377551735,22.25
721,1377551740,22.24
721,1377551745,22.25
721,1377551750,22.25
721,1377551755,22.25
721,1377551760,22.25
721,1377551765,22.24
721,1377551770,22.24
721,1377551775,22.24
721,1377551780,22.25
721,1377551785,22.24
721,1377551790,22.25
721,1377551795,22.26
721,1377551800,22.26
721,1377551805,22.26
721,1377551810,22.25
721,1377551815,22.25
721,1377551820,22.25
721,1377551825,22.26
721,1377551830,22.26
721,1377551835,22.25
721,1377551840,22.24
721,1377551845,22.24
721,1377551850,22.24
721,1377551855,22.25
721,1377551860,22.26
721,1377551865,22.26
721,1377551870,22.25
721,1377551875,22.25
721,1377551880,22.24
721,1377551885,22.25
721,1377551890,22.25
721,1377551895,22.24
721,1377551900,22.26
721,1377551905,22.24
721,1377551910,22.26
721,1377551915,22.24
721,1377551920,22.25
721,1377551925,22.26
721,1377551930,22.26
721,1377551935,22.25
721,1377551940,22.26
721,1377551945,22.25
721,1377551950,22.25
721,1377551955,22.26
721,1377551960,22.26
721,1377551965,22.26
721,1377551970,22.26
721,1377551975,22.27
721,1377551980,22.26
721,1377551985,22.25
721,1377551990,22.26
721,1377551995,22.26
721,1377552000,22.25
721,1377552005,22.24
721,1377552010,22.26
721,1377552015,22.26
721,1377552020,22.26
721,1377552025,22.26
721,1377552030,22.25
721,1377552035,22.26
721,1377552040,22.25
721,1377552045,22.26
721,1377552050,22.26
721,1377552055,22.26
721,1377552060,22.26
721,1377552065,22.26
721,1377552070,22.26
721,1377552075,22.26
721,1377552080,22.27
721,1377552085,22.26
721,1377552090,22.26
721,1377552095,22.27
721,1377552100,22.26
721,1377552105,22.25
721,1377552110,22.26
721,1377552115,22.25
721,1377552120,22.27
721,1377552125,22.26
721,1377552130,22.26
721,1377552135,22.26
721,1377552140,22.26
721,1377552145,22.26
721,1377552150,22.27
721,1377552155,22.26
721,1377552160,22.28
721,1377552165,22.27
721,1377552170,22.27
721,1377552175,22.27
721,1377552180,22.27
721,1377552185,22.27
721,1377552190,22.26
721,1377552195,22.27
721,1377552200,22.26
721,1377552205,22.27
721,1377552210,22.27
721,1377552215,22.27
721,1377552220,22.26
721,1377552225,22.27
721,1377552230,22.26
721,1377552235,22.27
721,1377552240,22.27
721,1377552245,22.26
721,1377552250,22.28
721,1377552255,22.27
721,1377552260,22.27
721,1377552265,22.28
721,1377552270,22.28
721,1377552275,22.28
721,1377552280,22.27
721,1377552285,22.28
721,1377552290,22.27
721,1377552295,22.28
721,1377552300,22.29
721,1377552305,22.28
721,1377552310,22.26
721,1377552315,22.28
721,1377552320,22.26
721,1377552325,22.28
721,1377552330,22.27
721,1377552335,22.28
721,1377552340,22.26
721,1377552345,22.28
721,1377552350,22.27
721,1377552355,22.28
721,1377552360,22.27
721,1377552365,22.28
721,1377552370,22.28
721,1377552375,22.27
721,1377552380,22.26
721,1377552385,22.28
721,1377552390,22.28
721,1377552395,22.28
721,1377552400,22.28
721,1377552405,22.28
721,1377552410,22.28
721,1377552415,22.28
721,1377552420,22.28
721,1377552425,22.28
721,1377552430,22.28
721,1377552435,22.28
721,1377552440,22.29
721,1377552445,22.28
721,1377552450,22.28
721,1377552455,22.29
721,1377552460,22.28
721,1377552465,22.28
721,1377552470,22.28
721,1377552475,22.28
721,1377552480,22.28
721,1377552485,22.28
721,1377552490,22.28
721,1377552495,22.28
721,1377552500,22.28
721,1377552505,22.28
721,1377552510,22.28
721,1377552515,22.28
721,1377552520,22.28
721,1377552525,22.28
721,1377552530,22.28
721,1377552535,22.27
721,1377552540,22.28
721,1377552545,22.28
721,1377552550,22.28
721,1377552555,22.29
721,1377552561,22.28
721,1377552565,22.27
721,1377552570,22.28
721,1377552575,22.29
721,1377552580,22.3
721,1377552585,22.29
721,1377552590,22.28
721,1377552595,22.3
721,1377552600,22.28
721,1377552605,22.28
721,1377552610,22.29
721,1377552615,22.28
721,1377552620,22.28
721,1377552625,22.29
721,1377552630,22.28
721,1377552635,22.28
721,1377552640,22.28
721,1377552645,22.29
721,1377552650,22.3
721,1377552655,22.29
721,1377552660,22.29
721,1377552665,22.29
721,1377552670,22.29
721,1377552675,22.29
721,1377552680,22.29
721,1377552685,22.28
721,1377552690,22.29
721,1377552695,22.3
721,1377552700,22.29
721,1377552705,22.28
721,1377552710,22.3
721,1377552715,22.28
721,1377552720,22.29
721,1377552725,22.29
721,1377552730,22.29
721,1377552735,22.29
721,1377552740,22.3
721,1377552745,22.29
721,1377552750,22.3
721,1377552755,22.3
721,1377552760,22.28
721,1377552765,22.29
721,1377552770,22.3
721,1377552775,22.29
721,1377552780,22.3
721,1377552785,22.3
721,1377552790,22.28
721,1377552795,22.3
721,1377552800,22.3
721,1377552805,22.3
721,1377552810,22.28
721,1377552815,22.3
721,1377552820,22.3
721,1377552825,22.29
721,1377552830,22.29
721,1377552835,22.29
721,1377552840,22.29
721,1377552845,22.28
721,1377552850,22.3
721,1377552855,22.3
721,1377552860,22.3
721,1377552865,22.29
721,1377552870,22.29
721,1377552875,22.29
721,1377552880,22.29
721,1377552885,22.3
721,1377552890,22.29
721,1377552895,22.3
721,1377552900,22.31
721,1377552905,22.3
721,1377552910,22.29
721,1377552915,22.29
721,1377552920,22.29
721,1377552925,22.3
721,1377552930,22.29
721,1377552935,22.3
721,1377552940,22.28
721,1377552945,22.3
721,1377552950,22.3
721,1377552955,22.3
721,1377552960,22.29
721,1377552965,22.29
721,1377552970,22.3
721,1377552975,22.3
721,1377552980,22.3
721,1377552985,22.3
721,1377552990,22.3
721,1377552995,22.3
721,1377553000,22.3
721,1377553005,22.3
721,1377553010,22.29
721,1377553015,22.3
721,1377553020,22.3
721,1377553025,22.3
721,1377553030,22.3
721,1377553035,22.29
721,1377553040,22.3
721,1377553045,22.29
721,1377553050,22.3
721,1377553055,22.3
721,1377553060,22.3
721,1377553065,22.3
721,1377553070,22.3
721,1377553075,22.31
721,1377553080,22.3
721,1377553085,22.3
721,1377553090,22.3
721,1377553095,22.3
721,1377553100,22.31
721,1377553105,22.3
721,1377553110,22.3
721,1377553115,22.31
721,1377553120,22.3
721,1377553125,22.31
721,1377553130,22.3
721,1377553135,22.29
721,1377553140,22.29
721,1377553145,22.3
721,1377553150,22.3
721,1377553155,22.29
721,1377553160,22.3
721,1377553165,22.3
721,1377553170,22.29
721,1377553175,22.3
721,1377553180,22.3
721,1377553185,22.3
721,1377553190,22.3
721,1377553195,22.3
721,1377553200,22.3
721,1377553205,22.3
721,1377553210,22.3
721,1377553215,22.31
721,1377553220,22.31
721,1377553225,22.32
721,1377553230,22.31
721,1377553235,22.3
721,1377553240,22.3
721,1377553245,22.31
721,1377553250,22.32
721,1377553255,22.3
721,1377553260,22.32
721,1377553265,22.32
721,1377553270,22.31
721,1377553275,22.31
721,1377553280,22.32
721,1377553285,22.31
721,1377553290,22.32
721,1377553295,22.3
721,1377553300,22.31
721,1377553305,22.31
721,1377553310,22.3
721,1377553315,22.31
721,1377553320,22.31
721,1377553325,22.31
721,1377553330,22.31
721,1377553335,22.32
721,1377553340,22.31
721,1377553345,22.32
721,1377553350,22.31
721,1377553355,22.31
721,1377553360,22.32
721,1377553365,22.3
721,1377553370,22.31
721,1377553375,22.31
721,1377553380,22.32
721,1377553385,22.31
721,1377553390,22.3
721,1377553395,22.32
721,1377553400,22.31
721,1377553405,22.31
721,1377553410,22.31
721,1377553415,22.31
721,1377553420,22.3
721,1377553426,22.31
721,1377553430,22.31
721,1377553435,22.32
721,1377553440,22.31
721,1377553445,22.32
721,1377553450,22.32
721,1377553455,22.32
721,1377553460,22.31
721,1377553465,22.3
721,1377553470,22.32
721,1377553475,22.3
721,1377553480,22.32
721,1377553485,22.32
721,1377553490,22.32
721,1377553495,22.31
721,1377553500,22.31
721,1377553505,22.32
721,1377553510,22.33
721,1377553515,22.31
721,1377553520,22.32
721,1377553525,22.31
721,1377553530,22.32
721,1377553535,22.32
721,1377553540,22.31
721,1377553545,22.32
721,1377553550,22.32
721,1377553555,22.32
721,1377553560,22.32
721,1377553565,22.32
721,1377553570,22.32
721,1377553575,22.32
721,1377553580,22.32
721,1377553585,22.32
721,1377553590,22.32
721,1377553595,22.33
721,1377553600,22.32
721,1377553605,22.32
721,1377553610,22.32
721,1377553615,22.33
721,1377553620,22.32
721,1377553625,22.32
721,1377553630,22.33
721,1377553635,22.34
721,1377553640,22.34
721,1377553645,22.33
721,1377553650,22.32
721,1377553655,22.34
721,1377553660,22.32
721,1377553665,22.31
721,1377553670,22.31
721,1377553675,22.32
721,1377553680,22.32
721,1377553685,22.31
721,1377553690,22.32
721,1377553695,22.33
721,1377553700,22.34
721,1377553705,22.34
721,1377553710,22.32
721,1377553715,22.31
721,1377553721,22.33
721,1377553725,22.34
721,1377553730,22.33
721,1377553735,22.33
721,1377553740,22.32
721,1377553745,22.32
721,1377553750,22.32
721,1377553755,22.32
721,1377553760,22.32
721,1377553765,22.32
721,1377553770,22.33
721,1377553775,22.32
721,1377553780,22.33
721,1377553785,22.34
721,1377553790,22.33
721,1377553795,22.33
721,1377553800,22.32
721,1377553805,22.33
721,1377553810,22.32
721,1377553815,22.31
721,1377553820,22.33
721,1377553825,22.32
721,1377553830,22.32
721,1377553835,22.33
721,1377553840,22.33
721,1377553845,22.33
721,1377553850,22.32
721,1377553855,22.32
721,1377553860,22.34
721,1377553865,22.34
721,1377553870,22.35
721,1377553875,22.33
721,1377553880,22.32
721,1377553885,22.33
721,1377553890,22.34
721,1377553895,22.32
721,1377553900,22.34
721,1377553905,22.33
721,1377553910,22.34
721,1377553915,22.34
721,1377553920,22.34
721,1377553925,22.34
721,1377553930,22.34
721,1377553935,22.32
721,1377553940,22.33
721,1377553945,22.34
721,1377553950,22.35
721,1377553955,22.34
721,1377553960,22.32
721,1377553965,22.33
721,1377553970,22.32
721,1377553975,22.34
721,1377553980,22.34
721,1377553985,22.33
721,1377553990,22.34
721,1377553995,22.34
721,1377554000,22.34
721,1377554005,22.33
721,1377554010,22.34
721,1377554015,22.35
721,1377554020,22.34
721,1377554025,22.33
721,1377554030,22.33
721,1377554035,22.35
721,1377554040,22.34
721,1377554045,22.34
721,1377554050,22.34
721,1377554055,22.34
721,1377554060,22.34
721,1377554065,22.34
721,1377554070,22.35
721,1377554075,22.35
721,1377554080,22.35
721,1377554085,22.36
721,1377554090,22.34
721,1377554095,22.34
721,1377554100,22.34
721,1377554105,22.34
721,1377554110,22.34
721,1377554115,22.36
721,1377554120,22.34
721,1377554125,22.34
721,1377554130,22.36
721,1377554135,22.34
721,1377554140,22.35
721,1377554145,22.34
721,1377554150,22.35
721,1377554155,22.34
721,1377554160,22.34
721,1377554165,22.34
721,1377554170,22.35
721,1377554175,22.35
721,1377554180,22.34
721,1377554185,22.34
721,1377554190,22.35
721,1377554195,22.36
721,1377554200,22.34
721,1377554205,22.34
721,1377554210,22.35
721,1377554215,22.36
721,1377554220,22.36
721,1377554225,22.35
721,1377554230,22.35
721,1377554235,22.36
721,1377554240,22.35
721,1377554245,22.36
721,1377554250,22.35
721,1377554255,22.35
721,1377554260,22.35
721,1377554265,22.35
721,1377554270,22.35
721,1377554275,22.34
721,1377554280,22.34
721,1377554286,22.34
721,1377554290,22.34
721,1377554295,22.35
721,1377554300,22.35
721,1377554305,22.35
721,1377554310,22.35
721,1377554315,22.36
721,1377554320,22.36
721,1377554325,22.36
721,1377554330,22.36
721,1377554335,22.36
721,1377554340,22.36
721,1377554345,22.35
721,1377554350,22.35
721,1377554355,22.35
721,1377554360,22.36
721,1377554365,22.35
721,1377554370,22.35
721,1377554375,22.36
721,1377554380,22.36
721,1377554385,22.34
721,1377554390,22.36
721,1377554395,22.36
721,1377554400,22.35
721,1377554405,22.35
721,1377554410,22.35
721,1377554415,22.35
721,1377554420,22.36
721,1377554425,22.36
721,1377554430,22.36
721,1377554435,22.35
721,1377554440,22.36
721,1377554445,22.36
721,1377554450,22.34
721,1377554455,22.35
721,1377554460,22.35
721,1377554465,22.36
721,1377554470,22.36
721,1377554475,22.35
721,1377554480,22.36
721,1377554485,22.37
721,1377554490,22.35
721,1377554495,22.36
721,1377554500,22.37
721,1377554505,22.36
721,1377554510,22.36
721,1377554515,22.36
721,1377554520,22.36
721,1377554525,22.36
721,1377554530,22.37
721,1377554535,22.37
721,1377554540,22.38
721,1377554545,22.36
721,1377554550,22.36
721,1377554555,22.37
721,1377554560,22.37
721,1377554565,22.36
721,1377554570,22.36
721,1377554575,22.36
721,1377554580,22.36
721,1377554585,22.36
721,1377554590,22.36
721,1377554595,22.37
721,1377554600,22.36
721,1377554605,22.36
721,1377554610,22.36
721,1377554615,22.37
721,1377554620,22.37
721,1377554625,22.36
721,1377554630,22.37
721,1377554635,22.38
721,1377554640,22.38
721,1377554645,22.37
721,1377554650,22.37
721,1377554655,22.36
721,1377554660,22.37
721,1377554665,22.36
721,1377554670,22.37
721,1377554675,22.36
721,1377554680,22.37
721,1377554685,22.37
721,1377554690,22.38
721,1377554695,22.38
721,1377554700,22.37
721,1377554705,22.36
721,1377554710,22.36
721,1377554715,22.37
721,1377554720,22.38
721,1377554725,22.38
721,1377554730,22.38
721,1377554735,22.38
721,1377554740,22.36
721,1377554745,22.38
721,1377554750,22.38
721,1377554755,22.38
721,1377554760,22.37
721,1377554765,22.37
721,1377554770,22.38
721,1377554775,22.37
721,1377554780,22.37
721,1377554785,22.37
721,1377554790,22.37
721,1377554795,22.38
721,1377554800,22.36
721,1377554805,22.38
721,1377554810,22.37
721,1377554815,22.38
721,1377554820,22.38
721,1377554825,22.37
721,1377554830,22.37
721,1377554835,22.37
721,1377554840,22.36
721,1377554845,22.37
721,1377554850,22.37
721,1377554855,22.38
721,1377554860,22.36
721,1377554865,22.38
721,1377554870,22.38
721,1377554875,22.38
721,1377554880,22.37
721,1377554885,22.37
721,1377554890,22.38
721,1377554895,22.37
721,1377554900,22.38
721,1377554905,22.38
721,1377554910,22.38
721,1377554915,22.36
721,1377554920,22.38
721,1377554925,22.38
721,1377554930,22.38
721,1377554935,22.38
721,1377554940,22.38
721,1377554945,22.37
721,1377554950,22.37
721,1377554955,22.38
721,1377554960,22.38
721,1377554965,22.38
721,1377554970,22.37
721,1377554975,22.38
721,1377554980,22.38
721,1377554985,22.38
721,1377554990,22.38
721,1377554995,22.39
721,1377555000,22.38
721,1377555005,22.38
721,1377555010,22.37
721,1377555015,22.38
721,1377555020,22.39
721,1377555025,22.4
721,1377555030,22.38
721,1377555035,22.38
721,1377555040,22.37
721,1377555045,22.38
721,1377555050,22.39
721,1377555055,22.38
721,1377555060,22.4
721,1377555065,22.38
721,1377555070,22.38
721,1377555075,22.38
721,1377555080,22.38
721,1377555085,22.38
721,1377555090,22.38
721,1377555095,22.38
721,1377555100,22.38
721,1377555105,22.38
721,1377555110,22.38
721,1377555115,22.38
721,1377555120,22.37
721,1377555125,22.37
721,1377555131,22.38
721,1377555135,22.38
721,1377555140,22.38
721,1377555145,22.38
721,1377555150,22.38
721,1377555155,22.38
721,1377555160,22.38
721,1377555165,22.4
721,1377555170,22.38
721,1377555175,22.38
721,1377555180,22.39
721,1377555185,22.38
721,1377555190,22.38
721,1377555195,22.39
721,1377555200,22.38
721,1377555205,22.38
721,1377555210,22.38
721,1377555215,22.38
721,1377555220,22.39
721,1377555225,22.39
721,1377555230,22.39
721,1377555235,22.38
721,1377555240,22.38
721,1377555245,22.38
721,1377555250,22.38
721,1377555255,22.38
721,1377555260,22.38
721,1377555265,22.39
721,1377555270,22.39
721,1377555275,22.38
721,1377555280,22.39
721,1377555285,22.39
721,1377555290,22.39
721,1377555295,22.38
721,1377555300,22.39
721,1377555305,22.39
721,1377555310,22.39
721,1377555315,22.39
721,1377555320,22.4
721,1377555325,22.38
721,1377555330,22.39
721,1377555335,22.39
721,1377555340,22.39
721,1377555345,22.39
721,1377555350,22.4
721,1377555355,22.4
721,1377555360,22.4
721,1377555365,22.4
721,1377555370,22.39
721,1377555375,22.4
721,1377555380,22.39
721,1377555385,22.39
721,1377555390,22.39
721,1377555395,22.38
721,1377555400,22.4
721,1377555405,22.39
721,1377555410,22.4
721,1377555415,22.4
721,1377555420,22.4
721,1377555425,22.4
721,1377555430,22.39
721,1377555435,22.4
721,1377555440,22.39
721,1377555445,22.39
721,1377555450,22.39
721,1377555455,22.4
721,1377555460,22.4
721,1377555465,22.4
721,1377555470,22.4
721,1377555475,22.4
721,1377555480,22.39
721,1377555485,22.4
721,1377555490,22.4
721,1377555495,22.4
721,1377555500,22.4
721,1377555505,22.4
721,1377555510,22.4
721,1377555515,22.39
721,1377555520,22.39
721,1377555525,22.4
721,1377555530,22.4
721,1377555535,22.39
721,1377555540,22.4
721,1377555545,22.39
721,1377555550,22.4
721,1377555555,22.4
721,1377555560,22.39
721,1377555565,22.4
721,1377555570,22.39
721,1377555575,22.4
721,1377555580,22.4
721,1377555585,22.4
721,1377555590,22.42
721,1377555595,22.4
721,1377555600,22.4
721,1377555605,22.4
721,1377555610,22.4
721,1377555615,22.4
721,1377555620,22.4
721,1377555625,22.4
721,1377555630,22.4
721,1377555635,22.4
721,1377555640,22.41
721,1377555645,22.4
721,1377555650,22.4
721,1377555655,22.41
721,1377555660,22.4
721,1377555665,22.41
721,1377555670,22.41
721,1377555675,22.4
721,1377555680,22.41
721,1377555685,22.4
721,1377555690,22.41
721,1377555695,22.41
721,1377555700,22.4
721,1377555705,22.41
721,1377555710,22.4
721,1377555715,22.41
721,1377555720,22.4
721,1377555725,22.4
721,1377555730,22.4
721,1377555735,22.4
721,1377555740,22.41
721,1377555745,22.42
721,1377555750,22.41
721,1377555755,22.41
721,1377555760,22.43
721,1377555765,22.41
721,1377555770,22.4
721,1377555775,22.41
721,1377555780,22.38
721,1377555785,22.4
721,1377555790,22.41
721,1377555795,22.41
721,1377555800,22.42
721,1377555805,22.41
721,1377555810,22.41
721,1377555815,22.42
721,1377555820,22.41
721,1377555825,22.41
721,1377555830,22.41
721,1377555835,22.42
721,1377555840,22.41
721,1377555845,22.41
721,1377555850,22.41
721,1377555855,22.42
721,1377555860,22.42
721,1377555865,22.41
721,1377555870,22.4
721,1377555875,22.42
721,1377555880,22.42
721,1377555885,22.42
721,1377555890,22.42
721,1377555895,22.41
721,1377555900,22.42
721,1377555905,22.41
721,1377555910,22.42
721,1377555915,22.42
721,1377555920,22.41
721,1377555925,22.42
721,1377555930,22.42
721,1377555935,22.42
721,1377555940,22.42
721,1377555945,22.42
721,1377555950,22.41
721,1377555955,22.41
721,1377555960,22.41
721,1377555965,22.42
721,1377555970,22.41
721,1377555975,22.42
721,1377555980,22.41
721,1377555988,22.42
721,1377555990,22.42
721,1377555995,22.42
721,1377556000,22.42
721,1377556005,22.42
721,1377556010,22.42
721,1377556015,22.42
721,1377556020,22.41
721,1377556025,22.41
721,1377556030,22.42
721,1377556035,22.42
721,1377556040,22.42
721,1377556045,22.43
721,1377556050,22.42
721,1377556055,22.42
721,1377556060,22.42
721,1377556065,22.41
721,1377556070,22.42
721,1377556075,22.42
721,1377556080,22.42
721,1377556085,22.42
721,1377556090,22.42
721,1377556095,22.42
721,1377556100,22.42
721,1377556105,22.43
721,1377556110,22.42
721,1377556115,22.43
721,1377556120,22.42
721,1377556125,22.42
721,1377556130,22.42
721,1377556135,22.43
721,1377556140,22.42
721,1377556145,22.43
721,1377556150,22.42
721,1377556155,22.42
721,1377556160,22.43
721,1377556165,22.41
721,1377556170,22.43
721,1377556175,22.43
721,1377556180,22.43
721,1377556185,22.43
721,1377556190,22.42
721,1377556195,22.43
721,1377556200,22.43
721,1377556205,22.43
721,1377556210,22.43
721,1377556215,22.43
721,1377556220,22.42
721,1377556225,22.43
721,1377556230,22.42
721,1377556235,22.42
721,1377556240,22.43
721,1377556245,22.42
721,1377556250,22.44
721,1377556255,22.42
721,1377556260,22.43
721,1377556265,22.42
721,1377556270,22.43
721,1377556275,22.42
721,1377556280,22.44
721,1377556285,22.42
721,1377556290,22.43
721,1377556295,22.43
721,1377556300,22.43
721,1377556305,22.43
721,1377556310,22.42
721,1377556315,22.44
721,1377556320,22.43
721,1377556325,22.44
721,1377556330,22.44
721,1377556335,22.44
721,1377556340,22.43
721,1377556345,22.43
721,1377556350,22.43
721,1377556355,22.42
721,1377556360,22.43
721,1377556365,22.42
721,1377556370,22.42
721,1377556375,22.43
721,1377556380,22.43
721,1377556385,22.42
721,1377556390,22.44
721,1377556395,22.44
721,1377556400,22.43
721,1377556405,22.44
721,1377556410,22.44
721,1377556415,22.43
721,1377556420,22.42
721,1377556425,22.44
721,1377556430,22.44
721,1377556435,22.43
721,1377556440,22.44
721,1377556445,22.45
721,1377556450,22.43
721,1377556455,22.43
721,1377556460,22.44
721,1377556465,22.43
721,1377556470,22.43
721,1377556475,22.43
721,1377556480,22.45
721,1377556485,22.44
721,1377556490,22.44
721,1377556495,22.43
721,1377556500,22.44
721,1377556505,22.44
721,1377556510,22.44
721,1377556515,22.43
721,1377556520,22.44
721,1377556525,22.44
721,1377556530,22.44
721,1377556535,22.44
721,1377556540,22.44
721,1377556545,22.44
721,1377556550,22.44
721,1377556555,22.44
721,1377556560,22.43
721,1377556565,22.43
721,1377556570,22.44
721,1377556575,22.43
721,1377556580,22.44
721,1377556585,22.43
721,1377556590,22.44
721,1377556595,22.44
721,1377556600,22.44
721,1377556605,22.43
721,1377556610,22.43
721,1377556615,22.44
721,1377556620,22.45
721,1377556625,22.44
721,1377556630,22.45
721,1377556635,22.45
721,1377556640,22.44
721,1377556645,22.45
721,1377556650,22.45
721,1377556655,22.44
721,1377556660,22.44
721,1377556665,22.45
721,1377556670,22.45
721,1377556675,22.45
721,1377556680,22.43
721,1377556685,22.44
721,1377556690,22.45
721,1377556695,22.45
721,1377556700,22.46
721,1377556705,22.46
721,1377556710,22.45
721,1377556715,22.44
721,1377556720,22.45
721,1377556725,22.45
721,1377556730,22.45
721,1377556735,22.44
721,1377556740,22.44
721,1377556745,22.44
721,1377556750,22.44
721,1377556755,22.45
721,1377556760,22.45
721,1377556765,22.45
721,1377556770,22.44
721,1377556775,22.45
721,1377556780,22.46
721,1377556785,22.45
721,1377556791,22.46
721,1377556795,22.45
721,1377556800,22.45
721,1377556805,22.45
721,1377556810,22.45
721,1377556815,22.45
721,1377556820,22.46
721,1377556826,22.44
721,1377556830,22.45
721,1377556835,22.46
721,1377556840,22.44
721,1377556845,22.45
721,1377556850,22.46
721,1377556855,22.44
721,1377556860,22.45
721,1377556865,22.45
721,1377556870,22.45
721,1377556875,22.44
721,1377556880,22.46
721,1377556885,22.45
721,1377556890,22.45
721,1377556895,22.45
721,1377556900,22.46
721,1377556905,22.46
721,1377556910,22.45
721,1377556915,22.45
721,1377556920,22.45
721,1377556925,22.45
721,1377556930,22.46
721,1377556935,22.45
721,1377556940,22.46
721,1377556945,22.46
721,1377556950,22.44
721,1377556955,22.45
721,1377556960,22.46
721,1377556965,22.46
721,1377556970,22.46
721,1377556975,22.46
721,1377556980,22.46
721,1377556985,22.46
721,1377556990,22.46
721,1377556995,22.46
721,1377557000,22.47
721,1377557005,22.45
721,1377557010,22.46
721,1377557015,22.46
721,1377557020,22.44
721,1377557025,22.46
721,1377557030,22.44
721,1377557035,22.46
721,1377557040,22.45
721,1377557045,22.45
721,1377557050,22.45
721,1377557055,22.45
721,1377557060,22.45
721,1377557065,22.46
721,1377557070,22.46
721,1377557075,22.47
721,1377557080,22.46
721,1377557085,22.46
721,1377557090,22.46
721,1377557095,22.46
721,1377557100,22.45
721,1377557105,22.46
721,1377557110,22.46
721,1377557115,22.47
721,1377557120,22.46
721,1377557125,22.46
721,1377557130,22.47
721,1377557135,22.46
721,1377557140,22.46
721,1377557145,22.46
721,1377557150,22.47
721,1377557155,22.48
721,1377557160,22.46
721,1377557165,22.46
721,1377557170,22.46
721,1377557175,22.47
721,1377557180,22.46
721,1377557185,22.46
721,1377557190,22.46
721,1377557195,22.46
721,1377557200,22.46
721,1377557205,22.46
721,1377557210,22.46
721,1377557215,22.46
721,1377557220,22.46
721,1377557225,22.46
721,1377557230,22.46
721,1377557235,22.46
721,1377557240,22.47
721,1377557245,22.46
721,1377557250,22.47
721,1377557255,22.47
721,1377557260,22.46
721,1377557265,22.48
721,1377557270,22.48
721,1377557275,22.46
721,1377557280,22.48
721,1377557285,22.46
721,1377557290,22.47
721,1377557295,22.48
721,1377557300,22.47
721,1377557305,22.48
721,1377557310,22.46
721,1377557315,22.47
721,1377557320,22.46
721,1377557325,22.48
721,1377557330,22.47
721,1377557335,22.46
721,1377557340,22.46
721,1377557345,22.47
721,1377557350,22.47
721,1377557355,22.47
721,1377557360,22.46
721,1377557365,22.47
721,1377557370,22.46
721,1377557375,22.46
721,1377557380,22.47
721,1377557385,22.48
721,1377557390,22.47
721,1377557395,22.48
721,1377557400,22.48
721,1377557405,22.48
721,1377557410,22.47
721,1377557415,22.47
721,1377557420,22.48
721,1377557425,22.46
721,1377557430,22.47
721,1377557435,22.48
721,1377557440,22.46
721,1377557445,22.47
721,1377557450,22.46
721,1377557455,22.47
721,1377557460,22.48
721,1377557465,22.48
721,1377557470,22.46
721,1377557475,22.48
721,1377557480,22.48
721,1377557485,22.47
721,1377557490,22.47
721,1377557495,22.47
721,1377557500,22.47
721,1377557505,22.47
721,1377557510,22.48
721,1377557515,22.48
721,1377557520,22.47
721,1377557525,22.49
721,1377557530,22.48
721,1377557535,22.48
721,1377557540,22.47
721,1377557545,22.48
721,1377557550,22.48
721,1377557555,22.48
721,1377557560,22.48
721,1377557565,22.47
721,1377557570,22.48
721,1377557575,22.48
721,1377557580,22.48
721,1377557585,22.48
721,1377557590,22.48
721,1377557595,22.49
721,1377557600,22.48
721,1377557605,22.47
721,1377557610,22.48
721,1377557615,22.48
721,1377557620,22.48
721,1377557625,22.48
721,1377557630,22.48
721,1377557635,22.48
721,1377557640,22.48
721,1377557649,22.48
721,1377557650,22.48
721,1377557655,22.48
721,1377557660,22.48
721,1377557665,22.48
721,1377557670,22.49
721,1377557675,22.48
721,1377557680,22.48
721,1377557685,22.48
721,1377557690,22.47
721,1377557695,22.48
721,1377557700,22.48
721,1377557705,22.48
721,1377557710,22.48
721,1377557715,22.48
721,1377557720,22.47
721,1377557725,22.48
721,1377557730,22.48
721,1377557735,22.49
721,1377557740,22.48
721,1377557745,22.48
721,1377557750,22.48
721,1377557755,22.49
721,1377557760,22.48
721,1377557765,22.48
721,1377557770,22.48
721,1377557775,22.48
721,1377557780,22.49
721,1377557785,22.49
721,1377557790,22.48
721,1377557795,22.47
721,1377557800,22.48
721,1377557805,22.49
721,1377557810,22.48
721,1377557815,22.48
721,1377557820,22.49
721,1377557825,22.49
721,1377557830,22.49
721,1377557835,22.49
721,1377557840,22.48
721,1377557845,22.47
721,1377557850,22.48
721,1377557855,22.48
721,1377557860,22.48
721,1377557865,22.49
721,1377557870,22.48
721,1377557875,22.48
721,1377557880,22.48
721,1377557885,22.48
721,1377557890,22.48
721,1377557895,22.49
721,1377557900,22.49
721,1377557905,22.5
721,1377557910,22.48
721,1377557915,22.48
721,1377557920,22.49
721,1377557925,22.49
721,1377557930,22.5
721,1377557935,22.5
721,1377557940,22.48
721,1377557945,22.48
721,1377557950,22.48
721,1377557955,22.49
721,1377557960,22.49
721,1377557965,22.48
721,1377557970,22.5
721,1377557975,22.5
721,1377557980,22.49
721,1377557985,22.49
721,1377557990,22.49
721,1377557995,22.48
721,1377558000,22.49
721,1377558005,22.49
721,1377558010,22.5
721,1377558015,22.48
721,1377558020,22.49
721,1377558025,22.5
721,1377558030,22.48
721,1377558035,22.49
721,1377558040,22.49
721,1377558045,22.48
721,1377558050,22.49
721,1377558055,22.49
721,1377558060,22.49
721,1377558065,22.49
721,1377558070,22.49
721,1377558075,22.48
721,1377558080,22.49
721,1377558085,22.49
721,1377558090,22.5
721,1377558095,22.5
721,1377558100,22.5
721,1377558105,22.5
721,1377558110,22.49
721,1377558115,22.49
721,1377558120,22.5
721,1377558125,22.5
721,1377558130,22.49
721,1377558135,22.5
721,1377558140,22.5
721,1377558145,22.5
721,1377558150,22.49
721,1377558155,22.5
721,1377558160,22.49
721,1377558165,22.5
721,1377558170,22.5
721,1377558175,22.5
721,1377558180,22.49
721,1377558185,22.49
721,1377558190,22.5
721,1377558195,22.5
721,1377558200,22.49
721,1377558205,22.5
721,1377558210,22.49
721,1377558215,22.5
721,1377558220,22.5
721,1377558225,22.5
721,1377558230,22.48
721,1377558235,22.5
721,1377558240,22.5
721,1377558245,22.5
721,1377558250,22.5
721,1377558255,22.5
721,1377558260,22.51
721,1377558265,22.51
721,1377558270,22.5
721,1377558275,22.5
721,1377558280,22.49
721,1377558285,22.5
721,1377558290,22.5
721,1377558295,22.51
721,1377558300,22.51
721,1377558305,22.5
721,1377558310,22.5
721,1377558315,22.5
721,1377558320,22.5
721,1377558325,22.5
721,1377558330,22.5
721,1377558335,22.5
721,1377558340,22.51
721,1377558345,22.5
721,1377558350,22.49
721,1377558355,22.5
721,1377558360,22.5
721,1377558365,22.5
721,1377558370,22.51
721,1377558375,22.51
721,1377558380,22.51
721,1377558385,22.5
721,1377558390,22.51
721,1377558395,22.5
721,1377558400,22.49
721,1377558405,22.5
721,1377558410,22.5
721,1377558415,22.51
721,1377558420,22.5
721,1377558425,22.5
721,1377558430,22.5
721,1377558435,22.51
721,1377558440,22.5
721,1377558445,22.5
721,1377558450,22.5
721,1377558455,22.5
721,1377558460,22.5
721,1377558465,22.5
721,1377558470,22.51
721,1377558475,22.5
721,1377558480,22.51
721,1377558485,22.5
721,1377558490,22.5
721,1377558495,22.5
721,1377558500,22.51
721,1377558505,22.5
721,1377558510,22.52
721,1377558515,22.52
721,1377558520,22.5
721,1377558525,22.49
721,1377558530,22.5
721,1377558535,22.5
721,1377558540,22.51
721,1377558545,22.5
721,1377558550,22.5
721,1377558555,22.51
721,1377558560,22.51
721,1377558565,22.51
721,1377558570,22.5
721,1377558575,22.5
721,1377558580,22.52
721,1377558585,22.51
721,1377558590,22.51
721,1377558595,22.51
721,1377558600,22.51
721,1377558605,22.5
721,1377558610,22.51
721,1377558615,22.5
721,1377558620,22.5
721,1377558625,22.51
721,1377558630,22.51
721,1377558635,22.5
721,1377558640,22.51
721,1377558645,22.51
721,1377558650,22.51
721,1377558655,22.51
721,1377558660,22.5
721,1377558665,22.51
721,1377558670,22.51
721,1377558675,22.51
721,1377558680,22.52
721,1377558685,22.51
721,1377558690,22.5
721,1377558695,22.52
721,1377558700,22.5
721,1377558705,22.52
721,1377558710,22.5
721,1377558715,22.5
721,1377558720,22.51
721,1377558725,22.51
721,1377558730,22.52
721,1377558735,22.52
721,1377558740,22.51
721,1377558745,22.51
721,1377558750,22.49
721,1377558755,22.5
721,1377558760,22.51
721,1377558765,22.51
721,1377558770,22.51
721,1377558775,22.52
721,1377558780,22.52
721,1377558785,22.51
721,1377558790,22.51
721,1377558795,22.51
721,1377558800,22.51
721,1377558805,22.51
721,1377558810,22.5
721,1377558815,22.51
721,1377558820,22.51
721,1377558825,22.52
721,1377558830,22.52
721,1377558835,22.51
721,1377558840,22.5
721,1377558845,22.52
721,1377558850,22.52
721,1377558855,22.52
721,1377558860,22.52
721,1377558865,22.52
721,1377558870,22.52
721,1377558875,22.51
721,1377558880,22.51
721,1377558885,22.52
721,1377558890,22.52
721,1377558895,22.52
721,1377558900,22.52
721,1377558905,22.52
721,1377558910,22.51
721,1377558915,22.52
721,1377558920,22.51
721,1377558925,22.51
721,1377558930,22.52
721,1377558935,22.51
721,1377558940,22.52
721,1377558945,22.52
721,1377558950,22.51
721,1377558955,22.52
721,1377558960,22.52
721,1377558965,22.51
721,1377558970,22.52
721,1377558975,22.52
721,1377558980,22.52
721,1377558985,22.52
721,1377558990,22.53
721,1377558995,22.52
721,1377559000,22.52
721,1377559005,22.52
721,1377559010,22.51
721,1377559015,22.51
721,1377559020,22.52
721,1377559025,22.52
721,1377559030,22.52
721,1377559035,22.52
721,1377559040,22.51
721,1377559045,22.53
721,1377559050,22.52
721,1377559055,22.52
721,1377559060,22.53
721,1377559065,22.52
721,1377559070,22.51
721,1377559075,22.52
721,1377559080,22.51
721,1377559085,22.52
721,1377559090,22.52
721,1377559095,22.52
721,1377559100,22.53
721,1377559105,22.52
721,1377559110,22.52
721,1377559115,22.51
721,1377559120,22.52
721,1377559125,22.51
721,1377559130,22.52
721,1377559135,22.53
721,1377559140,22.53
721,1377559145,22.52
721,1377559150,22.52
721,1377559155,22.52
721,1377559160,22.52
721,1377559165,22.52
721,1377559170,22.52
721,1377559175,22.51
721,1377559180,22.52
721,1377559185,22.51
721,1377559190,22.51
721,1377559195,22.52
721,1377559200,22.51
721,1377559205,22.52
721,1377559210,22.52
721,1377559215,22.52
721,1377559220,22.51
721,1377559225,22.52
721,1377559230,22.51
721,1377559235,22.52
721,1377559240,22.51
721,1377559245,22.51
721,1377559251,22.52
721,1377559255,22.53
721,1377559260,22.52
721,1377559265,22.52
721,1377559270,22.52
721,1377559275,22.52
721,1377559280,22.51
721,1377559285,22.52
721,1377559290,22.52
721,1377559295,22.52
721,1377559300,22.52
721,1377559305,22.52
721,1377559310,22.51
721,1377559315,22.52
721,1377559320,22.52
721,1377559325,22.53
721,1377559330,22.52
721,1377559335,22.52
721,1377559340,22.52
721,1377559345,22.52
721,1377559350,22.52
721,1377559355,22.52
721,1377559360,22.52
721,1377559365,22.52
721,1377559370,22.52
721,1377559376,22.52
721,1377559380,22.52
721,1377559385,22.52
721,1377559390,22.52
721,1377559395,22.52
721,1377559400,22.52
721,1377559405,22.53
721,1377559410,22.52
721,1377559415,22.52
721,1377559420,22.52
721,1377559425,22.52
721,1377559430,22.52
721,1377559435,22.52
721,1377559440,22.52
721,1377559445,22.52
721,1377559450,22.52
721,1377559455,22.51
721,1377559460,22.52
721,1377559465,22.52
721,1377559470,22.53
721,1377559475,22.53
721,1377559480,22.52
721,1377559485,22.53
721,1377559490,22.53
721,1377559495,22.52
721,1377559500,22.52
721,1377559505,22.52
721,1377559510,22.52
721,1377559515,22.53
721,1377559520,22.52
721,1377559525,22.52
721,1377559530,22.53
721,1377559535,22.53
721,1377559540,22.53
721,1377559545,22.54
721,1377559550,22.52
721,1377559555,22.53
721,1377559560,22.52
721,1377559565,22.54
721,1377559570,22.53
721,1377559575,22.51
721,1377559580,22.52
721,1377559585,22.52
721,1377559590,22.52
721,1377559595,22.53
721,1377559600,22.52
721,1377559605,22.51
721,1377559610,22.52
721,1377559615,22.53
721,1377559620,22.54
721,1377559625,22.53
721,1377559630,22.53
721,1377559635,22.52
721,1377559640,22.53
721,1377559645,22.52
721,1377559650,22.53
721,1377559655,22.52
721,1377559660,22.53
721,1377559665,22.52
721,1377559670,22.53
721,1377559675,22.54
721,1377559680,22.53
721,1377559685,22.52
721,1377559690,22.52
721,1377559695,22.52
721,1377559700,22.54
721,1377559705,22.52
721,1377559710,22.54
721,1377559715,22.53
721,1377559720,22.53
721,1377559725,22.53
721,1377559730,22.53
721,1377559735,22.53
721,1377559740,22.53
721,1377559745,22.54
721,1377559750,22.54
721,1377559755,22.54
721,1377559760,22.53
721,1377559765,22.54
721,1377559770,22.53
721,1377559775,22.53
721,1377559780,22.53
721,1377559785,22.52
721,1377559790,22.53
721,1377559795,22.53
721,1377559800,22.54
721,1377559805,22.52
721,1377559810,22.52
721,1377559815,22.54
721,1377559820,22.52
721,1377559826,22.52
721,1377559830,22.52
721,1377559835,22.54
721,1377559840,22.53
721,1377559845,22.52
721,1377559850,22.53
721,1377559855,22.53
721,1377559860,22.53
721,1377559865,22.54
721,1377559870,22.52
721,1377559875,22.53
721,1377559880,22.54
721,1377559885,22.53
721,1377559890,22.53
721,1377559895,22.53
721,1377559900,22.54
721,1377559905,22.54
721,1377559910,22.53
721,1377559915,22.54
721,1377559920,22.53
721,1377559925,22.53
721,1377559930,22.52
721,1377559935,22.54
721,1377559940,22.53
721,1377559945,22.52
721,1377559950,22.52
721,1377559955,22.54
721,1377559960,22.53
721,1377559965,22.53
721,1377559970,22.53
721,1377559975,22.53
721,1377559980,22.53
721,1377559985,22.54
721,1377559990,22.54
721,1377559995,22.54
721,1377560000,22.53
721,1377560005,22.53
721,1377560010,22.53
721,1377560015,22.54
721,1377560020,22.54
721,1377560025,22.53
721,1377560030,22.53
721,1377560035,22.54
721,1377560040,22.52
721,1377560045,22.52
721,1377560050,22.53
721,1377560055,22.54
721,1377560060,22.53
721,1377560065,22.53
721,1377560070,22.53
721,1377560075,22.54
721,1377560080,22.53
721,1377560085,22.53
721,1377560090,22.53
721,1377560095,22.54
721,1377560100,22.53
721,1377560106,22.53
721,1377560110,22.54
721,1377560115,22.52
721,1377560120,22.55
721,1377560125,22.54
721,1377560130,22.54
721,1377560135,22.53
721,1377560140,22.54
721,1377560145,22.54
721,1377560150,22.54
721,1377560155,22.54
721,1377560160,22.54
721,1377560165,22.54
721,1377560170,22.54
721,1377560175,22.54
721,1377560180,22.54
721,1377560185,22.54
721,1377560190,22.54
721,1377560195,22.54
721,1377560200,22.54
721,1377560205,22.54
721,1377560210,22.53
721,1377560216,22.53
721,1377560220,22.54
721,1377560225,22.54
721,1377560230,22.54
721,1377560235,22.54
721,1377560240,22.54
721,1377560245,22.54
721,1377560250,22.54
721,1377560255,22.54
721,1377560260,22.54
721,1377560265,22.54
721,1377560270,22.54
721,1377560275,22.54
721,1377560280,22.53
721,1377560285,22.54
721,1377560290,22.54
721,1377560295,22.55
721,1377560300,22.54
721,1377560305,22.54
721,1377560310,22.54
721,1377560315,22.54
721,1377560320,22.55
721,1377560325,22.53
721,1377560330,22.53
721,1377560335,22.54
721,1377560340,22.54
721,1377560345,22.54
721,1377560350,22.55
721,1377560355,22.54
721,1377560360,22.54
721,1377560365,22.54
721,1377560370,22.54
721,1377560375,22.53
721,1377560380,22.54
721,1377560385,22.55
721,1377560390,22.54
721,1377560395,22.54
721,1377560400,22.54
721,1377560405,22.54
721,1377560410,22.54
721,1377560415,22.54
721,1377560420,22.55
721,1377560425,22.54
721,1377560430,22.55
721,1377560435,22.55
721,1377560440,22.55
721,1377560445,22.55
721,1377560450,22.54
721,1377560455,22.55
721,1377560460,22.55
721,1377560465,22.56
721,1377560470,22.55
721,1377560475,22.54
721,1377560480,22.54
721,1377560485,22.55
721,1377560490,22.54
721,1377560495,22.54
721,1377560500,22.55
721,1377560505,22.54
721,1377560510,22.55
721,1377560515,22.54
721,1377560520,22.54
721,1377560525,22.55
721,1377560530,22.55
721,1377560535,22.55
721,1377560540,22.54
721,1377560545,22.55
721,1377560550,22.55
721,1377560555,22.55
721,1377560560,22.54
721,1377560565,22.55
721,1377560570,22.54
721,1377560575,22.55
721,1377560580,22.55
721,1377560585,22.55
721,1377560590,22.54
721,1377560595,22.54
721,1377560600,22.54
721,1377560605,22.54
721,1377560610,22.55
721,1377560615,22.55
721,1377560620,22.55
721,1377560625,22.56
721,1377560630,22.56
721,1377560635,22.54
721,1377560640,22.55
721,1377560645,22.54
721,1377560650,22.54
721,1377560655,22.54
721,1377560660,22.54
721,1377560665,22.54
721,1377560670,22.54
721,1377560675,22.54
721,1377560680,22.54
721,1377560685,22.55
721,1377560690,22.55
721,1377560695,22.54
721,1377560700,22.56
721,1377560705,22.54
721,1377560710,22.56
721,1377560715,22.54
721,1377560720,22.55
721,1377560725,22.56
721,1377560730,22.54
721,1377560735,22.55
721,1377560740,22.56
721,1377560745,22.55
721,1377560750,22.55
721,1377560755,22.56
721,1377560760,22.55
721,1377560765,22.55
721,1377560770,22.54
721,1377560775,22.55
721,1377560780,22.56
721,1377560785,22.54
721,1377560790,22.54
721,1377560795,22.54
721,1377560800,22.56
721,1377560805,22.54
721,1377560810,22.55
721,1377560815,22.54
721,1377560820,22.56
721,1377560825,22.55
721,1377560830,22.55
721,1377560835,22.54
721,1377560840,22.55
721,1377560845,22.55
721,1377560850,22.55
721,1377560855,22.55
721,1377560860,22.55
721,1377560865,22.54
721,1377560870,22.56
721,1377560875,22.54
721,1377560880,22.55
721,1377560885,22.55
721,1377560890,22.54
721,1377560895,22.55
721,1377560900,22.56
721,1377560905,22.54
721,1377560910,22.54
721,1377560915,22.54
721,1377560920,22.55
721,1377560925,22.56
721,1377560930,22.56
721,1377560935,22.54
721,1377560941,22.56
721,1377560945,22.54
721,1377560950,22.55
721,1377560955,22.55
721,1377560960,22.55
721,1377560965,22.54
721,1377560970,22.55
721,1377560975,22.55
721,1377560980,22.55
721,1377560985,22.54
721,1377560990,22.55
721,1377560995,22.54
721,1377561000,22.54
721,1377561005,22.55
721,1377561010,22.55
721,1377561015,22.55
721,1377561020,22.54
721,1377561025,22.55
721,1377561030,22.55
721,1377561035,22.55
721,1377561040,22.56
721,1377561045,22.54
721,1377561050,22.54
721,1377561055,22.56
721,1377561060,22.55
721,1377561065,22.55
721,1377561070,22.55
721,1377561075,22.55
721,1377561080,22.56
721,1377561085,22.54
721,1377561090,22.55
721,1377561095,22.54
721,1377561100,22.55
721,1377561105,22.56
721,1377561110,22.55
721,1377561115,22.55
721,1377561120,22.56
721,1377561125,22.54
721,1377561130,22.56
721,1377561135,22.55
721,1377561140,22.56
721,1377561145,22.55
721,1377561150,22.55
721,1377561155,22.56
721,1377561160,22.54
721,1377561165,22.55
721,1377561170,22.56
721,1377561175,22.56
721,1377561180,22.56
721,1377561185,22.54
721,1377561190,22.55
721,1377561195,22.55
721,1377561200,22.55
721,1377561205,22.55
721,1377561210,22.54
721,1377561215,22.55
721,1377561220,22.56
721,1377561225,22.55
721,1377561230,22.57
721,1377561235,22.55
721,1377561240,22.55
721,1377561245,22.56
721,1377561250,22.56
721,1377561255,22.55
721,1377561260,22.56
721,1377561265,22.55
721,1377561270,22.55
721,1377561275,22.56
721,1377561280,22.56
721,1377561285,22.56
721,1377561290,22.56
721,1377561295,22.56
721,1377561300,22.56
721,1377561305,22.55
721,1377561310,22.55
721,1377561315,22.55
721,1377561320,22.55
721,1377561325,22.56
721,1377561330,22.55
721,1377561335,22.56
721,1377561340,22.55
721,1377561345,22.56
721,1377561350,22.55
721,1377561355,22.55
721,1377561360,22.55
721,1377561365,22.56
721,1377561370,22.55
721,1377561375,22.56
721,1377561380,22.56
721,1377561385,22.56
721,1377561390,22.56
721,1377561395,22.55
721,1377561400,22.54
721,1377561405,22.55
721,1377561410,22.56
721,1377561415,22.57
721,1377561420,22.56
721,1377561425,22.55
721,1377561430,22.56
721,1377561435,22.56
721,1377561440,22.56
721,1377561445,22.56
721,1377561450,22.55
721,1377561455,22.56
721,1377561460,22.56
721,1377561465,22.56
721,1377561470,22.56
721,1377561475,22.56
721,1377561480,22.56
721,1377561485,22.56
721,1377561490,22.55
721,1377561495,22.56
721,1377561500,22.56
721,1377561505,22.56
721,1377561510,22.56
721,1377561515,22.56
721,1377561520,22.55
721,1377561525,22.57
721,1377561530,22.56
721,1377561535,22.57
721,1377561540,22.55
721,1377561545,22.56
721,1377561550,22.55
721,1377561555,22.57
721,1377561560,22.56
721,1377561565,22.57
721,1377561570,22.57
721,1377561575,22.56
721,1377561580,22.56
721,1377561585,22.57
721,1377561590,22.56
721,1377561595,22.56
721,1377561600,22.56
721,1377561605,22.55
721,1377561610,22.56
721,1377561615,22.57
721,1377561620,22.55
721,1377561625,22.56
721,1377561630,22.56
721,1377561635,22.56
721,1377561640,22.56
721,1377561645,22.56
721,1377561650,22.56
721,1377561655,22.56
721,1377561660,22.56
721,1377561665,22.56
721,1377561670,22.57
721,1377561675,22.57
721,1377561680,22.56
721,1377561685,22.56
721,1377561690,22.56
721,1377561695,22.56
721,1377561700,22.56
721,1377561705,22.58
721,1377561710,22.56
721,1377561715,22.56
721,1377561720,22.57
721,1377561725,22.56
721,1377561730,22.56
721,1377561735,22.56
721,1377561740,22.57
721,1377561745,22.55
721,1377561750,22.57
721,1377561755,22.57
721,1377561760,22.56
721,1377561765,22.57
721,1377561770,22.58
721,1377561775,22.57
721,1377561780,22.58
721,1377561785,22.56
721,1377561790,22.58
721,1377561795,22.57
721,1377561802,22.57
721,1377561805,22.58
721,1377561810,22.56
721,1377561815,22.56
721,1377561820,22.57
721,1377561825,22.57
721,1377561830,22.57
721,1377561835,22.56
721,1377561840,22.56
721,1377561845,22.56
721,1377561850,22.57
721,1377561855,22.57
721,1377561860,22.57
721,1377561865,22.56
721,1377561870,22.56
721,1377561875,22.56
721,1377561881,22.57
721,1377561885,22.56
721,1377561890,22.57
721,1377561895,22.57
721,1377561900,22.56
721,1377561905,22.56
721,1377561910,22.56
721,1377561915,22.56
721,1377561920,22.57
721,1377561925,22.56
721,1377561930,22.56
721,1377561935,22.57
721,1377561940,22.56
721,1377561945,22.56
721,1377561950,22.56
721,1377561955,22.56
721,1377561960,22.56
721,1377561965,22.56
721,1377561970,22.56
721,1377561975,22.56
721,1377561980,22.56
721,1377561985,22.56
721,1377561990,22.57
721,1377561995,22.57
721,1377562000,22.57
721,1377562005,22.57
721,1377562010,22.56
721,1377562015,22.57
721,1377562020,22.56
721,1377562025,22.57
721,1377562030,22.57
721,1377562035,22.57
721,1377562040,22.57
721,1377562045,22.57
721,1377562050,22.57
721,1377562055,22.58
721,1377562060,22.56
721,1377562065,22.57
721,1377562070,22.56
721,1377562075,22.57
721,1377562080,22.57
721,1377562085,22.57
721,1377562090,22.57
721,1377562095,22.56
721,1377562100,22.56
721,1377562105,22.56
721,1377562110,22.58
721,1377562115,22.56
721,1377562120,22.58
721,1377562125,22.57
721,1377562130,22.57
721,1377562135,22.56
721,1377562140,22.57
721,1377562145,22.58
721,1377562150,22.58
721,1377562155,22.57
721,1377562160,22.58
721,1377562165,22.56
721,1377562170,22.58
721,1377562175,22.58
721,1377562180,22.57
721,1377562185,22.57
721,1377562190,22.57
721,1377562195,22.58
721,1377562200,22.57
721,1377562205,22.57
721,1377562210,22.57
721,1377562215,22.56
721,1377562220,22.57
721,1377562225,22.58
721,1377562230,22.57
721,1377562235,22.56
721,1377562240,22.57
721,1377562245,22.58
721,1377562250,22.58
721,1377562255,22.57
721,1377562260,22.57
721,1377562265,22.57
721,1377562270,22.58
721,1377562275,22.58
721,1377562280,22.58
721,1377562285,22.57
721,1377562290,22.58
721,1377562295,22.58
721,1377562300,22.57
721,1377562305,22.58
721,1377562310,22.57
721,1377562315,22.58
721,1377562320,22.58
721,1377562325,22.58
721,1377562330,22.58
721,1377562335,22.58
721,1377562340,22.58
721,1377562345,22.58
721,1377562350,22.58
721,1377562355,22.58
721,1377562360,22.57
721,1377562365,22.58
721,1377562370,22.57
721,1377562375,22.58
721,1377562380,22.58
721,1377562385,22.59
721,1377562390,22.58
721,1377562395,22.58
721,1377562400,22.58
721,1377562405,22.58
721,1377562410,22.58
721,1377562415,22.58
721,1377562420,22.58
721,1377562425,22.58
721,1377562430,22.58
721,1377562435,22.58
721,1377562440,22.59
721,1377562445,22.58
721,1377562450,22.58
721,1377562455,22.59
721,1377562460,22.58
721,1377562465,22.57
721,1377562470,22.59
721,1377562475,22.58
721,1377562480,22.58
721,1377562485,22.58
721,1377562490,22.59
721,1377562495,22.58
721,1377562500,22.59
721,1377562505,22.59
721,1377562510,22.58
721,1377562515,22.58
721,1377562520,22.58
721,1377562525,22.58
721,1377562530,22.58
721,1377562535,22.59
721,1377562540,22.58
721,1377562545,22.58
721,1377562550,22.59
721,1377562555,22.58
721,1377562560,22.59
721,1377562565,22.58
721,1377562570,22.59
721,1377562575,22.58
721,1377562580,22.58
721,1377562585,22.58
721,1377562590,22.58
721,1377562595,22.58
721,1377562600,22.58
721,1377562605,22.58
721,1377562610,22.58
721,1377562615,22.58
721,1377562620,22.57
721,1377562625,22.58
721,1377562630,22.59
721,1377562635,22.58
721,1377562640,22.59
721,1377562645,22.58
721,1377562652,22.59
721,1377562655,22.59
721,1377562660,22.58
721,1377562665,22.59
721,1377562670,22.6
721,1377562675,22.6
721,1377562680,22.58
721,1377562685,22.59
721,1377562690,22.59
721,1377562695,22.59
721,1377562700,22.58
721,1377562705,22.6
721,1377562710,22.59
721,1377562715,22.6
721,1377562720,22.59
721,1377562725,22.6
721,1377562730,22.6
721,1377562735,22.59
721,1377562740,22.6
721,1377562745,22.58
721,1377562750,22.59
721,1377562755,22.59
721,1377562760,22.58
721,1377562765,22.58
721,1377562770,22.59
721,1377562775,22.59
721,1377562780,22.58
721,1377562785,22.58
721,1377562790,22.59
721,1377562795,22.59
721,1377562800,22.6
721,1377562805,22.59
721,1377562810,22.58
721,1377562815,22.58
721,1377562820,22.59
721,1377562825,22.6
721,1377562830,22.58
721,1377562835,22.59
721,1377562840,22.58
721,1377562845,22.58
721,1377562850,22.59
721,1377562855,22.59
721,1377562860,22.58
721,1377562865,22.58
721,1377562870,22.6
721,1377562875,22.6
721,1377562880,22.58
721,1377562885,22.59
721,1377562890,22.6
721,1377562895,22.6
721,1377562900,22.59
721,1377562905,22.58
721,1377562910,22.58
721,1377562915,22.6
721,1377562920,22.6
721,1377562925,22.6
721,1377562930,22.6
721,1377562935,22.59
721,1377562940,22.59
721,1377562945,22.59
721,1377562950,22.59
721,1377562955,22.6
721,1377562960,22.59
721,1377562965,22.59
721,1377562970,22.6
721,1377562975,22.59
721,1377562980,22.59
721,1377562985,22.58
721,1377562990,22.6
721,1377562995,22.59
721,1377563000,22.61
721,1377563005,22.58
721,1377563010,22.59
721,1377563015,22.6
721,1377563020,22.6
721,1377563025,22.59
721,1377563030,22.6
721,1377563035,22.6
721,1377563040,22.59
721,1377563045,22.6
721,1377563050,22.59
721,1377563055,22.59
721,1377563060,22.6
721,1377563065,22.6
721,1377563070,22.6
721,1377563075,22.59
721,1377563080,22.6
721,1377563085,22.6
721,1377563090,22.59
721,1377563095,22.59
721,1377563100,22.59
721,1377563105,22.6
721,1377563110,22.6
721,1377563115,22.6
721,1377563120,22.6
721,1377563125,22.59
721,1377563130,22.59
721,1377563135,22.59
721,1377563140,22.6
721,1377563145,22.59
721,1377563150,22.61
721,1377563155,22.59
721,1377563160,22.6
721,1377563165,22.59
721,1377563170,22.6
721,1377563175,22.6
721,1377563180,22.6
721,1377563185,22.59
721,1377563190,22.6
721,1377563195,22.6
721,1377563200,22.6
721,1377563205,22.59
721,1377563210,22.59
721,1377563215,22.59
721,1377563220,22.6
721,1377563225,22.59
721,1377563230,22.59
721,1377563235,22.59
721,1377563240,22.59
721,1377563245,22.6
721,1377563250,22.6
721,1377563255,22.58
721,1377563260,22.6
721,1377563265,22.59
721,1377563270,22.59
721,1377563275,22.59
721,1377563280,22.59
721,1377563285,22.6
721,1377563290,22.6
721,1377563295,22.59
721,1377563300,22.59
721,1377563305,22.6
721,1377563310,22.6
721,1377563315,22.6
721,1377563320,22.58
721,1377563325,22.6
721,1377563330,22.59
721,1377563335,22.6
721,1377563340,22.6
721,1377563345,22.59
721,1377563350,22.6
721,1377563355,22.59
721,1377563360,22.59
721,1377563365,22.6
721,1377563370,22.61
721,1377563375,22.59
721,1377563380,22.6
721,1377563385,22.59
721,1377563390,22.6
721,1377563395,22.59
721,1377563400,22.59
721,1377563405,22.59
721,1377563410,22.6
721,1377563415,22.59
721,1377563420,22.6
721,1377563425,22.59
721,1377563430,22.6
721,1377563435,22.61
721,1377563440,22.58
721,1377563445,22.6
721,1377563450,22.6
721,1377563455,22.6
721,1377563460,22.59
721,1377563465,22.6
721,1377563470,22.6
721,1377563476,22.59
721,1377563480,22.59
721,1377563485,22.6
721,1377563490,22.59
721,1377563495,22.6
721,1377563500,22.59
721,1377563505,22.59
721,1377563510,22.6
721,1377563515,22.6
721,1377563520,22.6
721,1377563525,22.59
721,1377563530,22.6
721,1377563535,22.59
721,1377563540,22.6
721,1377563545,22.61
721,1377563550,22.59
721,1377563555,22.6
721,1377563560,22.59
721,1377563565,22.59
721,1377563570,22.59
721,1377563575,22.59
721,1377563580,22.6
721,1377563585,22.6
721,1377563590,22.6
721,1377563595,22.6
721,1377563600,22.6
721,1377563605,22.6
721,1377563610,22.61
721,1377563615,22.6
721,1377563620,22.59
721,1377563625,22.6
721,1377563630,22.58
721,1377563635,22.6
721,1377563640,22.59
721,1377563645,22.59
721,1377563650,22.59
721,1377563655,22.6
721,1377563660,22.59
721,1377563665,22.6
721,1377563670,22.59
721,1377563675,22.6
721,1377563680,22.59
721,1377563685,22.6
721,1377563690,22.58
721,1377563695,22.59
721,1377563700,22.6
721,1377563705,22.6
721,1377563710,22.6
721,1377563715,22.6
721,1377563720,22.6
721,1377563725,22.6
721,1377563730,22.6
721,1377563735,22.6
721,1377563740,22.6
721,1377563745,22.6
721,1377563750,22.59
721,1377563755,22.6
721,1377563760,22.6
721,1377563765,22.6
721,1377563770,22.6
721,1377563775,22.6
721,1377563780,22.6
721,1377563785,22.6
721,1377563790,22.59
721,1377563795,22.59
721,1377563800,22.6
721,1377563805,22.6
721,1377563810,22.6
721,1377563815,22.6
721,1377563820,22.6
721,1377563825,22.6
721,1377563830,22.61
721,1377563835,22.6
721,1377563840,22.62
721,1377563845,22.6
721,1377563850,22.6
721,1377563855,22.6
721,1377563860,22.6
721,1377563865,22.61
721,1377563870,22.61
721,1377563875,22.59
721,1377563880,22.6
721,1377563885,22.59
721,1377563890,22.61
721,1377563895,22.6
721,1377563900,22.6
721,1377563905,22.61
721,1377563910,22.61
721,1377563915,22.61
721,1377563920,22.61
721,1377563925,22.61
721,1377563930,22.6
721,1377563935,22.6
721,1377563940,22.6
721,1377563945,22.6
721,1377563950,22.59
721,1377563955,22.61
721,1377563960,22.6
721,1377563965,22.6
721,1377563970,22.6
721,1377563975,22.61
721,1377563980,22.61
721,1377563985,22.6
721,1377563990,22.6
721,1377563995,22.6
721,1377564000,22.6
721,1377564005,22.61
721,1377564010,22.61
721,1377564015,22.61
721,1377564020,22.61
721,1377564025,22.61
721,1377564030,22.6
721,1377564035,22.6
721,1377564040,22.6
721,1377564045,22.6
721,1377564050,22.61
721,1377564055,22.61
721,1377564060,22.62
721,1377564065,22.6
721,1377564070,22.6
721,1377564075,22.62
721,1377564080,22.61
721,1377564085,22.61
721,1377564090,22.6
721,1377564095,22.61
721,1377564100,22.61
721,1377564105,22.61
721,1377564110,22.6
721,1377564115,22.6
721,1377564120,22.61
721,1377564125,22.61
721,1377564130,22.61
721,1377564135,22.6
721,1377564140,22.6
721,1377564145,22.59
721,1377564150,22.61
721,1377564155,22.61
721,1377564160,22.61
721,1377564165,22.61
721,1377564170,22.61
721,1377564175,22.61
721,1377564180,22.62
721,1377564185,22.6
721,1377564190,22.6
721,1377564195,22.61
721,1377564200,22.62
721,1377564205,22.6
721,1377564210,22.62
721,1377564215,22.6
721,1377564220,22.62
721,1377564225,22.62
721,1377564230,22.61
721,1377564235,22.61
721,1377564240,22.62
721,1377564245,22.62
721,1377564250,22.62
721,1377564255,22.62
721,1377564260,22.62
721,1377564265,22.61
721,1377564270,22.62
721,1377564275,22.61
721,1377564280,22.6
721,1377564289,22.62
721,1377564290,22.61
721,1377564295,22.62
721,1377564300,22.62
721,1377564305,22.62
721,1377564310,22.62
721,1377564315,22.61
721,1377564320,22.61
721,1377564325,22.61
721,1377564330,22.6
721,1377564335,22.62
721,1377564340,22.62
721,1377564345,22.62
721,1377564350,22.61
721,1377564355,22.62
721,1377564360,22.62
721,1377564365,22.61
721,1377564370,22.62
721,1377564375,22.62
721,1377564380,22.62
721,1377564385,22.62
721,1377564390,22.62
721,1377564395,22.63
721,1377564400,22.62
721,1377564405,22.62
721,1377564410,22.63
721,1377564415,22.62
721,1377564420,22.62
721,1377564425,22.62
721,1377564430,22.61
721,1377564435,22.62
721,1377564440,22.62
721,1377564445,22.62
721,1377564450,22.61
721,1377564455,22.62
721,1377564460,22.62
721,1377564465,22.62
721,1377564470,22.62
721,1377564475,22.62
721,1377564480,22.62
721,1377564485,22.62
721,1377564490,22.62
721,1377564495,22.62
721,1377564500,22.62
721,1377564505,22.63
721,1377564510,22.63
721,1377564515,22.62
721,1377564520,22.64
721,1377564525,22.62
721,1377564530,22.63
721,1377564535,22.62
721,1377564540,22.62
721,1377564545,22.63
721,1377564550,22.62
721,1377564555,22.63
721,1377564560,22.62
721,1377564565,22.62
721,1377564570,22.64
721,1377564575,22.63
721,1377564580,22.63
721,1377564585,22.64
721,1377564590,22.63
721,1377564595,22.63
721,1377564600,22.63
721,1377564605,22.62
721,1377564610,22.63
721,1377564615,22.62
721,1377564620,22.62
721,1377564625,22.64
721,1377564630,22.64
721,1377564635,22.63
721,1377564640,22.62
721,1377564645,22.64
721,1377564650,22.63
721,1377564655,22.63
721,1377564660,22.63
721,1377564665,22.63
721,1377564670,22.64
721,1377564675,22.63
721,1377564680,22.64
721,1377564685,22.63
721,1377564690,22.63
721,1377564695,22.63
721,1377564700,22.63
721,1377564705,22.62
721,1377564710,22.62
721,1377564715,22.64
721,1377564720,22.63
721,1377564725,22.63
721,1377564730,22.64
721,1377564735,22.63
721,1377564740,22.63
721,1377564745,22.63
721,1377564750,22.64
721,1377564755,22.63
721,1377564760,22.64
721,1377564765,22.63
721,1377564770,22.64
721,1377564775,22.64
721,1377564780,22.63
721,1377564785,22.63
721,1377564790,22.64
721,1377564795,22.63
721,1377564800,22.64
721,1377564805,22.64
721,1377564810,22.64
721,1377564815,22.64
721,1377564820,22.64
721,1377564825,22.64
721,1377564830,22.64
721,1377564835,22.64
721,1377564840,22.65
721,1377564845,22.64
721,1377564850,22.65
721,1377564855,22.65
721,1377564860,22.64
721,1377564865,22.65
721,1377564870,22.64
721,1377564875,22.64
721,1377564880,22.64
721,1377564885,22.64
721,1377564890,22.64
721,1377564895,22.65
721,1377564900,22.66
721,1377564905,22.64
721,1377564910,22.65
721,1377564915,22.64
721,1377564920,22.65
721,1377564925,22.65
721,1377564930,22.64
721,1377564935,22.65
721,1377564940,22.64
721,1377564945,22.64
721,1377564950,22.64
721,1377564955,22.66
721,1377564960,22.64
721,1377564965,22.64
721,1377564970,22.65
721,1377564975,22.65
721,1377564980,22.66
721,1377564985,22.65
721,1377564990,22.65
721,1377564995,22.66
721,1377565000,22.66
721,1377565005,22.65
721,1377565010,22.65
721,1377565015,22.65
721,1377565020,22.66
721,1377565025,22.66
721,1377565030,22.65
721,1377565035,22.65
721,1377565040,22.65
721,1377565045,22.65
721,1377565050,22.65
721,1377565055,22.66
721,1377565060,22.66
721,1377565065,22.66
721,1377565070,22.67
721,1377565075,22.65
721,1377565080,22.66
721,1377565085,22.65
721,1377565090,22.66
721,1377565095,22.64
721,1377565101,22.66
721,1377565105,22.66
721,1377565110,22.66
721,1377565115,22.66
721,1377565120,22.66
721,1377565125,22.66
721,1377565130,22.66
721,1377565135,22.65
721,1377565140,22.67
721,1377565145,22.67
721,1377565150,22.66
721,1377565155,22.67
721,1377565160,22.68
721,1377565165,22.66
721,1377565170,22.67
721,1377565175,22.66
721,1377565180,22.66
721,1377565185,22.67
721,1377565190,22.66
721,1377565195,22.66
721,1377565200,22.67
721,1377565205,22.68
721,1377565210,22.67
721,1377565215,22.67
721,1377565220,22.67
721,1377565225,22.66
721,1377565230,22.66
721,1377565235,22.68
721,1377565240,22.66
721,1377565245,22.67
721,1377565250,22.68
721,1377565255,22.67
721,1377565260,22.66
721,1377565265,22.68
721,1377565270,22.66
721,1377565275,22.67
721,1377565280,22.67
721,1377565285,22.68
721,1377565290,22.66
721,1377565295,22.67
721,1377565300,22.67
721,1377565305,22.68
721,1377565310,22.68
721,1377565315,22.68
721,1377565320,22.66
721,1377565325,22.67
721,1377565330,22.68
721,1377565335,22.68
721,1377565340,22.68
721,1377565345,22.68
721,1377565350,22.69
721,1377565355,22.68
721,1377565360,22.67
721,1377565365,22.68
721,1377565370,22.69
721,1377565375,22.68
721,1377565380,22.67
721,1377565385,22.68
721,1377565390,22.69
721,1377565395,22.68
721,1377565400,22.68
721,1377565405,22.68
721,1377565410,22.67
721,1377565415,22.68
721,1377565420,22.68
721,1377565425,22.68
721,1377565430,22.68
721,1377565435,22.68
721,1377565440,22.69
721,1377565445,22.68
721,1377565450,22.68
721,1377565455,22.69
721,1377565460,22.7
721,1377565465,22.68
721,1377565470,22.7
721,1377565475,22.69
721,1377565480,22.68
721,1377565485,22.69
721,1377565490,22.68
721,1377565495,22.69
721,1377565500,22.69
721,1377565505,22.69
721,1377565510,22.7
721,1377565515,22.7
721,1377565520,22.69
721,1377565525,22.69
721,1377565530,22.69
721,1377565535,22.68
721,1377565540,22.7
721,1377565545,22.72
721,1377565550,22.68
721,1377565555,22.7
721,1377565560,22.7
721,1377565565,22.7
721,1377565570,22.7
721,1377565575,22.7
721,1377565580,22.69
721,1377565585,22.69
721,1377565590,22.7
721,1377565595,22.69
721,1377565600,22.7
721,1377565605,22.7
721,1377565610,22.7
721,1377565615,22.7
721,1377565620,22.7
721,1377565625,22.7
721,1377565630,22.7
721,1377565635,22.7
721,1377565640,22.71
721,1377565645,22.71
721,1377565650,22.7
721,1377565655,22.7
721,1377565660,22.7
721,1377565665,22.7
721,1377565670,22.7
721,1377565675,22.71
721,1377565680,22.72
721,1377565685,22.72
721,1377565690,22.71
721,1377565695,22.7
721,1377565700,22.72
721,1377565705,22.71
721,1377565710,22.72
721,1377565715,22.71
721,1377565720,22.72
721,1377565725,22.72
721,1377565730,22.72
721,1377565735,22.72
721,1377565740,22.72
721,1377565745,22.73
721,1377565750,22.72
721,1377565755,22.72
721,1377565760,22.71
721,1377565765,22.72
721,1377565770,22.72
721,1377565775,22.72
721,1377565780,22.72
721,1377565785,22.72
721,1377565790,22.72
721,1377565795,22.72
721,1377565800,22.72
721,1377565805,22.72
721,1377565810,22.72
721,1377565815,22.73
721,1377565820,22.72
721,1377565825,22.72
721,1377565830,22.73
721,1377565835,22.73
721,1377565840,22.73
721,1377565845,22.73
721,1377565850,22.72
721,1377565855,22.72
721,1377565860,22.72
721,1377565865,22.74
721,1377565870,22.72
721,1377565875,22.74
721,1377565880,22.72
721,1377565885,22.74
721,1377565890,22.74
721,1377565895,22.72
721,1377565900,22.74
721,1377565905,22.73
721,1377565910,22.74
721,1377565915,22.73
721,1377565920,22.74
721,1377565925,22.73
721,1377565933,22.74
721,1377565935,22.74
721,1377565940,22.74
721,1377565945,22.74
721,1377565950,22.75
721,1377565955,22.75
721,1377565960,22.74
721,1377565965,22.74
721,1377565970,22.74
721,1377565975,22.74
721,1377565980,22.75
721,1377565985,22.74
721,1377565990,22.74
721,1377565995,22.74
721,1377566000,22.74
721,1377566005,22.74
721,1377566010,22.75
721,1377566015,22.74
721,1377566020,22.75
721,1377566025,22.74
721,1377566030,22.76
721,1377566035,22.75
721,1377566040,22.75
721,1377566045,22.75
721,1377566050,22.75
721,1377566055,22.75
721,1377566060,22.75
721,1377566065,22.76
721,1377566070,22.76
721,1377566075,22.75
721,1377566080,22.76
721,1377566085,22.76
721,1377566090,22.76
721,1377566095,22.74
721,1377566100,22.76
721,1377566105,22.76
721,1377566110,22.77
721,1377566115,22.76
721,1377566120,22.76
721,1377566125,22.76
721,1377566130,22.76
721,1377566135,22.76
721,1377566140,22.76
721,1377566145,22.76
721,1377566150,22.76
721,1377566155,22.76
721,1377566160,22.78
721,1377566165,22.76
721,1377566170,22.78
721,1377566175,22.77
721,1377566180,22.76
721,1377566185,22.77
721,1377566190,22.78
721,1377566195,22.78
721,1377566200,22.79
721,1377566205,22.78
721,1377566210,22.78
721,1377566215,22.76
721,1377566220,22.78
721,1377566225,22.79
721,1377566230,22.78
721,1377566235,22.78
721,1377566240,22.78
721,1377566245,22.77
721,1377566250,22.78
721,1377566255,22.79
721,1377566260,22.79
721,1377566265,22.78
721,1377566270,22.8
721,1377566275,22.79
721,1377566280,22.78
721,1377566285,22.8
721,1377566290,22.78
721,1377566295,22.78
721,1377566300,22.78
721,1377566305,22.79
721,1377566310,22.79
721,1377566315,22.79
721,1377566320,22.78
721,1377566325,22.78
721,1377566330,22.78
721,1377566335,22.78
721,1377566340,22.79
721,1377566345,22.79
721,1377566350,22.8
721,1377566355,22.81
721,1377566360,22.79
721,1377566365,22.8
721,1377566370,22.8
721,1377566375,22.8
721,1377566380,22.79
721,1377566385,22.79
721,1377566390,22.8
721,1377566395,22.8
721,1377566400,22.8
721,1377566405,22.8
721,1377566410,22.8
721,1377566415,22.8
721,1377566420,22.8
721,1377566425,22.81
721,1377566430,22.8
721,1377566435,22.8
721,1377566440,22.8
721,1377566445,22.81
721,1377566450,22.81
721,1377566455,22.81
721,1377566460,22.81
721,1377566465,22.8
721,1377566470,22.81
721,1377566475,22.8
721,1377566480,22.8
721,1377566485,22.8
721,1377566490,22.81
721,1377566495,22.82
721,1377566500,22.81
721,1377566505,22.8
721,1377566510,22.82
721,1377566515,22.81
721,1377566520,22.82
721,1377566525,22.82
721,1377566530,22.81
721,1377566535,22.82
721,1377566540,22.82
721,1377566545,22.81
721,1377566550,22.81
721,1377566555,22.82
721,1377566560,22.82
721,1377566565,22.81
721,1377566570,22.82
721,1377566575,22.83
721,1377566580,22.82
721,1377566585,22.82
721,1377566590,22.82
721,1377566595,22.81
721,1377566600,22.82
721,1377566605,22.83
721,1377566610,22.82
721,1377566615,22.82
721,1377566620,22.81
721,1377566625,22.83
721,1377566630,22.83
721,1377566635,22.82
721,1377566640,22.82
721,1377566645,22.83
721,1377566650,22.84
721,1377566655,22.83
721,1377566660,22.83
721,1377566665,22.82
721,1377566670,22.82
721,1377566675,22.83
721,1377566680,22.83
721,1377566685,22.83
721,1377566690,22.83
721,1377566695,22.83
721,1377566700,22.83
721,1377566705,22.83
721,1377566710,22.83
721,1377566715,22.83
721,1377566720,22.84
721,1377566725,22.83
721,1377566730,22.84
721,1377566735,22.84
721,1377566740,22.84
721,1377566749,22.84
721,1377566750,22.84
721,1377566755,22.85
721,1377566760,22.84
721,1377566765,22.85
721,1377566770,22.84
721,1377566775,22.84
721,1377566780,22.85
721,1377566785,22.85
721,1377566790,22.84
721,1377566795,22.86
721,1377566800,22.86
721,1377566805,22.84
721,1377566810,22.86
721,1377566815,22.84
721,1377566820,22.84
721,1377566825,22.86
721,1377566830,22.86
721,1377566835,22.85
721,1377566840,22.84
721,1377566845,22.85
721,1377566850,22.85
721,1377566855,22.84
721,1377566860,22.86
721,1377566865,22.85
721,1377566870,22.85
721,1377566875,22.87
721,1377566880,22.85
721,1377566885,22.86
721,1377566890,22.86
721,1377566895,22.86
721,1377566900,22.86
721,1377566905,22.85
721,1377566910,22.85
721,1377566915,22.86
721,1377566920,22.86
721,1377566925,22.86
721,1377566930,22.86
721,1377566935,22.86
721,1377566940,22.86
721,1377566945,22.86
721,1377566950,22.87
721,1377566955,22.87
721,1377566960,22.87
721,1377566965,22.87
721,1377566970,22.86
721,1377566975,22.87
721,1377566980,22.87
721,1377566985,22.88
721,1377566990,22.86
721,1377566995,22.86
721,1377567000,22.86
721,1377567005,22.86
721,1377567010,22.87
721,1377567015,22.86
721,1377567020,22.86
721,1377567025,22.88
721,1377567030,22.88
721,1377567035,22.89
721,1377567040,22.88
721,1377567045,22.87
721,1377567050,22.88
721,1377567055,22.88
721,1377567060,22.88
721,1377567065,22.87
721,1377567070,22.88
721,1377567075,22.88
721,1377567080,22.88
721,1377567085,22.88
721,1377567090,22.87
721,1377567095,22.89
721,1377567100,22.89
721,1377567105,22.88
721,1377567110,22.89
721,1377567115,22.88
721,1377567120,22.88
721,1377567125,22.9
721,1377567130,22.89
721,1377567135,22.89
721,1377567140,22.9
721,1377567145,22.89
721,1377567150,22.9
721,1377567155,22.9
721,1377567160,22.9
721,1377567165,22.89
721,1377567170,22.9
721,1377567175,22.89
721,1377567180,22.9
721,1377567185,22.9
721,1377567190,22.9
721,1377567195,22.91
721,1377567200,22.9
721,1377567205,22.9
721,1377567210,22.9
721,1377567215,22.9
721,1377567220,22.9
721,1377567225,22.91
721,1377567230,22.91
721,1377567235,22.91
721,1377567240,22.9
721,1377567245,22.91
721,1377567250,22.9
721,1377567255,22.91
721,1377567260,22.91
721,1377567265,22.91
721,1377567270,22.91
721,1377567275,22.92
721,1377567280,22.92
721,1377567285,22.91
721,1377567290,22.91
721,1377567295,22.92
721,1377567300,22.9
721,1377567305,22.92
721,1377567310,22.92
721,1377567315,22.93
721,1377567320,22.92
721,1377567325,22.92
721,1377567330,22.92
721,1377567335,22.93
721,1377567340,22.93
721,1377567345,22.92
721,1377567350,22.92
721,1377567355,22.93
721,1377567360,22.92
721,1377567365,22.92
721,1377567370,22.92
721,1377567375,22.93
721,1377567380,22.94
721,1377567385,22.93
721,1377567390,22.93
721,1377567395,22.94
721,1377567400,22.92
721,1377567405,22.93
721,1377567410,22.92
721,1377567415,22.92
721,1377567420,22.94
721,1377567425,22.94
721,1377567430,22.94
721,1377567435,22.93
721,1377567440,22.93
721,1377567445,22.94
721,1377567450,22.94
721,1377567455,22.95
721,1377567460,22.94
721,1377567465,22.94
721,1377567470,22.94
721,1377567475,22.94
721,1377567480,22.94
721,1377567485,22.94
721,1377567490,22.94
721,1377567495,22.94
721,1377567500,22.94
721,1377567505,22.95
721,1377567510,22.95
721,1377567515,22.94
721,1377567520,22.95
721,1377567525,22.94
721,1377567530,22.96
721,1377567535,22.95
721,1377567540,22.96
721,1377567545,22.95
721,1377567550,22.94
721,1377567555,22.96
721,1377567560,22.95
721,1377567565,22.95
721,1377567570,22.94
721,1377567575,22.96
721,1377567580,22.96
721,1377567585,22.96
721,1377567590,22.95
721,1377567595,22.96
721,1377567600,22.97
721,1377567607,22.97
721,1377567610,22.96
721,1377567615,22.96
721,1377567620,22.96
721,1377567625,22.96
721,1377567630,22.96
721,1377567635,22.96
721,1377567640,22.96
721,1377567645,22.97
721,1377567650,22.97
721,1377567655,22.96
721,1377567660,22.96
721,1377567665,22.97
721,1377567670,22.96
721,1377567675,22.97
721,1377567680,22.98
721,1377567685,22.97
721,1377567690,22.98
721,1377567695,22.97
721,1377567700,22.97
721,1377567705,22.96
721,1377567710,22.98
721,1377567715,22.97
721,1377567720,22.98
721,1377567725,22.97
721,1377567730,22.97
721,1377567735,22.98
721,1377567740,22.98
721,1377567745,22.98
721,1377567750,22.99
721,1377567755,22.98
721,1377567760,22.99
721,1377567765,22.98
721,1377567770,22.98
721,1377567775,22.98
721,1377567780,22.98
721,1377567785,23.0
721,1377567790,23.0
721,1377567795,22.99
721,1377567800,22.99
721,1377567805,23.0
721,1377567810,22.98
721,1377567815,22.99
721,1377567820,23.0
721,1377567825,23.0
721,1377567830,23.0
721,1377567835,23.0
721,1377567840,23.0
721,1377567845,23.0
721,1377567850,22.99
721,1377567855,23.0
721,1377567860,23.0
721,1377567865,23.0
721,1377567870,23.0
721,1377567875,23.0
721,1377567880,23.0
721,1377567885,22.99
721,1377567890,23.0
721,1377567895,23.02
721,1377567900,23.01
721,1377567905,23.0
721,1377567910,23.0
721,1377567915,23.01
721,1377567920,23.0
721,1377567925,23.01
721,1377567930,23.0
721,1377567935,23.01
721,1377567940,23.02
721,1377567945,23.02
721,1377567950,23.01
721,1377567955,23.01
721,1377567960,23.02
721,1377567965,23.02
721,1377567970,23.01
721,1377567975,23.02
721,1377567980,23.01
721,1377567985,23.02
721,1377567990,23.02
721,1377567995,23.03
721,1377568000,23.02
721,1377568005,23.01
721,1377568010,23.02
721,1377568015,23.02
721,1377568020,23.02
721,1377568025,23.02
721,1377568030,23.03
721,1377568035,23.02
721,1377568040,23.02
721,1377568045,23.03
721,1377568050,23.04
721,1377568055,23.03
721,1377568060,23.04
721,1377568065,23.04
721,1377568070,23.04
721,1377568075,23.03
721,1377568080,23.03
721,1377568085,23.03
721,1377568090,23.03
721,1377568095,23.04
721,1377568100,23.04
721,1377568105,23.03
721,1377568110,23.04
721,1377568115,23.04
721,1377568120,23.04
721,1377568125,23.03
721,1377568130,23.04
721,1377568135,23.04
721,1377568140,23.04
721,1377568145,23.04
721,1377568150,23.04
721,1377568155,23.04
721,1377568160,23.04
721,1377568165,23.05
721,1377568170,23.05
721,1377568175,23.06
721,1377568180,23.05
721,1377568185,23.06
721,1377568190,23.06
721,1377568195,23.05
721,1377568200,23.05
721,1377568205,23.05
721,1377568210,23.06
721,1377568215,23.06
721,1377568220,23.06
721,1377568225,23.06
721,1377568230,23.06
721,1377568235,23.05
721,1377568240,23.06
721,1377568245,23.06
721,1377568250,23.06
721,1377568255,23.07
721,1377568260,23.07
721,1377568265,23.06
721,1377568270,23.07
721,1377568275,23.07
721,1377568280,23.07
721,1377568285,23.08
721,1377568290,23.07
721,1377568295,23.08
721,1377568300,23.08
721,1377568305,23.08
721,1377568310,23.08
721,1377568315,23.08
721,1377568320,23.08
721,1377568325,23.08
721,1377568330,23.08
721,1377568335,23.08
721,1377568340,23.08
721,1377568345,23.09
721,1377568350,23.08
721,1377568355,23.09
721,1377568360,23.09
721,1377568365,23.09
721,1377568370,23.09
721,1377568375,23.09
721,1377568380,23.09
721,1377568385,23.09
721,1377568390,23.1
721,1377568395,23.1
721,1377568400,23.1
721,1377568405,23.1
721,1377568410,23.09
721,1377568415,23.09
721,1377568420,23.09
721,1377568425,23.1
721,1377568430,23.11
721,1377568435,23.09
721,1377568440,23.1
721,1377568445,23.1
721,1377568450,23.1
721,1377568455,23.12
721,1377568460,23.11
721,1377568465,23.11
721,1377568470,23.11
721,1377568475,23.1
721,1377568479,23.1
721,1377568485,23.11
721,1377568490,23.11
721,1377568495,23.11
721,1377568500,23.11
721,1377568505,23.1
721,1377568510,23.12
721,1377568515,23.12
721,1377568520,23.12
721,1377568525,23.12
721,1377568530,23.11
721,1377568535,23.12
721,1377568540,23.11
721,1377568544,23.12
721,1377568549,23.12
721,1377568555,23.11
721,1377568560,23.11
721,1377568565,23.12
721,1377568570,23.12
721,1377568575,23.13
721,1377568580,23.13
721,1377568585,23.13
721,1377568590,23.12
721,1377568595,23.14
721,1377568600,23.14
721,1377568605,23.12
721,1377568610,23.11
721,1377568615,23.14
721,1377568619,23.12
721,1377568625,23.14
721,1377568630,23.14
721,1377568635,23.14
721,1377568640,23.13
721,1377568645,23.13
721,1377568650,23.13
721,1377568655,23.13
721,1377568660,23.13
721,1377568665,23.14
721,1377568670,23.14
721,1377568675,23.15
721,1377568679,23.13
721,1377568685,23.14
721,1377568690,23.13
721,1377568695,23.14
721,1377568700,23.15
721,1377568705,23.14
721,1377568710,23.14
721,1377568715,23.15
721,1377568719,23.15
721,1377568725,23.14
721,1377568730,23.16
721,1377568735,23.15
721,1377568740,23.14
721,1377568745,23.16
721,1377568750,23.16
721,1377568755,23.15
721,1377568760,23.15
721,1377568765,23.16
721,1377568770,23.14
721,1377568775,23.15
721,1377568780,23.15
721,1377568785,23.15
721,1377568790,23.17
721,1377568795,23.17
721,1377568800,23.15
721,1377568805,23.15
721,1377568810,23.16
721,1377568815,23.16
721,1377568820,23.16
721,1377568825,23.17
721,1377568830,23.16
721,1377568835,23.16
721,1377568840,23.16
721,1377568845,23.16
721,1377568850,23.16
721,1377568855,23.16
721,1377568860,23.17
721,1377568865,23.17
721,1377568870,23.18
721,1377568875,23.16
721,1377568880,23.16
721,1377568885,23.17
721,1377568889,23.18
721,1377568895,23.17
721,1377568900,23.18
721,1377568905,23.18
721,1377568910,23.18
721,1377568915,23.18
721,1377568920,23.16
721,1377568925,23.17
721,1377568930,23.18
721,1377568935,23.17
721,1377568940,23.18
721,1377568945,23.16
721,1377568949,23.18
721,1377568955,23.18
721,1377568960,23.18
721,1377568965,23.18
721,1377568969,23.19
721,1377568975,23.18
721,1377568979,23.19
721,1377568985,23.18
721,1377568989,23.18
721,1377568995,23.19
721,1377569000,23.18
721,1377569005,23.18
721,1377569010,23.19
721,1377569015,23.19
721,1377569020,23.2
721,1377569025,23.19
721,1377569030,23.2
721,1377569034,23.18
721,1377569039,23.18
721,1377569044,23.18
721,1377569049,23.2
721,1377569055,23.2
721,1377569060,23.2
721,1377569065,23.19
721,1377569069,23.2
721,1377569075,23.2
721,1377569079,23.21
721,1377569085,23.2
721,1377569090,23.2
721,1377569095,23.2
721,1377569100,23.2
721,1377569104,23.2
721,1377569110,23.2
721,1377569115,23.21
721,1377569120,23.22
721,1377569125,23.21
721,1377569129,23.2
721,1377569135,23.2
721,1377569140,23.21
721,1377569145,23.21
721,1377569149,23.21
721,1377569154,23.21
721,1377569160,23.21
721,1377569165,23.21
721,1377569170,23.21
721,1377569174,23.21
721,1377569179,23.22
721,1377569185,23.21
721,1377569189,23.21
721,1377569194,23.21
721,1377569200,23.21
721,1377569204,23.23
721,1377569209,23.22
721,1377569215,23.22
721,1377569220,23.21
721,1377569224,23.21
721,1377569232,23.21
721,1377569235,23.22
721,1377569240,23.22
721,1377569244,23.22
721,1377569249,23.22
721,1377569255,23.22
721,1377569259,23.23
721,1377569264,23.23
721,1377569269,23.23
721,1377569274,23.23
721,1377569280,23.22
721,1377569284,23.23
721,1377569289,23.23
721,1377569294,23.23
721,1377569299,23.22
721,1377569305,23.22
721,1377569310,23.24
721,1377569314,23.23
721,1377569319,23.21
721,1377569324,23.24
721,1377569329,23.24
721,1377569335,23.22
721,1377569339,23.23
721,1377569345,23.23
721,1377569349,23.23
721,1377569354,23.23
721,1377569359,23.23
721,1377569365,23.23
721,1377569369,23.23
721,1377569374,23.24
721,1377569379,23.24
721,1377569384,23.24
721,1377569389,23.26
721,1377569395,23.24
721,1377569399,23.24
721,1377569404,23.24
721,1377569409,23.24
721,1377569414,23.24
721,1377569420,23.24
721,1377569425,23.24
721,1377569429,23.24
721,1377569434,23.24
721,1377569439,23.25
721,1377569445,23.24
721,1377569449,23.25
721,1377569454,23.25
721,1377569459,23.25
721,1377569464,23.24
721,1377569469,23.24
721,1377569474,23.24
721,1377569479,23.24
721,1377569485,23.24
721,1377569489,23.25
721,1377569494,23.25
721,1377569499,23.25
721,1377569504,23.24
721,1377569509,23.24
721,1377569514,23.24
721,1377569519,23.25
721,1377569524,23.25
721,1377569529,23.26
721,1377569534,23.25
721,1377569539,23.26
721,1377569544,23.25
721,1377569549,23.25
721,1377569554,23.24
721,1377569559,23.26
721,1377569565,23.25
721,1377569569,23.25
721,1377569574,23.25
721,1377569579,23.25
721,1377569585,23.25
721,1377569589,23.26
721,1377569594,23.25
721,1377569599,23.25
721,1377569604,23.25
721,1377569609,23.26
721,1377569614,23.24
721,1377569619,23.25
721,1377569625,23.26
721,1377569629,23.26
721,1377569634,23.26
721,1377569639,23.26
721,1377569644,23.25
721,1377569649,23.26
721,1377569654,23.26
721,1377569659,23.26
721,1377569664,23.26
721,1377569669,23.26
721,1377569674,23.27
721,1377569679,23.27
721,1377569684,23.26
721,1377569689,23.26
721,1377569694,23.26
721,1377569699,23.27
721,1377569704,23.26
721,1377569709,23.26
721,1377569715,23.26
721,1377569719,23.27
721,1377569724,23.27
721,1377569729,23.26
721,1377569735,23.26
721,1377569739,23.27
721,1377569744,23.28
721,1377569749,23.28
721,1377569754,23.27
721,1377569759,23.27
721,1377569764,23.28
721,1377569769,23.28
721,1377569774,23.27
721,1377569779,23.28
721,1377569784,23.28
721,1377569789,23.28
721,1377569794,23.27
721,1377569799,23.28
721,1377569804,23.28
721,1377569809,23.28
721,1377569814,23.26
721,1377569819,23.28
721,1377569824,23.28
721,1377569829,23.29
721,1377569834,23.28
721,1377569839,23.27
721,1377569844,23.27
721,1377569849,23.28
721,1377569854,23.28
721,1377569859,23.28
721,1377569864,23.28
721,1377569869,23.28
721,1377569874,23.29
721,1377569879,23.28
721,1377569884,23.28
721,1377569889,23.28
721,1377569894,23.28
721,1377569899,23.28
721,1377569904,23.29
721,1377569909,23.28
721,1377569914,23.29
721,1377569919,23.29
721,1377569924,23.29
721,1377569929,23.3
721,1377569934,23.28
721,1377569939,23.29
721,1377569944,23.3
721,1377569949,23.28
721,1377569954,23.29
721,1377569959,23.28
721,1377569964,23.29
721,1377569969,23.31
721,1377569974,23.28
721,1377569979,23.3
721,1377569984,23.29
721,1377569989,23.3
721,1377569994,23.3
721,1377569999,23.3
721,1377570004,23.3
721,1377570009,23.3
721,1377570014,23.3
721,1377570019,23.3
721,1377570024,23.31
721,1377570029,23.31
721,1377570034,23.31
721,1377570039,23.3
721,1377570044,23.3
721,1377570049,23.31
721,1377570054,23.3
721,1377570059,23.31
721,1377570064,23.3
721,1377570069,23.31
721,1377570074,23.3
721,1377570079,23.31
721,1377570084,23.3
721,1377570089,23.3
721,1377570094,23.32
721,1377570100,23.3
721,1377570104,23.3
721,1377570109,23.3
721,1377570114,23.3
721,1377570119,23.31
721,1377570124,23.3
721,1377570129,23.3
721,1377570134,23.3
721,1377570139,23.31
721,1377570144,23.31
721,1377570149,23.3
721,1377570154,23.31
721,1377570159,23.31
721,1377570164,23.31
721,1377570169,23.31
721,1377570174,23.31
721,1377570179,23.31
721,1377570184,23.32
721,1377570189,23.31
721,1377570194,23.31
721,1377570199,23.3
721,1377570204,23.3
721,1377570209,23.32
721,1377570214,23.3
721,1377570219,23.31
721,1377570224,23.3
721,1377570229,23.31
721,1377570234,23.31
721,1377570239,23.31
721,1377570244,23.32
721,1377570249,23.31
721,1377570254,23.32
721,1377570259,23.3
721,1377570264,23.31
721,1377570269,23.32
721,1377570274,23.31
721,1377570279,23.31
721,1377570284,23.32
721,1377570289,23.32
721,1377570294,23.32
721,1377570299,23.31
721,1377570304,23.32
721,1377570309,23.3
721,1377570314,23.32
721,1377570319,23.31
721,1377570324,23.32
721,1377570329,23.32
721,1377570334,23.32
721,1377570339,23.32
721,1377570344,23.32
721,1377570349,23.32
721,1377570354,23.33
721,1377570359,23.32
721,1377570364,23.32
721,1377570369,23.33
721,1377570374,23.32
721,1377570379,23.32
721,1377570384,23.32
721,1377570389,23.34
721,1377570394,23.32
721,1377570399,23.32
721,1377570404,23.32
721,1377570409,23.33
721,1377570414,23.32
721,1377570419,23.33
721,1377570424,23.32
721,1377570429,23.32
721,1377570436,23.32
721,1377570439,23.33
721,1377570444,23.32
721,1377570449,23.31
721,1377570454,23.33
721,1377570459,23.34
721,1377570464,23.33
721,1377570469,23.33
721,1377570474,23.33
721,1377570479,23.34
721,1377570484,23.34
721,1377570489,23.33
721,1377570494,23.32
721,1377570499,23.34
721,1377570504,23.34
721,1377570509,23.33
721,1377570514,23.33
721,1377570519,23.33
721,1377570524,23.33
721,1377570529,23.33
721,1377570534,23.33
721,1377570539,23.32
721,1377570544,23.33
721,1377570549,23.33
721,1377570554,23.33
721,1377570559,23.34
721,1377570564,23.34
721,1377570569,23.33
721,1377570574,23.35
721,1377570579,23.34
721,1377570584,23.33
721,1377570589,23.34
721,1377570594,23.33
721,1377570599,23.33
721,1377570604,23.34
721,1377570609,23.34
721,1377570614,23.34
721,1377570619,23.34
721,1377570624,23.32
721,1377570629,23.34
721,1377570634,23.34
721,1377570639,23.33
721,1377570644,23.34
721,1377570649,23.34
721,1377570654,23.33
721,1377570659,23.34
721,1377570664,23.34
721,1377570669,23.34
721,1377570674,23.34
721,1377570679,23.34
721,1377570684,23.34
721,1377570689,23.34
721,1377570694,23.33
721,1377570699,23.34
721,1377570704,23.34
721,1377570709,23.34
721,1377570714,23.34
721,1377570719,23.34
721,1377570724,23.33
721,1377570729,23.35
721,1377570734,23.35
721,1377570739,23.34
721,1377570744,23.34
721,1377570749,23.35
721,1377570754,23.34
721,1377570759,23.34
721,1377570764,23.34
721,1377570769,23.34
721,1377570774,23.34
721,1377570779,23.34
721,1377570784,23.34
721,1377570789,23.34
721,1377570794,23.35
721,1377570799,23.34
721,1377570804,23.34
721,1377570809,23.34
721,1377570814,23.33
721,1377570819,23.34
721,1377570824,23.34
721,1377570829,23.34
721,1377570834,23.34
721,1377570839,23.34
721,1377570844,23.34
721,1377570849,23.33
721,1377570854,23.34
721,1377570859,23.34
721,1377570864,23.34
721,1377570869,23.34
721,1377570874,23.34
721,1377570879,23.32
721,1377570884,23.34
721,1377570889,23.34
721,1377570894,23.33
721,1377570899,23.34
721,1377570904,23.35
721,1377570909,23.34
721,1377570914,23.35
721,1377570919,23.35
721,1377570924,23.34
721,1377570929,23.34
721,1377570935,23.34
721,1377570939,23.35
721,1377570944,23.34
721,1377570949,23.34
721,1377570954,23.34
721,1377570959,23.34
721,1377570964,23.34
721,1377570969,23.34
721,1377570980,23.34
721,1377570984,23.33
721,1377570989,23.34
721,1377570994,23.33
721,1377570999,23.34
721,1377571004,23.34
721,1377571009,23.34
721,1377571014,23.33
721,1377571019,23.33
721,1377571024,23.34
721,1377571029,23.34
721,1377571034,23.34
721,1377571039,23.34
721,1377571044,23.34
721,1377571049,23.34
721,1377571054,23.33
721,1377571059,23.33
721,1377571064,23.34
721,1377571069,23.33
721,1377571074,23.33
721,1377571079,23.34
721,1377571084,23.34
721,1377571090,23.33
721,1377571094,23.34
721,1377571099,23.33
721,1377571104,23.33
721,1377571109,23.33
721,1377571115,23.32
721,1377571119,23.33
721,1377571124,23.33
721,1377571129,23.33
721,1377571134,23.33
721,1377571139,23.34
721,1377571144,23.32
721,1377571149,23.33
721,1377571154,23.34
721,1377571159,23.33
721,1377571164,23.32
721,1377571169,23.33
721,1377571174,23.33
721,1377571179,23.34
721,1377571184,23.32
721,1377571189,23.34
721,1377571194,23.33
721,1377571199,23.32
721,1377571204,23.32
721,1377571209,23.33
721,1377571214,23.33
721,1377571219,23.32
721,1377571224,23.33
721,1377571229,23.32
721,1377571234,23.33
721,1377571239,23.32
721,1377571244,23.33
721,1377571249,23.33
721,1377571254,23.33
721,1377571259,23.33
721,1377571264,23.32
721,1377571269,23.34
721,1377571274,23.32
721,1377571279,23.33
721,1377571284,23.32
721,1377571289,23.32
721,1377571294,23.32
721,1377571299,23.33
721,1377571304,23.32
721,1377571309,23.32
721,1377571314,23.32
721,1377571319,23.32
721,1377571324,23.32
721,1377571329,23.32
721,1377571334,23.32
721,1377571339,23.32
721,1377571344,23.32
721,1377571349,23.32
721,1377571354,23.32
721,1377571359,23.31
721,1377571364,23.31
721,1377571369,23.3
721,1377571374,23.31
721,1377571379,23.31
721,1377571384,23.31
721,1377571389,23.31
721,1377571394,23.32
721,1377571399,23.32
721,1377571404,23.32
721,1377571409,23.31
721,1377571414,23.32
721,1377571419,23.31
721,1377571424,23.31
721,1377571429,23.31
721,1377571434,23.3
721,1377571439,23.3
721,1377571444,23.31
721,1377571449,23.31
721,1377571454,23.31
721,1377571459,23.31
721,1377571464,23.3
721,1377571469,23.31
721,1377571474,23.3
721,1377571479,23.32
721,1377571484,23.31
721,1377571489,23.3
721,1377571494,23.3
721,1377571499,23.3
721,1377571504,23.3
721,1377571509,23.3
721,1377571514,23.3
721,1377571519,23.3
721,1377571524,23.3
721,1377571529,23.3
721,1377571534,23.31
721,1377571539,23.31
721,1377571544,23.3
721,1377571549,23.32
721,1377571554,23.3
721,1377571559,23.3
721,1377571564,23.3
721,1377571569,23.3
721,1377571574,23.29
721,1377571579,23.3
721,1377571584,23.3
721,1377571589,23.3
721,1377571594,23.29
721,1377571599,23.3
721,1377571604,23.3
721,1377571609,23.29
721,1377571614,23.29
721,1377571619,23.31
721,1377571624,23.3
721,1377571629,23.29
721,1377571634,23.3
721,1377571639,23.28
721,1377571644,23.29
721,1377571649,23.3
721,1377571654,23.3
721,1377571659,23.3
721,1377571664,23.29
721,1377571669,23.3
721,1377571674,23.29
721,1377571679,23.3
721,1377571684,23.29
721,1377571689,23.29
721,1377571694,23.3
721,1377571699,23.3
721,1377571704,23.3
721,1377571709,23.29
721,1377571714,23.29
721,1377571719,23.3
721,1377571724,23.29
721,1377571729,23.29
721,1377571734,23.29
721,1377571739,23.28
721,1377571744,23.3
721,1377571749,23.29
721,1377571754,23.29
721,1377571759,23.28
721,1377571764,23.29
721,1377571769,23.28
721,1377571774,23.29
721,1377571779,23.28
721,1377571784,23.29
721,1377571789,23.28
721,1377571794,23.27
721,1377571799,23.29
721,1377571804,23.29
721,1377571809,23.3
721,1377571814,23.28
721,1377571819,23.28
721,1377571824,23.29
721,1377571831,23.29
721,1377571834,23.29
721,1377571839,23.28
721,1377571844,23.28
721,1377571849,23.28
721,1377571854,23.29
721,1377571859,23.28
721,1377571864,23.28
721,1377571869,23.28
721,1377571874,23.29
721,1377571879,23.29
721,1377571884,23.29
721,1377571889,23.28
721,1377571894,23.28
721,1377571899,23.29
721,1377571904,23.28
721,1377571909,23.28
721,1377571914,23.28
721,1377571919,23.28
721,1377571924,23.28
721,1377571929,23.28
721,1377571934,23.28
721,1377571939,23.29
721,1377571944,23.28
721,1377571949,23.28
721,1377571954,23.28
721,1377571959,23.27
721,1377571964,23.29
721,1377571969,23.28
721,1377571974,23.27
721,1377571979,23.28
721,1377571984,23.27
721,1377571989,23.29
721,1377571994,23.28
721,1377571999,23.28
721,1377572004,23.28
721,1377572009,23.29
721,1377572014,23.28
721,1377572019,23.28
721,1377572024,23.29
721,1377572029,23.28
721,1377572034,23.28
721,1377572039,23.27
721,1377572044,23.29
721,1377572049,23.28
721,1377572054,23.28
721,1377572060,23.28
721,1377572064,23.27
721,1377572069,23.28
721,1377572074,23.28
721,1377572079,23.28
721,1377572084,23.27
721,1377572089,23.27
721,1377572094,23.26
721,1377572099,23.27
721,1377572104,23.27
721,1377572109,23.26
721,1377572114,23.27
721,1377572119,23.27
721,1377572124,23.26
721,1377572129,23.27
721,1377572134,23.26
721,1377572139,23.26
721,1377572144,23.25
721,1377572149,23.26
721,1377572154,23.27
721,1377572159,23.26
721,1377572164,23.27
721,1377572169,23.27
721,1377572174,23.26
721,1377572179,23.26
721,1377572184,23.26
721,1377572189,23.27
721,1377572194,23.26
721,1377572199,23.26
721,1377572204,23.26
721,1377572209,23.27
721,1377572214,23.27
721,1377572219,23.28
721,1377572224,23.26
721,1377572229,23.25
721,1377572234,23.26
721,1377572239,23.26
721,1377572244,23.27
721,1377572249,23.26
721,1377572254,23.26
721,1377572259,23.26
721,1377572264,23.26
721,1377572269,23.25
721,1377572274,23.26
721,1377572279,23.25
721,1377572284,23.26
721,1377572289,23.26
721,1377572294,23.25
721,1377572299,23.25
721,1377572304,23.24
721,1377572309,23.24
721,1377572314,23.26
721,1377572319,23.25
721,1377572324,23.25
721,1377572329,23.25
721,1377572334,23.26
721,1377572339,23.25
721,1377572344,23.25
721,1377572349,23.26
721,1377572354,23.25
721,1377572359,23.26
721,1377572364,23.25
721,1377572369,23.24
721,1377572374,23.25
721,1377572379,23.25
721,1377572384,23.25
721,1377572389,23.24
721,1377572394,23.25
721,1377572399,23.24
721,1377572404,23.25
721,1377572409,23.25
721,1377572414,23.24
721,1377572419,23.25
721,1377572424,23.24
721,1377572429,23.24
721,1377572434,23.24
721,1377572439,23.24
721,1377572444,23.24
721,1377572449,23.25
721,1377572454,23.24
721,1377572459,23.25
721,1377572464,23.24
721,1377572469,23.25
721,1377572474,23.23
721,1377572479,23.24
721,1377572484,23.22
721,1377572489,23.23
721,1377572494,23.23
721,1377572499,23.23
721,1377572504,23.24
721,1377572509,23.24
721,1377572514,23.24
721,1377572519,23.23
721,1377572524,23.24
721,1377572529,23.24
721,1377572534,23.24
721,1377572539,23.23
721,1377572544,23.23
721,1377572549,23.23
721,1377572554,23.24
721,1377572559,23.22
721,1377572564,23.24
721,1377572569,23.23
721,1377572574,23.22
721,1377572579,23.23
721,1377572584,23.24
721,1377572589,23.24
721,1377572594,23.23
721,1377572599,23.24
721,1377572604,23.23
721,1377572609,23.23
721,1377572614,23.23
721,1377572619,23.23
721,1377572624,23.24
721,1377572629,23.23
721,1377572634,23.22
721,1377572639,23.23
721,1377572644,23.23
721,1377572649,23.22
721,1377572654,23.23
721,1377572659,23.22
721,1377572664,23.22
721,1377572669,23.23
721,1377572674,23.23
721,1377572679,23.22
721,1377572684,23.22
721,1377572689,23.21
721,1377572694,23.2
721,1377572699,23.2
721,1377572704,23.2
721,1377572709,23.22
721,1377572714,23.21
721,1377572719,23.21
721,1377572728,23.22
721,1377572729,23.21
721,1377572734,23.21
721,1377572739,23.22
721,1377572744,23.21
721,1377572749,23.22
721,1377572754,23.2
721,1377572759,23.21
721,1377572764,23.21
721,1377572769,23.22
721,1377572774,23.2
721,1377572779,23.21
721,1377572784,23.2
721,1377572789,23.21
721,1377572794,23.21
721,1377572799,23.21
721,1377572804,23.2
721,1377572809,23.21
721,1377572814,23.22
721,1377572819,23.2
721,1377572824,23.21
721,1377572829,23.2
721,1377572834,23.2
721,1377572839,23.22
721,1377572844,23.2
721,1377572849,23.21
721,1377572854,23.21
721,1377572859,23.2
721,1377572864,23.2
721,1377572869,23.21
721,1377572874,23.2
721,1377572879,23.2
721,1377572884,23.2
721,1377572889,23.2
721,1377572894,23.2
721,1377572899,23.2
721,1377572904,23.21
721,1377572909,23.2
721,1377572914,23.2
721,1377572919,23.2
721,1377572924,23.19
721,1377572929,23.19
721,1377572934,23.19
721,1377572939,23.2
721,1377572944,23.2
721,1377572949,23.2
721,1377572954,23.2
721,1377572959,23.2
721,1377572964,23.19
721,1377572969,23.2
721,1377572974,23.18
721,1377572979,23.19
721,1377572984,23.19
721,1377572989,23.2
721,1377572994,23.19
721,1377572999,23.19
721,1377573004,23.18
721,1377573009,23.18
721,1377573014,23.19
721,1377573019,23.19
721,1377573024,23.18
721,1377573029,23.19
721,1377573034,23.18
721,1377573039,23.18
721,1377573044,23.18
721,1377573049,23.18
721,1377573054,23.18
721,1377573059,23.18
721,1377573064,23.18
721,1377573069,23.18
721,1377573074,23.18
721,1377573079,23.18
721,1377573084,23.18
721,1377573089,23.17
721,1377573094,23.17
721,1377573099,23.19
721,1377573104,23.18
721,1377573109,23.18
721,1377573114,23.18
721,1377573119,23.18
721,1377573124,23.18
721,1377573129,23.18
721,1377573134,23.17
721,1377573139,23.18
721,1377573144,23.18
721,1377573149,23.18
721,1377573154,23.18
721,1377573159,23.16
721,1377573164,23.16
721,1377573169,23.17
721,1377573174,23.17
721,1377573179,23.17
721,1377573184,23.16
721,1377573189,23.16
721,1377573194,23.16
721,1377573199,23.16
721,1377573204,23.17
721,1377573209,23.16
721,1377573214,23.16
721,1377573219,23.16
721,1377573224,23.16
721,1377573229,23.16
721,1377573234,23.16
721,1377573239,23.17
721,1377573244,23.15
721,1377573249,23.16
721,1377573254,23.16
721,1377573259,23.16
721,1377573264,23.16
721,1377573269,23.17
721,1377573274,23.16
721,1377573279,23.16
721,1377573284,23.15
721,1377573289,23.15
721,1377573294,23.16
721,1377573299,23.15
721,1377573304,23.16
721,1377573309,23.16
721,1377573314,23.17
721,1377573319,23.16
721,1377573324,23.15
721,1377573329,23.15
721,1377573334,23.15
721,1377573339,23.15
721,1377573344,23.15
721,1377573349,23.14
721,1377573354,23.14
721,1377573359,23.15
721,1377573364,23.16
721,1377573369,23.14
721,1377573374,23.15
721,1377573379,23.15
721,1377573384,23.14
721,1377573389,23.14
721,1377573394,23.14
721,1377573399,23.14
721,1377573404,23.14
721,1377573409,23.14
721,1377573414,23.13
721,1377573419,23.14
721,1377573424,23.14
721,1377573429,23.13
721,1377573434,23.14
721,1377573439,23.14
721,1377573444,23.14
721,1377573449,23.14
721,1377573454,23.14
721,1377573459,23.12
721,1377573464,23.14
721,1377573469,23.14
721,1377573474,23.14
721,1377573479,23.14
721,1377573484,23.12
721,1377573489,23.13
721,1377573494,23.12
721,1377573499,23.14
721,1377573504,23.14
721,1377573509,23.13
721,1377573514,23.13
721,1377573519,23.12
721,1377573524,23.12
721,1377573529,23.12
721,1377573534,23.12
721,1377573539,23.13
721,1377573544,23.12
721,1377573549,23.11
721,1377573559,23.13
721,1377573564,23.11
721,1377573569,23.11
721,1377573574,23.12
721,1377573579,23.12
721,1377573584,23.12
721,1377573589,23.12
721,1377573594,23.12
721,1377573599,23.11
721,1377573604,23.12
721,1377573609,23.11
721,1377573614,23.1
721,1377573619,23.12
721,1377573624,23.11
721,1377573629,23.11
721,1377573634,23.11
721,1377573639,23.11
721,1377573644,23.1
721,1377573649,23.1
721,1377573654,23.1
721,1377573659,23.1
721,1377573664,23.1
721,1377573669,23.11
721,1377573674,23.1
721,1377573679,23.1
721,1377573684,23.1
721,1377573689,23.09
721,1377573694,23.1
721,1377573699,23.1
721,1377573704,23.1
721,1377573709,23.09
721,1377573714,23.1
721,1377573719,23.1
721,1377573724,23.08
721,1377573729,23.09
721,1377573734,23.09
721,1377573739,23.1
721,1377573744,23.09
721,1377573749,23.08
721,1377573754,23.08
721,1377573759,23.1
721,1377573764,23.1
721,1377573769,23.08
721,1377573774,23.1
721,1377573779,23.1
721,1377573784,23.1
721,1377573789,23.09
721,1377573794,23.09
721,1377573799,23.09
721,1377573804,23.08
721,1377573809,23.09
721,1377573814,23.08
721,1377573819,23.07
721,1377573824,23.08
721,1377573829,23.09
721,1377573834,23.07
721,1377573840,23.08
721,1377573844,23.08
721,1377573849,23.08
721,1377573854,23.07
721,1377573859,23.07
721,1377573864,23.07
721,1377573869,23.08
721,1377573874,23.08
721,1377573879,23.08
721,1377573884,23.08
721,1377573889,23.07
721,1377573894,23.08
721,1377573899,23.08
721,1377573904,23.07
721,1377573909,23.07
721,1377573914,23.06
721,1377573919,23.06
721,1377573924,23.08
721,1377573929,23.06
721,1377573934,23.07
721,1377573939,23.07
721,1377573944,23.07
721,1377573949,23.06
721,1377573954,23.07
721,1377573959,23.06
721,1377573964,23.07
721,1377573969,23.06
721,1377573974,23.06
721,1377573979,23.04
721,1377573984,23.05
721,1377573989,23.06
721,1377573994,23.06
721,1377573999,23.06
721,1377574004,23.06
721,1377574009,23.06
721,1377574014,23.06
721,1377574019,23.06
721,1377574024,23.05
721,1377574029,23.05
721,1377574034,23.06
721,1377574039,23.04
721,1377574044,23.05
721,1377574049,23.06
721,1377574054,23.06
721,1377574059,23.05
721,1377574064,23.05
721,1377574069,23.04
721,1377574074,23.05
721,1377574079,23.05
721,1377574084,23.05
721,1377574089,23.05
721,1377574094,23.04
721,1377574099,23.04
721,1377574104,23.05
721,1377574109,23.04
721,1377574114,23.05
721,1377574119,23.04
721,1377574124,23.04
721,1377574129,23.04
721,1377574134,23.04
721,1377574139,23.03
721,1377574144,23.03
721,1377574149,23.04
721,1377574154,23.02
721,1377574159,23.03
721,1377574164,23.03
721,1377574169,23.04
721,1377574174,23.03
721,1377574179,23.04
721,1377574184,23.05
721,1377574189,23.02
721,1377574194,23.04
721,1377574199,23.04
721,1377574205,23.04
721,1377574209,23.02
721,1377574214,23.03
721,1377574219,23.04
721,1377574224,23.03
721,1377574229,23.03
721,1377574234,23.02
721,1377574239,23.03
721,1377574244,23.03
721,1377574249,23.02
721,1377574254,23.03
721,1377574259,23.02
721,1377574264,23.02
721,1377574269,23.02
721,1377574274,23.01
721,1377574279,23.02
721,1377574284,23.02
721,1377574289,23.02
721,1377574294,23.02
721,1377574299,23.02
721,1377574304,23.01
721,1377574309,23.02
721,1377574314,23.01
721,1377574319,23.01
721,1377574324,23.01
721,1377574329,23.0
721,1377574334,23.01
721,1377574339,23.0
721,1377574344,23.01
721,1377574349,23.02
721,1377574354,23.0
721,1377574359,23.0
721,1377574364,23.0
721,1377574369,23.0
721,1377574374,23.0
721,1377574380,23.0
721,1377574384,23.01
721,1377574389,23.0
721,1377574394,23.0
721,1377574399,22.99
721,1377574404,23.0
721,1377574409,23.0
721,1377574414,23.0
721,1377574419,23.0
721,1377574424,23.0
721,1377574429,22.99
721,1377574434,22.99
721,1377574439,22.99
721,1377574444,23.0
721,1377574449,22.99
721,1377574454,22.99
721,1377574459,22.98
721,1377574464,22.98
721,1377574469,23.0
721,1377574474,23.0
721,1377574479,23.0
721,1377574484,23.0
721,1377574489,22.99
721,1377574494,22.98
721,1377574499,22.98
721,1377574504,22.98
721,1377574509,22.98
721,1377574514,22.98
721,1377574519,22.97
721,1377574524,22.99
721,1377574529,22.99
721,1377574534,22.98
721,1377574539,22.98
721,1377574544,22.98
721,1377574549,22.98
721,1377574554,22.99
721,1377574559,22.98
721,1377574564,22.98
721,1377574569,22.98
721,1377574574,22.99
721,1377574579,22.98
721,1377574584,22.98
721,1377574589,22.98
721,1377574594,22.98
721,1377574599,22.98
721,1377574604,22.98
721,1377574609,22.97
721,1377574614,22.97
721,1377574619,22.97
721,1377574624,22.98
721,1377574629,22.97
721,1377574634,22.97
721,1377574639,22.96
721,1377574644,22.97
721,1377574649,22.97
721,1377574654,22.96
721,1377574659,22.98
721,1377574664,22.97
721,1377574669,22.96
721,1377574674,22.97
721,1377574679,22.95
721,1377574684,22.95
721,1377574689,22.96
721,1377574694,22.96
721,1377574699,22.97
721,1377574704,22.96
721,1377574709,22.96
721,1377574714,22.96
721,1377574719,22.96
721,1377574724,22.97
721,1377574729,22.94
721,1377574734,22.96
721,1377574739,22.94
721,1377574744,22.95
721,1377574749,22.96
721,1377574754,22.96
721,1377574759,22.95
721,1377574764,22.96
721,1377574769,22.96
721,1377574774,22.95
721,1377574779,22.95
721,1377574784,22.94
721,1377574789,22.95
721,1377574794,22.94
721,1377574799,22.95
721,1377574804,22.95
721,1377574809,22.93
721,1377574814,22.95
721,1377574819,22.94
721,1377574824,22.95
721,1377574829,22.94
721,1377574834,22.95
721,1377574839,22.94
721,1377574844,22.93
721,1377574849,22.94
721,1377574854,22.93
721,1377574859,22.95
721,1377574864,22.92
721,1377574869,22.94
721,1377574874,22.95
721,1377574879,22.94
721,1377574884,22.92
721,1377574889,22.93
721,1377574894,22.93
721,1377574899,22.94
721,1377574904,22.94
721,1377574909,22.93
721,1377574914,22.93
721,1377574919,22.94
721,1377574924,22.94
721,1377574929,22.92
721,1377574934,22.92
721,1377574939,22.93
721,1377574944,22.94
721,1377574949,22.92
721,1377574954,22.93
721,1377574959,22.93
721,1377574964,22.93
721,1377574969,22.92
721,1377574974,22.93
721,1377574979,22.92
721,1377574984,22.92
721,1377574989,22.92
721,1377574994,22.92
721,1377574999,22.92
721,1377575004,22.92
721,1377575009,22.91
721,1377575014,22.9
721,1377575019,22.9
721,1377575024,22.92
721,1377575029,22.91
721,1377575034,22.91
721,1377575039,22.92
721,1377575044,22.91
721,1377575049,22.92
721,1377575054,22.91
721,1377575059,22.92
721,1377575064,22.91
721,1377575069,22.9
721,1377575074,22.91
721,1377575079,22.92
721,1377575084,22.91
721,1377575089,22.92
721,1377575094,22.91
721,1377575099,22.91
721,1377575104,22.9
721,1377575109,22.9
721,1377575114,22.9
721,1377575119,22.9
721,1377575124,22.89
721,1377575129,22.91
721,1377575134,22.9
721,1377575139,22.9
721,1377575144,22.9
721,1377575149,22.89
721,1377575154,22.9
721,1377575159,22.9
721,1377575164,22.9
721,1377575169,22.89
721,1377575174,22.89
721,1377575179,22.9
721,1377575184,22.89
721,1377575194,22.89
721,1377575199,22.9
721,1377575204,22.89
721,1377575209,22.88
721,1377575214,22.89
721,1377575219,22.89
721,1377575224,22.89
721,1377575229,22.9
721,1377575234,22.88
721,1377575239,22.87
721,1377575244,22.88
721,1377575249,22.88
721,1377575254,22.9
721,1377575259,22.87
721,1377575264,22.87
721,1377575269,22.88
721,1377575274,22.88
721,1377575279,22.87
721,1377575284,22.88
721,1377575289,22.87
721,1377575294,22.87
721,1377575299,22.88
721,1377575304,22.87
721,1377575309,22.88
721,1377575314,22.87
721,1377575319,22.86
721,1377575324,22.87
721,1377575329,22.87
721,1377575334,22.87
721,1377575339,22.87
721,1377575344,22.88
721,1377575349,22.88
721,1377575354,22.86
721,1377575359,22.86
721,1377575364,22.85
721,1377575369,22.87
721,1377575374,22.86
721,1377575379,22.88
721,1377575384,22.87
721,1377575389,22.86
721,1377575394,22.86
721,1377575399,22.86
721,1377575404,22.86
721,1377575409,22.86
721,1377575414,22.86
721,1377575419,22.85
721,1377575424,22.85
721,1377575429,22.85
721,1377575434,22.85
721,1377575439,22.86
721,1377575444,22.85
721,1377575449,22.86
721,1377575454,22.84
721,1377575459,22.86
721,1377575464,22.86
721,1377575469,22.84
721,1377575474,22.86
721,1377575479,22.85
721,1377575484,22.84
721,1377575489,22.84
721,1377575494,22.86
721,1377575499,22.84
721,1377575504,22.85
721,1377575509,22.85
721,1377575514,22.85
721,1377575519,22.85
721,1377575524,22.85
721,1377575529,22.84
721,1377575534,22.84
721,1377575539,22.84
721,1377575544,22.84
721,1377575549,22.83
721,1377575554,22.84
721,1377575559,22.85
721,1377575564,22.83
721,1377575569,22.84
721,1377575574,22.84
721,1377575579,22.83
721,1377575584,22.83
721,1377575589,22.84
721,1377575594,22.84
721,1377575599,22.83
721,1377575604,22.84
721,1377575609,22.83
721,1377575614,22.84
721,1377575619,22.84
721,1377575624,22.83
721,1377575629,22.84
721,1377575634,22.83
721,1377575639,22.83
721,1377575644,22.84
721,1377575649,22.82
721,1377575654,22.83
721,1377575659,22.83
721,1377575664,22.83
721,1377575669,22.83
721,1377575674,22.83
721,1377575679,22.82
721,1377575684,22.83
721,1377575689,22.83
721,1377575694,22.82
721,1377575699,22.83
721,1377575704,22.83
721,1377575709,22.83
721,1377575714,22.82
721,1377575719,22.81
721,1377575724,22.82
721,1377575729,22.82
721,1377575734,22.82
721,1377575739,22.81
721,1377575744,22.82
721,1377575749,22.81
721,1377575754,22.81
721,1377575759,22.82
721,1377575764,22.82
721,1377575769,22.81
721,1377575774,22.81
721,1377575779,22.8
721,1377575784,22.82
721,1377575789,22.82
721,1377575794,22.81
721,1377575799,22.8
721,1377575804,22.8
721,1377575809,22.81
721,1377575814,22.8
721,1377575819,22.8
721,1377575824,22.8
721,1377575829,22.8
721,1377575834,22.81
721,1377575839,22.8
721,1377575844,22.8
721,1377575849,22.8
721,1377575854,22.8
721,1377575859,22.79
721,1377575864,22.8
721,1377575869,22.8
721,1377575874,22.81
721,1377575879,22.8
721,1377575884,22.79
721,1377575889,22.8
721,1377575894,22.8
721,1377575899,22.8
721,1377575904,22.8
721,1377575909,22.8
721,1377575914,22.79
721,1377575919,22.8
721,1377575924,22.78
721,1377575929,22.79
721,1377575934,22.78
721,1377575939,22.8
721,1377575944,22.8
721,1377575949,22.79
721,1377575954,22.79
721,1377575959,22.79
721,1377575964,22.78
721,1377575969,22.79
721,1377575974,22.78
721,1377575979,22.78
721,1377575984,22.79
721,1377575989,22.78
721,1377575994,22.79
721,1377575999,22.78
721,1377576004,22.78
721,1377576009,22.78
721,1377576014,22.79
721,1377576019,22.78
721,1377576025,22.78
721,1377576029,22.78
721,1377576034,22.78
721,1377576039,22.79
721,1377576044,22.79
721,1377576049,22.78
721,1377576054,22.78
721,1377576059,22.78
721,1377576064,22.78
721,1377576069,22.78
721,1377576074,22.78
721,1377576079,22.78
721,1377576084,22.78
721,1377576089,22.78
721,1377576094,22.78
721,1377576099,22.77
721,1377576104,22.76
721,1377576109,22.77
721,1377576114,22.77
721,1377576119,22.77
721,1377576124,22.76
721,1377576129,22.77
721,1377576134,22.76
721,1377576139,22.77
721,1377576144,22.77
721,1377576149,22.77
721,1377576154,22.76
721,1377576159,22.76
721,1377576164,22.77
721,1377576169,22.76
721,1377576174,22.77
721,1377576179,22.76
721,1377576184,22.76
721,1377576189,22.77
721,1377576194,22.76
721,1377576199,22.76
721,1377576204,22.75
721,1377576209,22.75
721,1377576214,22.76
721,1377576219,22.75
721,1377576224,22.76
721,1377576229,22.76
721,1377576234,22.75
721,1377576239,22.76
721,1377576244,22.76
721,1377576249,22.75
721,1377576254,22.74
721,1377576259,22.75
721,1377576264,22.75
721,1377576269,22.75
721,1377576274,22.75
721,1377576279,22.73
721,1377576284,22.74
721,1377576289,22.73
721,1377576294,22.74
721,1377576299,22.75
721,1377576304,22.74
721,1377576309,22.74
721,1377576314,22.74
721,1377576319,22.74
721,1377576324,22.73
721,1377576329,22.75
721,1377576334,22.74
721,1377576339,22.74
721,1377576344,22.74
721,1377576349,22.73
721,1377576354,22.74
721,1377576359,22.74
721,1377576364,22.74
721,1377576369,22.74
721,1377576374,22.74
721,1377576379,22.73
721,1377576384,22.73
721,1377576389,22.73
721,1377576394,22.73
721,1377576399,22.72
721,1377576404,22.73
721,1377576409,22.72
721,1377576414,22.73
721,1377576419,22.74
721,1377576424,22.72
721,1377576429,22.73
721,1377576434,22.72
721,1377576439,22.72
721,1377576444,22.72
721,1377576449,22.72
721,1377576454,22.72
721,1377576459,22.71
721,1377576464,22.71
721,1377576469,22.72
721,1377576474,22.72
721,1377576479,22.72
721,1377576484,22.71
721,1377576489,22.72
721,1377576494,22.72
721,1377576499,22.7
721,1377576504,22.72
721,1377576509,22.71
721,1377576514,22.71
721,1377576519,22.71
721,1377576524,22.7
721,1377576529,22.7
721,1377576534,22.7
721,1377576539,22.72
721,1377576544,22.71
721,1377576549,22.72
721,1377576554,22.71
721,1377576559,22.71
721,1377576564,22.7
721,1377576569,22.72
721,1377576574,22.7
721,1377576579,22.71
721,1377576584,22.71
721,1377576589,22.71
721,1377576594,22.7
721,1377576599,22.71
721,1377576604,22.7
721,1377576609,22.7
721,1377576614,22.7
721,1377576619,22.7
721,1377576624,22.71
721,1377576629,22.7
721,1377576634,22.69
721,1377576639,22.71
721,1377576644,22.69
721,1377576649,22.7
721,1377576654,22.69
721,1377576659,22.7
721,1377576664,22.7
721,1377576669,22.7
721,1377576674,22.7
721,1377576679,22.68
721,1377576684,22.69
721,1377576689,22.68
721,1377576694,22.69
721,1377576699,22.68
721,1377576704,22.68
721,1377576709,22.69
721,1377576714,22.7
721,1377576719,22.69
721,1377576724,22.69
721,1377576729,22.69
721,1377576734,22.69
721,1377576739,22.69
721,1377576744,22.69
721,1377576749,22.69
721,1377576754,22.68
721,1377576759,22.69
721,1377576764,22.68
721,1377576769,22.68
721,1377576774,22.68
721,1377576779,22.69
721,1377576784,22.68
721,1377576789,22.68
721,1377576794,22.68
721,1377576799,22.68
721,1377576804,22.68
721,1377576809,22.67
721,1377576814,22.68
721,1377576819,22.68
721,1377576824,22.68
721,1377576829,22.67
721,1377576834,22.67
721,1377576839,22.68
721,1377576844,22.68
721,1377576849,22.67
721,1377576854,22.66
721,1377576859,22.67
721,1377576864,22.68
721,1377576869,22.68
721,1377576874,22.66
721,1377576879,22.66
721,1377576884,22.66
721,1377576889,22.66
721,1377576898,22.67
721,1377576899,22.66
721,1377576904,22.67
721,1377576909,22.66
721,1377576914,22.66
721,1377576919,22.66
721,1377576924,22.66
721,1377576929,22.65
721,1377576934,22.66
721,1377576939,22.66
721,1377576944,22.66
721,1377576949,22.65
721,1377576954,22.65
721,1377576959,22.66
721,1377576964,22.65
721,1377576969,22.64
721,1377576974,22.64
721,1377576979,22.64
721,1377576984,22.65
721,1377576989,22.64
721,1377576994,22.64
721,1377576999,22.64
721,1377577004,22.64
721,1377577009,22.64
721,1377577014,22.64
721,1377577019,22.64
721,1377577024,22.64
721,1377577029,22.63
721,1377577034,22.63
721,1377577039,22.62
721,1377577044,22.63
721,1377577049,22.63
721,1377577054,22.63
721,1377577059,22.62
721,1377577064,22.62
721,1377577069,22.63
721,1377577074,22.63
721,1377577079,22.63
721,1377577084,22.63
721,1377577089,22.61
721,1377577094,22.62
721,1377577099,22.63
721,1377577104,22.62
721,1377577109,22.62
721,1377577114,22.62
721,1377577119,22.62
721,1377577124,22.61
721,1377577129,22.61
721,1377577134,22.62
721,1377577139,22.61
721,1377577144,22.62
721,1377577149,22.61
721,1377577154,22.61
721,1377577159,22.62
721,1377577164,22.61
721,1377577169,22.61
721,1377577174,22.6
721,1377577179,22.6
721,1377577184,22.6
721,1377577189,22.6
721,1377577194,22.6
721,1377577199,22.6
721,1377577204,22.6
721,1377577209,22.6
721,1377577214,22.6
721,1377577219,22.6
721,1377577224,22.6
721,1377577229,22.6
721,1377577234,22.59
721,1377577239,22.6
721,1377577244,22.59
721,1377577249,22.59
721,1377577254,22.58
721,1377577259,22.59
721,1377577264,22.59
721,1377577269,22.59
721,1377577274,22.59
721,1377577279,22.58
721,1377577284,22.59
721,1377577289,22.57
721,1377577294,22.58
721,1377577299,22.58
721,1377577304,22.57
721,1377577309,22.58
721,1377577314,22.58
721,1377577319,22.57
721,1377577324,22.57
721,1377577329,22.58
721,1377577334,22.57
721,1377577339,22.58
721,1377577344,22.56
721,1377577349,22.57
721,1377577354,22.56
721,1377577359,22.57
721,1377577364,22.56
721,1377577369,22.55
721,1377577374,22.57
721,1377577379,22.56
721,1377577384,22.56
721,1377577389,22.57
721,1377577394,22.56
721,1377577399,22.56
721,1377577404,22.57
721,1377577409,22.56
721,1377577414,22.55
721,1377577419,22.55
721,1377577424,22.56
721,1377577429,22.56
721,1377577434,22.56
721,1377577439,22.56
721,1377577444,22.55
721,1377577449,22.55
721,1377577454,22.54
721,1377577459,22.55
721,1377577464,22.55
721,1377577469,22.55
721,1377577474,22.54
721,1377577479,22.54
721,1377577484,22.55
721,1377577489,22.55
721,1377577494,22.54
721,1377577499,22.55
721,1377577504,22.53
721,1377577509,22.54
721,1377577514,22.53
721,1377577519,22.53
721,1377577524,22.53
721,1377577529,22.52
721,1377577534,22.54
721,1377577539,22.53
721,1377577544,22.53
721,1377577549,22.53
721,1377577554,22.52
721,1377577559,22.53
721,1377577564,22.52
721,1377577569,22.52
721,1377577574,22.53
721,1377577579,22.53
721,1377577584,22.52
721,1377577589,22.53
721,1377577594,22.53
721,1377577599,22.52
721,1377577604,22.52
721,1377577609,22.53
721,1377577614,22.5
721,1377577619,22.53
721,1377577624,22.51
721,1377577629,22.51
721,1377577634,22.51
721,1377577639,22.51
721,1377577644,22.52
721,1377577649,22.51
721,1377577654,22.51
721,1377577659,22.51
721,1377577664,22.51
721,1377577669,22.51
721,1377577674,22.5
721,1377577679,22.52
721,1377577684,22.5
721,1377577689,22.5
721,1377577694,22.51
721,1377577699,22.5
721,1377577704,22.51
721,1377577709,22.5
721,1377577714,22.5
721,1377577719,22.51
721,1377577724,22.51
721,1377577729,22.51
721,1377577734,22.5
721,1377577739,22.51
721,1377577744,22.5
721,1377577749,22.5
721,1377577759,22.5
721,1377577764,22.49
721,1377577769,22.5
721,1377577774,22.5
721,1377577779,22.49
721,1377577784,22.5
721,1377577789,22.49
721,1377577794,22.5
721,1377577799,22.5
721,1377577804,22.49
721,1377577809,22.49
721,1377577814,22.48
721,1377577819,22.48
721,1377577824,22.48
721,1377577829,22.48
721,1377577834,22.49
721,1377577839,22.48
721,1377577844,22.48
721,1377577849,22.48
721,1377577854,22.49
721,1377577859,22.48
721,1377577864,22.48
721,1377577869,22.48
721,1377577874,22.48
721,1377577879,22.47
721,1377577884,22.48
721,1377577889,22.48
721,1377577894,22.48
721,1377577899,22.48
721,1377577904,22.48
721,1377577909,22.47
721,1377577914,22.47
721,1377577919,22.48
721,1377577924,22.47
721,1377577929,22.48
721,1377577934,22.46
721,1377577939,22.47
721,1377577944,22.47
721,1377577949,22.46
721,1377577954,22.47
721,1377577959,22.47
721,1377577964,22.47
721,1377577969,22.46
721,1377577974,22.46
721,1377577979,22.47
721,1377577984,22.46
721,1377577989,22.46
721,1377577994,22.46
721,1377577999,22.45
721,1377578004,22.45
721,1377578009,22.46
721,1377578014,22.47
721,1377578019,22.46
721,1377578024,22.47
721,1377578029,22.45
721,1377578034,22.46
721,1377578039,22.46
721,1377578044,22.46
721,1377578049,22.47
721,1377578054,22.45
721,1377578059,22.45
721,1377578064,22.46
721,1377578069,22.45
721,1377578074,22.45
721,1377578079,22.45
721,1377578084,22.45
721,1377578089,22.45
721,1377578094,22.44
721,1377578099,22.45
721,1377578104,22.45
721,1377578109,22.44
721,1377578114,22.44
721,1377578119,22.44
721,1377578124,22.44
721,1377578129,22.44
721,1377578134,22.44
721,1377578139,22.43
721,1377578144,22.44
721,1377578149,22.44
721,1377578154,22.43
721,1377578159,22.43
721,1377578164,22.43
721,1377578169,22.44
721,1377578174,22.43
721,1377578179,22.44
721,1377578184,22.43
721,1377578189,22.44
721,1377578194,22.43
721,1377578199,22.44
721,1377578204,22.42
721,1377578209,22.43
721,1377578214,22.42
721,1377578219,22.42
721,1377578224,22.42
721,1377578229,22.42
721,1377578234,22.43
721,1377578239,22.43
721,1377578244,22.42
721,1377578249,22.42
721,1377578254,22.43
721,1377578259,22.42
721,1377578264,22.42
721,1377578269,22.42
721,1377578274,22.42
721,1377578279,22.41
721,1377578284,22.42
721,1377578289,22.42
721,1377578294,22.42
721,1377578299,22.42
721,1377578304,22.42
721,1377578309,22.42
721,1377578314,22.41
721,1377578319,22.4
721,1377578324,22.4
721,1377578329,22.41
721,1377578334,22.41
721,1377578339,22.4
721,1377578344,22.4
721,1377578349,22.39
721,1377578354,22.4
721,1377578359,22.4
721,1377578364,22.4
721,1377578369,22.4
721,1377578374,22.4
721,1377578379,22.39
721,1377578384,22.4
721,1377578389,22.4
721,1377578394,22.39
721,1377578399,22.39
721,1377578404,22.39
721,1377578409,22.38
721,1377578414,22.39
721,1377578419,22.4
721,1377578424,22.39
721,1377578429,22.4
721,1377578434,22.38
721,1377578439,22.38
721,1377578444,22.38
721,1377578449,22.39
721,1377578454,22.38
721,1377578459,22.38
721,1377578464,22.38
721,1377578469,22.38
721,1377578474,22.38
721,1377578479,22.38
721,1377578484,22.36
721,1377578489,22.36
721,1377578494,22.37
721,1377578499,22.38
721,1377578504,22.37
721,1377578509,22.37
721,1377578514,22.37
721,1377578519,22.36
721,1377578524,22.37
721,1377578529,22.37
721,1377578534,22.36
721,1377578539,22.36
721,1377578544,22.36
721,1377578549,22.36
721,1377578554,22.37
721,1377578559,22.37
721,1377578564,22.36
721,1377578569,22.35
721,1377578574,22.36
721,1377578579,22.36
721,1377578584,22.36
721,1377578589,22.36
721,1377578599,22.35
721,1377578604,22.34
721,1377578609,22.35
721,1377578614,22.36
721,1377578619,22.35
721,1377578624,22.36
721,1377578629,22.34
721,1377578634,22.36
721,1377578639,22.35
721,1377578644,22.34
721,1377578649,22.35
721,1377578654,22.34
721,1377578659,22.36
721,1377578664,22.34
721,1377578669,22.34
721,1377578674,22.34
721,1377578679,22.34
721,1377578684,22.35
721,1377578689,22.33
721,1377578694,22.34
721,1377578699,22.34
721,1377578704,22.34
721,1377578709,22.35
721,1377578714,22.34
721,1377578719,22.33
721,1377578724,22.34
721,1377578729,22.34
721,1377578734,22.34
721,1377578739,22.33
721,1377578744,22.34
721,1377578749,22.33
721,1377578754,22.33
721,1377578759,22.33
721,1377578764,22.33
721,1377578769,22.32
721,1377578774,22.32
721,1377578779,22.34
721,1377578784,22.33
721,1377578789,22.32
721,1377578794,22.32
721,1377578799,22.31
721,1377578804,22.31
721,1377578809,22.32
721,1377578814,22.32
721,1377578819,22.32
721,1377578824,22.31
721,1377578829,22.3
721,1377578834,22.31
721,1377578839,22.31
721,1377578844,22.31
721,1377578849,22.31
721,1377578854,22.32
721,1377578859,22.32
721,1377578864,22.3
721,1377578869,22.31
721,1377578874,22.3
721,1377578879,22.3
721,1377578884,22.3
721,1377578889,22.3
721,1377578894,22.31
721,1377578899,22.3
721,1377578904,22.3
721,1377578909,22.3
721,1377578914,22.29
721,1377578919,22.3
721,1377578924,22.29
721,1377578929,22.3
721,1377578934,22.3
721,1377578939,22.3
721,1377578944,22.29
721,1377578949,22.29
721,1377578954,22.29
721,1377578959,22.29
721,1377578964,22.28
721,1377578969,22.29
721,1377578974,22.28
721,1377578979,22.29
721,1377578984,22.29
721,1377578989,22.29
721,1377578994,22.28
721,1377578999,22.28
721,1377579004,22.27
721,1377579009,22.28
721,1377579014,22.29
721,1377579019,22.27
721,1377579024,22.27
721,1377579029,22.27
721,1377579034,22.28
721,1377579039,22.27
721,1377579044,22.27
721,1377579049,22.28
721,1377579054,22.27
721,1377579059,22.28
721,1377579064,22.26
721,1377579069,22.26
721,1377579074,22.26
721,1377579079,22.27
721,1377579084,22.27
721,1377579089,22.26
721,1377579094,22.26
721,1377579099,22.26
721,1377579104,22.26
721,1377579109,22.26
721,1377579114,22.26
721,1377579119,22.25
721,1377579124,22.26
721,1377579129,22.25
721,1377579134,22.26
721,1377579139,22.26
721,1377579144,22.24
721,1377579149,22.25
721,1377579154,22.25
721,1377579159,22.25
721,1377579164,22.24
721,1377579169,22.24
721,1377579174,22.24
721,1377579179,22.26
721,1377579184,22.24
721,1377579189,22.24
721,1377579194,22.24
721,1377579199,22.23
721,1377579204,22.24
721,1377579209,22.24
721,1377579214,22.24
721,1377579219,22.24
721,1377579224,22.24
721,1377579229,22.25
721,1377579234,22.25
721,1377579239,22.25
721,1377579244,22.24
721,1377579249,22.25
721,1377579254,22.24
721,1377579259,22.23
721,1377579264,22.23
721,1377579269,22.24
721,1377579274,22.24
721,1377579279,22.22
721,1377579284,22.24
721,1377579289,22.23
721,1377579294,22.22
721,1377579299,22.22
721,1377579304,22.24
721,1377579309,22.24
721,1377579314,22.22
721,1377579319,22.23
721,1377579324,22.22
721,1377579329,22.22
721,1377579334,22.23
721,1377579339,22.23
721,1377579344,22.22
721,1377579349,22.23
721,1377579354,22.22
721,1377579359,22.22
721,1377579364,22.21
721,1377579369,22.21
721,1377579374,22.22
721,1377579379,22.21
721,1377579384,22.21
721,1377579389,22.21
721,1377579394,22.21
721,1377579399,22.21
721,1377579404,22.22
721,1377579409,22.22
721,1377579414,22.21
721,1377579419,22.2
721,1377579429,22.2
721,1377579434,22.21
721,1377579439,22.21
721,1377579444,22.21
721,1377579449,22.21
721,1377579454,22.21
721,1377579459,22.2
721,1377579464,22.21
721,1377579469,22.21
721,1377579474,22.21
721,1377579479,22.21
721,1377579484,22.21
721,1377579489,22.2
721,1377579494,22.19
721,1377579499,22.2
721,1377579504,22.2
721,1377579509,22.21
721,1377579514,22.2
721,1377579519,22.2
721,1377579524,22.2
721,1377579529,22.2
721,1377579534,22.2
721,1377579539,22.2
721,1377579544,22.2
721,1377579549,22.19
721,1377579554,22.19
721,1377579559,22.18
721,1377579564,22.19
721,1377579569,22.18
721,1377579574,22.19
721,1377579579,22.19
721,1377579584,22.19
721,1377579589,22.19
721,1377579594,22.2
721,1377579599,22.19
721,1377579604,22.19
721,1377579609,22.18
721,1377579614,22.18
721,1377579619,22.18
721,1377579624,22.18
721,1377579629,22.18
721,1377579634,22.18
721,1377579639,22.18
721,1377579644,22.16
721,1377579649,22.18
721,1377579654,22.16
721,1377579659,22.16
721,1377579664,22.18
721,1377579669,22.16
721,1377579674,22.17
721,1377579679,22.16
721,1377579684,22.17
721,1377579689,22.16
721,1377579694,22.16
721,1377579699,22.16
721,1377579704,22.16
721,1377579709,22.16
721,1377579714,22.16
721,1377579719,22.15
721,1377579724,22.15
721,1377579729,22.15
721,1377579734,22.16
721,1377579739,22.16
721,1377579744,22.16
721,1377579749,22.15
721,1377579754,22.15
721,1377579759,22.14
721,1377579764,22.15
721,1377579769,22.14
721,1377579774,22.14
721,1377579779,22.15
721,1377579784,22.15
721,1377579789,22.14
721,1377579794,22.15
721,1377579799,22.14
721,1377579804,22.16
721,1377579809,22.14
721,1377579814,22.14
721,1377579819,22.14
721,1377579824,22.14
721,1377579829,22.13
721,1377579834,22.14
721,1377579839,22.14
721,1377579844,22.14
721,1377579849,22.14
721,1377579854,22.13
721,1377579859,22.14
721,1377579864,22.14
721,1377579869,22.14
721,1377579874,22.14
721,1377579879,22.14
721,1377579884,22.13
721,1377579889,22.14
721,1377579894,22.14
721,1377579899,22.14
721,1377579904,22.14
721,1377579909,22.14
721,1377579914,22.14
721,1377579919,22.12
721,1377579924,22.12
721,1377579929,22.12
721,1377579934,22.12
721,1377579939,22.13
721,1377579944,22.13
721,1377579949,22.13
721,1377579954,22.13
721,1377579959,22.12
721,1377579964,22.12
721,1377579969,22.12
721,1377579974,22.12
721,1377579979,22.12
721,1377579984,22.12
721,1377579989,22.12
721,1377579994,22.12
721,1377579999,22.1
721,1377580004,22.1
721,1377580009,22.12
721,1377580014,22.1
721,1377580019,22.1
721,1377580024,22.11
721,1377580029,22.11
721,1377580034,22.11
721,1377580039,22.11
721,1377580044,22.11
721,1377580049,22.1
721,1377580054,22.1
721,1377580059,22.1
721,1377580064,22.09
721,1377580069,22.09
721,1377580074,22.11
721,1377580079,22.1
721,1377580084,22.1
721,1377580089,22.09
721,1377580094,22.09
721,1377580099,22.08
721,1377580104,22.08
721,1377580109,22.09
721,1377580114,22.09
721,1377580119,22.08
721,1377580124,22.08
721,1377580129,22.08
721,1377580134,22.08
721,1377580139,22.09
721,1377580144,22.07
721,1377580149,22.08
721,1377580154,22.08
721,1377580159,22.07
721,1377580164,22.08
721,1377580169,22.07
721,1377580174,22.08
721,1377580179,22.07
721,1377580184,22.07
721,1377580189,22.08
721,1377580194,22.07
721,1377580199,22.07
721,1377580204,22.07
721,1377580209,22.06
721,1377580215,22.06
721,1377580219,22.05
721,1377580224,22.06
721,1377580229,22.06
721,1377580234,22.06
721,1377580239,22.05
721,1377580244,22.06
721,1377580249,22.06
721,1377580254,22.06
721,1377580259,22.05
721,1377580264,22.06
721,1377580269,22.05
721,1377580274,22.05
721,1377580279,22.06
721,1377580284,22.04
721,1377580289,22.06
721,1377580294,22.05
721,1377580299,22.06
721,1377580304,22.04
721,1377580309,22.05
721,1377580314,22.05
721,1377580319,22.04
721,1377580324,22.04
721,1377580329,22.04
721,1377580334,22.04
721,1377580339,22.03
721,1377580344,22.04
721,1377580349,22.05
721,1377580354,22.04
721,1377580359,22.02
721,1377580364,22.04
721,1377580369,22.04
721,1377580374,22.04
721,1377580379,22.04
721,1377580384,22.03
721,1377580389,22.04
721,1377580394,22.02
721,1377580399,22.02
721,1377580404,22.03
721,1377580409,22.04
721,1377580414,22.03
721,1377580419,22.03
721,1377580424,22.02
721,1377580429,22.02
721,1377580434,22.01
721,1377580439,22.02
721,1377580444,22.02
721,1377580449,22.02
721,1377580454,22.01
721,1377580459,22.01
721,1377580464,22.02
721,1377580469,22.01
721,1377580474,22.0
721,1377580479,22.0
721,1377580484,22.0
721,1377580489,22.0
721,1377580494,22.0
721,1377580499,22.0
721,1377580504,22.0
721,1377580509,22.01
721,1377580514,22.0
721,1377580519,22.0
721,1377580524,22.0
721,1377580529,22.0
721,1377580534,22.0
721,1377580539,22.0
721,1377580544,22.0
721,1377580549,22.0
721,1377580554,21.98
721,1377580559,22.0
721,1377580564,22.0
721,1377580569,22.0
721,1377580574,22.0
721,1377580579,22.0
721,1377580584,22.0
721,1377580589,22.0
721,1377580594,22.0
721,1377580599,21.99
721,1377580604,21.99
721,1377580609,22.0
721,1377580614,21.99
721,1377580619,21.99
721,1377580624,21.99
721,1377580629,21.99
721,1377580634,21.98
721,1377580639,21.99
721,1377580644,21.99
721,1377580649,21.99
721,1377580654,21.99
721,1377580659,21.98
721,1377580664,21.98
721,1377580669,21.98
721,1377580674,21.98
721,1377580679,21.98
721,1377580684,21.98
721,1377580689,21.99
721,1377580694,21.98
721,1377580699,21.98
721,1377580704,21.98
721,1377580709,21.97
721,1377580714,21.98
721,1377580719,21.97
721,1377580724,21.99
721,1377580729,21.98
721,1377580734,21.98
721,1377580739,21.97
721,1377580744,21.97
721,1377580749,21.97
721,1377580754,21.96
721,1377580759,21.96
721,1377580764,21.96
721,1377580769,21.96
721,1377580774,21.95
721,1377580779,21.96
721,1377580784,21.96
721,1377580789,21.96
721,1377580794,21.96
721,1377580799,21.96
721,1377580804,21.97
721,1377580809,21.96
721,1377580814,21.96
721,1377580819,21.98
721,1377580824,21.97
721,1377580829,21.96
721,1377580834,21.96
721,1377580839,21.97
721,1377580844,21.96
721,1377580849,21.96
721,1377580854,21.96
721,1377580859,21.97
721,1377580864,21.95
721,1377580869,21.96
721,1377580874,21.97
721,1377580879,21.96
721,1377580884,21.96
721,1377580889,21.95
721,1377580894,21.95
721,1377580899,21.96
721,1377580904,21.96
721,1377580909,21.95
721,1377580914,21.94
721,1377580919,21.94
721,1377580924,21.95
721,1377580929,21.94
721,1377580934,21.94
721,1377580939,21.95
721,1377580944,21.94
721,1377580949,21.95
721,1377580954,21.94
721,1377580959,21.94
721,1377580964,21.94
721,1377580969,21.94
721,1377580974,21.94
721,1377580979,21.94
721,1377580984,21.94
721,1377580989,21.93
721,1377580994,21.93
721,1377580999,21.93
721,1377581004,21.94
721,1377581009,21.93
721,1377581014,21.93
721,1377581019,21.94
721,1377581024,21.92
721,1377581029,21.94
721,1377581034,21.92
721,1377581039,21.92
721,1377581044,21.92
721,1377581050,21.93
721,1377581054,21.92
721,1377581059,21.92
721,1377581064,21.92
721,1377581069,21.92
721,1377581074,21.91
721,1377581079,21.93
721,1377581084,21.92
721,1377581089,21.92
721,1377581094,21.92
721,1377581099,21.91
721,1377581104,21.91
721,1377581109,21.91
721,1377581114,21.91
721,1377581119,21.91
721,1377581124,21.91
721,1377581129,21.91
721,1377581134,21.9
721,1377581139,21.9
721,1377581144,21.9
721,1377581149,21.91
721,1377581154,21.9
721,1377581159,21.9
721,1377581164,21.9
721,1377581169,21.9
721,1377581174,21.9
721,1377581179,21.9
721,1377581184,21.9
721,1377581189,21.9
721,1377581194,21.9
721,1377581199,21.89
721,1377581204,21.89
721,1377581209,21.89
721,1377581214,21.88
721,1377581219,21.89
721,1377581224,21.88
721,1377581229,21.88
721,1377581234,21.89
721,1377581239,21.89
721,1377581244,21.89
721,1377581249,21.88
721,1377581254,21.9
721,1377581259,21.88
721,1377581264,21.88
721,1377581269,21.88
721,1377581274,21.88
721,1377581279,21.88
721,1377581284,21.88
721,1377581289,21.88
721,1377581294,21.86
721,1377581299,21.87
721,1377581304,21.87
721,1377581309,21.88
721,1377581314,21.87
721,1377581319,21.87
721,1377581324,21.87
721,1377581329,21.88
721,1377581334,21.85
721,1377581339,21.86
721,1377581344,21.87
721,1377581349,21.86
721,1377581354,21.85
721,1377581359,21.87
721,1377581364,21.86
721,1377581369,21.87
721,1377581374,21.87
721,1377581379,21.86
721,1377581384,21.86
721,1377581389,21.86
721,1377581394,21.85
721,1377581399,21.86
721,1377581404,21.85
721,1377581409,21.84
721,1377581414,21.86
721,1377581419,21.84
721,1377581424,21.85
721,1377581429,21.86
721,1377581434,21.85
721,1377581439,21.85
721,1377581444,21.84
721,1377581449,21.84
721,1377581454,21.84
721,1377581459,21.84
721,1377581464,21.84
721,1377581469,21.84
721,1377581474,21.84
721,1377581479,21.84
721,1377581484,21.84
721,1377581489,21.84
721,1377581494,21.85
721,1377581499,21.84
721,1377581504,21.84
721,1377581509,21.84
721,1377581514,21.83
721,1377581519,21.83
721,1377581524,21.83
721,1377581529,21.82
721,1377581534,21.84
721,1377581539,21.82
721,1377581544,21.83
721,1377581549,21.83
721,1377581554,21.82
721,1377581559,21.82
721,1377581564,21.82
721,1377581569,21.83
721,1377581574,21.82
721,1377581579,21.81
721,1377581584,21.81
721,1377581589,21.82
721,1377581594,21.81
721,1377581599,21.82
721,1377581604,21.82
721,1377581609,21.82
721,1377581614,21.81
721,1377581619,21.81
721,1377581624,21.8
721,1377581629,21.8
721,1377581634,21.8
721,1377581639,21.8
721,1377581644,21.81
721,1377581649,21.81
721,1377581654,21.8
721,1377581659,21.8
721,1377581664,21.8
721,1377581669,21.8
721,1377581674,21.8
721,1377581679,21.8
721,1377581684,21.79
721,1377581689,21.8
721,1377581694,21.79
721,1377581699,21.8
721,1377581704,21.8
721,1377581709,21.79
721,1377581714,21.79
721,1377581719,21.78
721,1377581724,21.79
721,1377581729,21.8
721,1377581734,21.78
721,1377581739,21.8
721,1377581744,21.79
721,1377581749,21.79
721,1377581754,21.79
721,1377581759,21.79
721,1377581764,21.79
721,1377581769,21.8
721,1377581774,21.78
721,1377581779,21.8
721,1377581784,21.8
721,1377581789,21.79
721,1377581794,21.78
721,1377581799,21.78
721,1377581804,21.79
721,1377581809,21.79
721,1377581814,21.79
721,1377581819,21.79
721,1377581824,21.79
721,1377581829,21.78
721,1377581834,21.79
721,1377581839,21.79
721,1377581844,21.78
721,1377581849,21.78
721,1377581854,21.79
721,1377581859,21.79
721,1377581864,21.79
721,1377581869,21.79
721,1377581874,21.78
721,1377581879,21.78
721,1377581884,21.78
721,1377581889,21.78
721,1377581894,21.79
721,1377581899,21.78
721,1377581904,21.77
721,1377581909,21.77
721,1377581914,21.78
721,1377581919,21.77
721,1377581924,21.77
721,1377581929,21.78
721,1377581934,21.77
721,1377581943,21.76
721,1377581944,21.76
721,1377581949,21.77
721,1377581954,21.76
721,1377581959,21.76
721,1377581964,21.76
721,1377581969,21.76
721,1377581974,21.76
721,1377581979,21.77
721,1377581984,21.76
721,1377581989,21.76
721,1377581994,21.76
721,1377581999,21.75
721,1377582004,21.76
721,1377582009,21.75
721,1377582014,21.75
721,1377582019,21.74
721,1377582024,21.75
721,1377582029,21.76
721,1377582034,21.74
721,1377582039,21.75
721,1377582044,21.75
721,1377582049,21.76
721,1377582054,21.74
721,1377582059,21.74
721,1377582064,21.74
721,1377582069,21.74
721,1377582074,21.74
721,1377582079,21.75
721,1377582084,21.74
721,1377582089,21.76
721,1377582094,21.74
721,1377582099,21.74
721,1377582104,21.73
721,1377582109,21.74
721,1377582114,21.74
721,1377582119,21.73
721,1377582124,21.74
721,1377582129,21.73
721,1377582134,21.74
721,1377582139,21.72
721,1377582144,21.72
721,1377582149,21.72
721,1377582154,21.74
721,1377582159,21.72
721,1377582164,21.73
721,1377582169,21.73
721,1377582174,21.72
721,1377582179,21.72
721,1377582184,21.73
721,1377582189,21.73
721,1377582194,21.72
721,1377582199,21.73
721,1377582204,21.72
721,1377582209,21.72
721,1377582214,21.72
721,1377582219,21.72
721,1377582224,21.73
721,1377582229,21.73
721,1377582234,21.72
721,1377582239,21.72
721,1377582244,21.72
721,1377582249,21.72
721,1377582254,21.72
721,1377582259,21.72
721,1377582264,21.7
721,1377582269,21.72
721,1377582274,21.71
721,1377582279,21.72
721,1377582284,21.72
721,1377582289,21.72
721,1377582294,21.72
721,1377582299,21.72
721,1377582304,21.72
721,1377582309,21.71
721,1377582314,21.72
721,1377582319,21.71
721,1377582324,21.7
721,1377582329,21.7
721,1377582334,21.72
721,1377582339,21.7
721,1377582344,21.71
721,1377582349,21.71
721,1377582354,21.7
721,1377582359,21.71
721,1377582364,21.71
721,1377582369,21.71
721,1377582374,21.71
721,1377582379,21.72
721,1377582384,21.72
721,1377582389,21.7
721,1377582394,21.71
721,1377582399,21.7
721,1377582404,21.7
721,1377582409,21.7
721,1377582414,21.7
721,1377582419,21.7
721,1377582424,21.71
721,1377582429,21.7
721,1377582434,21.7
721,1377582439,21.7
721,1377582444,21.7
721,1377582449,21.7
721,1377582454,21.7
721,1377582459,21.69
721,1377582464,21.7
721,1377582469,21.7
721,1377582474,21.7
721,1377582479,21.7
721,1377582484,21.71
721,1377582489,21.68
721,1377582494,21.7
721,1377582499,21.7
721,1377582504,21.69
721,1377582509,21.7
721,1377582514,21.7
721,1377582519,21.7
721,1377582524,21.7
721,1377582529,21.7
721,1377582534,21.7
721,1377582539,21.7
721,1377582544,21.69
721,1377582549,21.7
721,1377582554,21.7
721,1377582559,21.69
721,1377582564,21.69
721,1377582569,21.68
721,1377582574,21.69
721,1377582579,21.68
721,1377582584,21.68
721,1377582589,21.68
721,1377582594,21.68
721,1377582599,21.68
721,1377582604,21.68
721,1377582609,21.68
721,1377582614,21.68
721,1377582619,21.69
721,1377582624,21.69
721,1377582629,21.69
721,1377582634,21.68
721,1377582639,21.68
721,1377582644,21.68
721,1377582649,21.68
721,1377582654,21.67
721,1377582659,21.68
721,1377582664,21.68
721,1377582669,21.68
721,1377582674,21.68
721,1377582679,21.7
721,1377582684,21.68
721,1377582689,21.68
721,1377582694,21.68
721,1377582699,21.66
721,1377582704,21.68
721,1377582709,21.67
721,1377582714,21.69
721,1377582719,21.68
721,1377582724,21.68
721,1377582729,21.67
721,1377582734,21.66
721,1377582739,21.66
721,1377582744,21.66
721,1377582749,21.67
721,1377582754,21.67
721,1377582759,21.67
721,1377582764,21.67
721,1377582769,21.66
721,1377582774,21.66
721,1377582779,21.66
721,1377582784,21.68
721,1377582789,21.66
721,1377582794,21.66
721,1377582799,21.66
721,1377582805,21.66
721,1377582809,21.66
721,1377582814,21.68
721,1377582819,21.65
721,1377582824,21.66
721,1377582829,21.66
721,1377582834,21.66
721,1377582839,21.66
721,1377582844,21.66
721,1377582849,21.65
721,1377582854,21.66
721,1377582859,21.65
721,1377582864,21.64
721,1377582869,21.65
721,1377582874,21.65
721,1377582879,21.64
721,1377582884,21.64
721,1377582889,21.64
721,1377582894,21.64
721,1377582899,21.65
721,1377582904,21.65
721,1377582909,21.64
721,1377582914,21.64
721,1377582919,21.64
721,1377582924,21.63
721,1377582929,21.64
721,1377582934,21.64
721,1377582939,21.63
721,1377582944,21.64
721,1377582949,21.64
721,1377582954,21.62
721,1377582959,21.63
721,1377582964,21.63
721,1377582969,21.63
721,1377582974,21.62
721,1377582979,21.62
721,1377582984,21.62
721,1377582989,21.62
721,1377582994,21.62
721,1377582999,21.62
721,1377583004,21.62
721,1377583009,21.62
721,1377583014,21.62
721,1377583019,21.62
721,1377583024,21.62
721,1377583029,21.62
721,1377583034,21.61
721,1377583039,21.63
721,1377583044,21.61
721,1377583049,21.61
721,1377583054,21.61
721,1377583059,21.6
721,1377583064,21.61
721,1377583069,21.6
721,1377583074,21.6
721,1377583079,21.61
721,1377583084,21.6
721,1377583089,21.6
721,1377583094,21.59
721,1377583099,21.59
721,1377583104,21.59
721,1377583109,21.59
721,1377583114,21.6
721,1377583119,21.6
721,1377583124,21.59
721,1377583129,21.6
721,1377583134,21.59
721,1377583139,21.59
721,1377583144,21.6
721,1377583149,21.59
721,1377583154,21.58
721,1377583159,21.6
721,1377583164,21.59
721,1377583169,21.58
721,1377583174,21.6
721,1377583179,21.58
721,1377583184,21.59
721,1377583189,21.58
721,1377583194,21.57
721,1377583199,21.57
721,1377583204,21.58
721,1377583209,21.58
721,1377583214,21.58
721,1377583219,21.57
721,1377583224,21.57
721,1377583229,21.57
721,1377583234,21.56
721,1377583239,21.56
721,1377583244,21.58
721,1377583249,21.56
721,1377583254,21.58
721,1377583259,21.57
721,1377583264,21.56
721,1377583269,21.56
721,1377583274,21.57
721,1377583279,21.56
721,1377583284,21.55
721,1377583289,21.57
721,1377583294,21.56
721,1377583299,21.56
721,1377583304,21.56
721,1377583309,21.56
721,1377583314,21.56
721,1377583319,21.56
721,1377583324,21.56
721,1377583329,21.56
721,1377583334,21.57
721,1377583339,21.56
721,1377583344,21.56
721,1377583349,21.54
721,1377583354,21.56
721,1377583359,21.56
721,1377583364,21.56
721,1377583369,21.56
721,1377583374,21.55
721,1377583379,21.55
721,1377583384,21.55
721,1377583389,21.55
721,1377583394,21.55
721,1377583399,21.55
721,1377583404,21.54
721,1377583409,21.55
721,1377583414,21.55
721,1377583419,21.54
721,1377583424,21.55
721,1377583429,21.55
721,1377583434,21.55
721,1377583439,21.54
721,1377583444,21.55
721,1377583449,21.54
721,1377583454,21.54
721,1377583459,21.55
721,1377583464,21.53
721,1377583469,21.55
721,1377583474,21.55
721,1377583479,21.54
721,1377583484,21.53
721,1377583489,21.54
721,1377583494,21.54
721,1377583499,21.54
721,1377583504,21.54
721,1377583509,21.53
721,1377583514,21.54
721,1377583519,21.53
721,1377583524,21.52
721,1377583529,21.52
721,1377583534,21.54
721,1377583539,21.53
721,1377583544,21.52
721,1377583549,21.54
721,1377583554,21.54
721,1377583559,21.52
721,1377583564,21.52
721,1377583569,21.52
721,1377583574,21.52
721,1377583579,21.52
721,1377583584,21.52
721,1377583589,21.52
721,1377583594,21.52
721,1377583599,21.52
721,1377583604,21.52
721,1377583609,21.51
721,1377583614,21.52
721,1377583619,21.52
721,1377583624,21.52
721,1377583629,21.52
721,1377583634,21.52
721,1377583639,21.52
721,1377583644,21.52
721,1377583649,21.51
721,1377583654,21.51
721,1377583661,21.52
721,1377583664,21.51
721,1377583669,21.5
721,1377583674,21.5
721,1377583679,21.5
721,1377583684,21.51
721,1377583689,21.51
721,1377583694,21.5
721,1377583699,21.5
721,1377583704,21.5
721,1377583709,21.5
721,1377583714,21.51
721,1377583719,21.5
721,1377583724,21.5
721,1377583729,21.51
721,1377583734,21.5
721,1377583739,21.49
721,1377583744,21.5
721,1377583749,21.49
721,1377583754,21.5
721,1377583759,21.49
721,1377583764,21.51
721,1377583769,21.5
721,1377583774,21.49
721,1377583779,21.49
721,1377583784,21.5
721,1377583789,21.49
721,1377583794,21.49
721,1377583799,21.48
721,1377583804,21.48
721,1377583809,21.5
721,1377583814,21.48
721,1377583819,21.49
721,1377583824,21.48
721,1377583829,21.48
721,1377583834,21.49
721,1377583839,21.48
721,1377583844,21.48
721,1377583849,21.49
721,1377583854,21.48
721,1377583859,21.48
721,1377583864,21.48
721,1377583869,21.48
721,1377583874,21.48
721,1377583879,21.48
721,1377583884,21.48
721,1377583889,21.48
721,1377583894,21.47
721,1377583899,21.47
721,1377583904,21.48
721,1377583909,21.47
721,1377583914,21.46
721,1377583919,21.48
721,1377583924,21.48
721,1377583929,21.47
721,1377583934,21.47
721,1377583939,21.47
721,1377583944,21.47
721,1377583949,21.47
721,1377583954,21.46
721,1377583959,21.46
721,1377583964,21.47
721,1377583969,21.47
721,1377583974,21.46
721,1377583979,21.47
721,1377583984,21.46
721,1377583989,21.47
721,1377583994,21.47
721,1377583999,21.46
721,1377584004,21.46
721,1377584009,21.46
721,1377584014,21.46
721,1377584019,21.46
721,1377584024,21.46
721,1377584029,21.45
721,1377584034,21.47
721,1377584039,21.45
721,1377584044,21.44
721,1377584049,21.47
721,1377584054,21.46
721,1377584059,21.47
721,1377584064,21.47
721,1377584069,21.46
721,1377584074,21.46
721,1377584079,21.45
721,1377584084,21.44
721,1377584089,21.46
721,1377584094,21.45
721,1377584099,21.44
721,1377584104,21.46
721,1377584109,21.44
721,1377584114,21.46
721,1377584119,21.44
721,1377584124,21.45
721,1377584129,21.46
721,1377584134,21.45
721,1377584139,21.45
721,1377584144,21.44
721,1377584149,21.45
721,1377584154,21.46
721,1377584159,21.44
721,1377584164,21.44
721,1377584169,21.44
721,1377584174,21.44
721,1377584179,21.45
721,1377584184,21.44
721,1377584189,21.44
721,1377584194,21.44
721,1377584199,21.45
721,1377584204,21.45
721,1377584209,21.45
721,1377584214,21.45
721,1377584219,21.45
721,1377584224,21.44
721,1377584229,21.44
721,1377584234,21.44
721,1377584239,21.44
721,1377584244,21.44
721,1377584249,21.46
721,1377584254,21.44
721,1377584259,21.44
721,1377584264,21.44
721,1377584269,21.44
721,1377584274,21.44
721,1377584279,21.45
721,1377584284,21.43
721,1377584289,21.43
721,1377584294,21.42
721,1377584299,21.43
721,1377584304,21.43
721,1377584309,21.42
721,1377584314,21.43
721,1377584319,21.43
721,1377584324,21.43
721,1377584329,21.43
721,1377584334,21.43
721,1377584339,21.43
721,1377584344,21.42
721,1377584349,21.43
721,1377584354,21.44
721,1377584359,21.42
721,1377584364,21.42
721,1377584369,21.41
721,1377584374,21.42
721,1377584379,21.42
721,1377584384,21.42
721,1377584389,21.42
721,1377584394,21.42
721,1377584399,21.41
721,1377584404,21.41
721,1377584409,21.42
721,1377584414,21.41
721,1377584419,21.41
721,1377584424,21.42
721,1377584429,21.42
721,1377584434,21.41
721,1377584439,21.41
721,1377584444,21.4
721,1377584449,21.42
721,1377584454,21.42
721,1377584459,21.42
721,1377584464,21.42
721,1377584469,21.42
721,1377584474,21.42
721,1377584479,21.42
721,1377584484,21.42
721,1377584489,21.41
721,1377584494,21.41
721,1377584499,21.41
721,1377584504,21.42
721,1377584510,21.41
721,1377584514,21.41
721,1377584519,21.41
721,1377584524,21.41
721,1377584529,21.41
721,1377584534,21.42
721,1377584539,21.41
721,1377584544,21.41
721,1377584549,21.41
721,1377584554,21.41
721,1377584559,21.4
721,1377584564,21.41
721,1377584569,21.41
721,1377584574,21.4
721,1377584579,21.42
721,1377584584,21.4
721,1377584589,21.4
721,1377584594,21.4
721,1377584599,21.4
721,1377584604,21.41
721,1377584609,21.39
721,1377584614,21.4
721,1377584619,21.4
721,1377584624,21.39
721,1377584629,21.4
721,1377584634,21.39
721,1377584639,21.38
721,1377584644,21.41
721,1377584649,21.4
721,1377584654,21.4
721,1377584659,21.39
721,1377584664,21.39
721,1377584669,21.39
721,1377584674,21.39
721,1377584679,21.38
721,1377584684,21.38
721,1377584689,21.38
721,1377584694,21.38
721,1377584699,21.4
721,1377584704,21.39
721,1377584709,21.38
721,1377584714,21.37
721,1377584719,21.38
721,1377584724,21.38
721,1377584729,21.38
721,1377584734,21.38
721,1377584739,21.38
721,1377584744,21.38
721,1377584749,21.37
721,1377584754,21.38
721,1377584759,21.38
721,1377584764,21.38
721,1377584769,21.38
721,1377584774,21.38
721,1377584779,21.38
721,1377584784,21.38
721,1377584789,21.38
721,1377584794,21.38
721,1377584799,21.39
721,1377584804,21.38
721,1377584809,21.38
721,1377584814,21.39
721,1377584819,21.38
721,1377584824,21.36
721,1377584829,21.37
721,1377584834,21.36
721,1377584839,21.37
721,1377584844,21.37
721,1377584849,21.37
721,1377584854,21.38
721,1377584859,21.36
721,1377584864,21.37
721,1377584869,21.37
721,1377584874,21.38
721,1377584879,21.36
721,1377584884,21.37
721,1377584889,21.37
721,1377584894,21.37
721,1377584899,21.37
721,1377584904,21.38
721,1377584909,21.39
721,1377584914,21.37
721,1377584919,21.37
721,1377584924,21.37
721,1377584929,21.38
721,1377584934,21.36
721,1377584939,21.36
721,1377584944,21.35
721,1377584949,21.36
721,1377584954,21.36
721,1377584959,21.36
721,1377584964,21.36
721,1377584969,21.36
721,1377584974,21.37
721,1377584979,21.36
721,1377584984,21.36
721,1377584989,21.36
721,1377584994,21.36
721,1377584999,21.36
721,1377585004,21.36
721,1377585009,21.36
721,1377585014,21.36
721,1377585019,21.36
721,1377585024,21.36
721,1377585029,21.36
721,1377585034,21.36
721,1377585039,21.35
721,1377585044,21.36
721,1377585049,21.36
721,1377585054,21.36
721,1377585059,21.35
721,1377585064,21.36
721,1377585069,21.36
721,1377585074,21.35
721,1377585079,21.35
721,1377585084,21.36
721,1377585089,21.36
721,1377585094,21.34
721,1377585099,21.35
721,1377585104,21.34
721,1377585109,21.35
721,1377585114,21.34
721,1377585119,21.35
721,1377585124,21.34
721,1377585129,21.34
721,1377585134,21.35
721,1377585139,21.35
721,1377585144,21.35
721,1377585149,21.36
721,1377585154,21.33
721,1377585159,21.33
721,1377585164,21.34
721,1377585169,21.33
721,1377585174,21.34
721,1377585179,21.34
721,1377585184,21.33
721,1377585189,21.34
721,1377585194,21.33
721,1377585199,21.34
721,1377585204,21.33
721,1377585209,21.34
721,1377585214,21.33
721,1377585219,21.33
721,1377585224,21.32
721,1377585229,21.33
721,1377585234,21.33
721,1377585239,21.33
721,1377585244,21.33
721,1377585249,21.32
721,1377585254,21.32
721,1377585259,21.32
721,1377585264,21.32
721,1377585269,21.32
721,1377585274,21.33
721,1377585279,21.33
721,1377585284,21.32
721,1377585289,21.32
721,1377585294,21.32
721,1377585299,21.3
721,1377585304,21.32
721,1377585309,21.32
721,1377585314,21.31
721,1377585319,21.32
721,1377585324,21.31
721,1377585329,21.3
721,1377585334,21.32
721,1377585339,21.31
721,1377585344,21.32
721,1377585349,21.31
721,1377585354,21.32
721,1377585359,21.3
721,1377585364,21.3
721,1377585369,21.3
721,1377585378,21.3
721,1377585379,21.32
721,1377585384,21.32
721,1377585389,21.31
721,1377585394,21.3
721,1377585399,21.3
721,1377585404,21.31
721,1377585409,21.31
721,1377585414,21.31
721,1377585419,21.3
721,1377585424,21.31
721,1377585429,21.3
721,1377585434,21.3
721,1377585439,21.3
721,1377585444,21.31
721,1377585449,21.3
721,1377585454,21.31
721,1377585459,21.3
721,1377585464,21.3
721,1377585469,21.29
721,1377585474,21.29
721,1377585479,21.3
721,1377585484,21.31
721,1377585489,21.3
721,1377585494,21.29
721,1377585499,21.29
721,1377585504,21.28
721,1377585509,21.29
721,1377585514,21.29
721,1377585519,21.3
721,1377585524,21.3
721,1377585529,21.28
721,1377585534,21.29
721,1377585539,21.28
721,1377585544,21.29
721,1377585549,21.29
721,1377585554,21.28
721,1377585559,21.3
721,1377585564,21.29
721,1377585569,21.29
721,1377585574,21.28
721,1377585579,21.28
721,1377585584,21.28
721,1377585589,21.29
721,1377585594,21.29
721,1377585599,21.29
721,1377585604,21.29
721,1377585609,21.29
721,1377585614,21.29
721,1377585619,21.29
721,1377585624,21.28
721,1377585629,21.29
721,1377585634,21.28
721,1377585639,21.28
721,1377585644,21.29
721,1377585649,21.28
721,1377585654,21.28
721,1377585659,21.28
721,1377585664,21.28
721,1377585669,21.28
721,1377585674,21.28
721,1377585679,21.28
721,1377585684,21.28
721,1377585689,21.28
721,1377585694,21.28
721,1377585699,21.29
721,1377585704,21.28
721,1377585709,21.28
721,1377585714,21.27
721,1377585719,21.28
721,1377585724,21.28
721,1377585729,21.28
721,1377585734,21.28
721,1377585739,21.27
721,1377585744,21.27
721,1377585749,21.27
721,1377585754,21.27
721,1377585759,21.28
721,1377585764,21.27
721,1377585769,21.27
721,1377585774,21.27
721,1377585779,21.27
721,1377585784,21.27
721,1377585789,21.27
721,1377585794,21.27
721,1377585799,21.26
721,1377585804,21.26
721,1377585809,21.26
721,1377585814,21.26
721,1377585819,21.27
721,1377585824,21.27
721,1377585829,21.26
721,1377585834,21.26
721,1377585839,21.26
721,1377585844,21.26
721,1377585849,21.26
721,1377585854,21.26
721,1377585859,21.26
721,1377585864,21.26
721,1377585869,21.26
721,1377585874,21.26
721,1377585879,21.26
721,1377585884,21.26
721,1377585889,21.26
721,1377585894,21.26
721,1377585899,21.26
721,1377585904,21.26
721,1377585909,21.25
721,1377585914,21.26
721,1377585919,21.26
721,1377585924,21.26
721,1377585929,21.26
721,1377585934,21.26
721,1377585939,21.26
721,1377585944,21.25
721,1377585949,21.26
721,1377585954,21.26
721,1377585959,21.25
721,1377585964,21.24
721,1377585969,21.26
721,1377585974,21.26
721,1377585979,21.27
721,1377585984,21.25
721,1377585989,21.25
721,1377585994,21.26
721,1377585999,21.24
721,1377586004,21.25
721,1377586009,21.26
721,1377586014,21.26
721,1377586019,21.26
721,1377586024,21.25
721,1377586029,21.25
721,1377586034,21.25
721,1377586039,21.26
721,1377586044,21.24
721,1377586049,21.25
721,1377586054,21.24
721,1377586059,21.26
721,1377586064,21.26
721,1377586069,21.24
721,1377586074,21.24
721,1377586079,21.25
721,1377586084,21.24
721,1377586089,21.26
721,1377586094,21.25
721,1377586099,21.25
721,1377586104,21.25
721,1377586109,21.25
721,1377586114,21.25
721,1377586119,21.24
721,1377586124,21.24
721,1377586129,21.25
721,1377586134,21.25
721,1377586139,21.22
721,1377586144,21.24
721,1377586149,21.24
721,1377586154,21.24
721,1377586159,21.23
721,1377586164,21.23
721,1377586169,21.23
721,1377586174,21.24
721,1377586179,21.23
721,1377586184,21.23
721,1377586189,21.22
721,1377586194,21.22
721,1377586199,21.23
721,1377586204,21.23
721,1377586209,21.23
721,1377586214,21.24
721,1377586219,21.24
721,1377586224,21.23
721,1377586229,21.23
721,1377586234,21.23
721,1377586239,21.23
721,1377586244,21.23
721,1377586251,21.22
721,1377586254,21.23
721,1377586259,21.22
721,1377586264,21.22
721,1377586269,21.22
721,1377586274,21.22
721,1377586279,21.23
721,1377586284,21.22
721,1377586289,21.23
721,1377586294,21.21
721,1377586299,21.21
721,1377586304,21.22
721,1377586309,21.22
721,1377586314,21.22
721,1377586319,21.21
721,1377586324,21.21
721,1377586329,21.22
721,1377586334,21.22
721,1377586339,21.22
721,1377586344,21.22
721,1377586349,21.22
721,1377586354,21.22
721,1377586359,21.21
721,1377586364,21.22
721,1377586369,21.23
721,1377586374,21.22
721,1377586379,21.21
721,1377586384,21.22
721,1377586389,21.22
721,1377586394,21.22
721,1377586399,21.23
721,1377586404,21.21
721,1377586409,21.22
721,1377586414,21.2
721,1377586419,21.21
721,1377586424,21.22
721,1377586429,21.2
721,1377586434,21.2
721,1377586439,21.21
721,1377586444,21.21
721,1377586449,21.2
721,1377586454,21.2
721,1377586459,21.21
721,1377586464,21.2
721,1377586469,21.22
721,1377586474,21.22
721,1377586479,21.21
721,1377586484,21.22
721,1377586489,21.2
721,1377586494,21.21
721,1377586499,21.21
721,1377586504,21.21
721,1377586509,21.21
721,1377586514,21.22
721,1377586519,21.2
721,1377586524,21.21
721,1377586529,21.2
721,1377586534,21.21
721,1377586539,21.22
721,1377586544,21.2
721,1377586549,21.2
721,1377586554,21.2
721,1377586559,21.22
721,1377586564,21.21
721,1377586569,21.21
721,1377586574,21.19
721,1377586579,21.22
721,1377586584,21.21
721,1377586589,21.2
721,1377586594,21.2
721,1377586599,21.2
721,1377586604,21.19
721,1377586609,21.19
721,1377586614,21.2
721,1377586619,21.21
721,1377586624,21.22
721,1377586629,21.2
721,1377586634,21.22
721,1377586639,21.22
721,1377586644,21.2
721,1377586649,21.2
721,1377586654,21.2
721,1377586659,21.2
721,1377586664,21.2
721,1377586669,21.2
721,1377586674,21.19
721,1377586679,21.2
721,1377586684,21.19
721,1377586689,21.18
721,1377586694,21.19
721,1377586699,21.18
721,1377586704,21.19
721,1377586709,21.18
721,1377586714,21.18
721,1377586719,21.19
721,1377586724,21.19
721,1377586729,21.18
721,1377586734,21.19
721,1377586739,21.18
721,1377586744,21.18
721,1377586749,21.18
721,1377586754,21.19
721,1377586759,21.18
721,1377586764,21.19
721,1377586769,21.19
721,1377586774,21.18
721,1377586779,21.18
721,1377586784,21.19
721,1377586789,21.18
721,1377586794,21.18
721,1377586799,21.18
721,1377586804,21.18
721,1377586809,21.18
721,1377586814,21.18
721,1377586819,21.18
721,1377586824,21.18
721,1377586829,21.18
721,1377586834,21.16
721,1377586839,21.17
721,1377586844,21.17
721,1377586849,21.17
721,1377586854,21.17
721,1377586859,21.18
721,1377586864,21.18
721,1377586869,21.17
721,1377586874,21.17
721,1377586879,21.18
721,1377586884,21.17
721,1377586889,21.16
721,1377586894,21.18
721,1377586899,21.17
721,1377586904,21.17
721,1377586909,21.16
721,1377586914,21.17
721,1377586919,21.17
721,1377586924,21.16
721,1377586929,21.17
721,1377586934,21.17
721,1377586939,21.17
721,1377586944,21.16
721,1377586949,21.16
721,1377586954,21.17
721,1377586959,21.16
721,1377586964,21.17
721,1377586969,21.16
721,1377586974,21.16
721,1377586979,21.16
721,1377586984,21.18
721,1377586989,21.17
721,1377586994,21.17
721,1377586999,21.16
721,1377587004,21.16
721,1377587009,21.16
721,1377587014,21.15
721,1377587019,21.16
721,1377587024,21.16
721,1377587029,21.16
721,1377587034,21.16
721,1377587039,21.17
721,1377587044,21.16
721,1377587049,21.16
721,1377587054,21.16
721,1377587059,21.15
721,1377587064,21.15
721,1377587069,21.15
721,1377587074,21.15
721,1377587079,21.16
721,1377587084,21.16
721,1377587089,21.15
721,1377587094,21.14
721,1377587099,21.17
721,1377587104,21.15
721,1377587109,21.16
721,1377587115,21.15
721,1377587119,21.16
721,1377587124,21.14
721,1377587129,21.13
721,1377587134,21.14
721,1377587139,21.16
721,1377587144,21.15
721,1377587149,21.14
721,1377587154,21.15
721,1377587159,21.15
721,1377587164,21.13
721,1377587169,21.14
721,1377587174,21.14
721,1377587179,21.14
721,1377587184,21.14
721,1377587189,21.13
721,1377587194,21.14
721,1377587199,21.14
721,1377587204,21.14
721,1377587209,21.13
721,1377587214,21.13
721,1377587219,21.14
721,1377587224,21.15
721,1377587229,21.14
721,1377587234,21.14
721,1377587239,21.14
721,1377587244,21.13
721,1377587249,21.13
721,1377587254,21.13
721,1377587259,21.13
721,1377587264,21.13
721,1377587269,21.14
721,1377587274,21.14
721,1377587279,21.13
721,1377587284,21.13
721,1377587289,21.13
721,1377587294,21.13
721,1377587299,21.12
721,1377587304,21.12
721,1377587309,21.13
721,1377587314,21.13
721,1377587319,21.13
721,1377587324,21.14
721,1377587329,21.13
721,1377587334,21.13
721,1377587339,21.12
721,1377587344,21.12
721,1377587349,21.14
721,1377587354,21.12
721,1377587359,21.13
721,1377587364,21.13
721,1377587369,21.13
721,1377587374,21.12
721,1377587379,21.13
721,1377587384,21.12
721,1377587389,21.12
721,1377587394,21.11
721,1377587399,21.14
721,1377587404,21.13
721,1377587409,21.12
721,1377587414,21.13
721,1377587419,21.13
721,1377587424,21.14
721,1377587429,21.13
721,1377587434,21.12
721,1377587439,21.12
721,1377587444,21.13
721,1377587449,21.13
721,1377587454,21.14
721,1377587459,21.12
721,1377587464,21.12
721,1377587469,21.12
721,1377587474,21.12
721,1377587479,21.14
721,1377587484,21.14
721,1377587489,21.13
721,1377587494,21.13
721,1377587499,21.13
721,1377587504,21.12
721,1377587509,21.14
721,1377587514,21.13
721,1377587519,21.14
721,1377587524,21.13
721,1377587529,21.13
721,1377587534,21.12
721,1377587539,21.12
721,1377587544,21.13
721,1377587549,21.14
721,1377587554,21.14
721,1377587559,21.13
721,1377587564,21.13
721,1377587569,21.13
721,1377587574,21.13
721,1377587579,21.13
721,1377587584,21.12
721,1377587589,21.12
721,1377587594,21.12
721,1377587599,21.13
721,1377587604,21.13
721,1377587609,21.13
721,1377587614,21.14
721,1377587619,21.13
721,1377587624,21.12
721,1377587629,21.12
721,1377587634,21.13
721,1377587639,21.12
721,1377587644,21.12
721,1377587649,21.12
721,1377587654,21.12
721,1377587659,21.11
721,1377587664,21.13
721,1377587669,21.11
721,1377587674,21.12
721,1377587679,21.12
721,1377587684,21.12
721,1377587689,21.12
721,1377587694,21.11
721,1377587699,21.12
721,1377587704,21.12
721,1377587709,21.11
721,1377587714,21.11
721,1377587719,21.11
721,1377587724,21.12
721,1377587729,21.11
721,1377587734,21.11
721,1377587739,21.11
721,1377587744,21.12
721,1377587749,21.12
721,1377587754,21.1
721,1377587759,21.1
721,1377587764,21.11
721,1377587769,21.11
721,1377587774,21.1
721,1377587779,21.11
721,1377587784,21.1
721,1377587789,21.11
721,1377587794,21.11
721,1377587799,21.1
721,1377587804,21.11
721,1377587809,21.1
721,1377587814,21.11
721,1377587819,21.1
721,1377587824,21.1
721,1377587829,21.1
721,1377587834,21.09
721,1377587839,21.1
721,1377587844,21.11
721,1377587849,21.11
721,1377587854,21.1
721,1377587859,21.1
721,1377587864,21.1
721,1377587869,21.09
721,1377587874,21.1
721,1377587879,21.11
721,1377587884,21.1
721,1377587889,21.1
721,1377587894,21.1
721,1377587899,21.1
721,1377587904,21.1
721,1377587909,21.1
721,1377587914,21.1
721,1377587919,21.1
721,1377587924,21.1
721,1377587929,21.1
721,1377587934,21.1
721,1377587939,21.1
721,1377587944,21.1
721,1377587951,21.11
721,1377587954,21.1
721,1377587959,21.1
721,1377587964,21.1
721,1377587969,21.11
721,1377587974,21.1
721,1377587979,21.1
721,1377587984,21.1
721,1377587989,21.09
721,1377587994,21.09
721,1377587999,21.09
721,1377588004,21.1
721,1377588009,21.1
721,1377588014,21.08
721,1377588019,21.09
721,1377588024,21.1
721,1377588029,21.08
721,1377588034,21.1
721,1377588039,21.09
721,1377588044,21.09
721,1377588049,21.09
721,1377588054,21.1
721,1377588059,21.08
721,1377588064,21.09
721,1377588069,21.08
721,1377588074,21.08
721,1377588079,21.08
721,1377588084,21.09
721,1377588089,21.08
721,1377588094,21.09
721,1377588099,21.08
721,1377588104,21.07
721,1377588109,21.08
721,1377588114,21.08
721,1377588119,21.08
721,1377588124,21.07
721,1377588129,21.09
721,1377588134,21.07
721,1377588139,21.06
721,1377588144,21.07
721,1377588149,21.07
721,1377588154,21.08
721,1377588159,21.08
721,1377588164,21.08
721,1377588169,21.07
721,1377588174,21.06
721,1377588179,21.07
721,1377588184,21.08
721,1377588189,21.06
721,1377588194,21.07
721,1377588199,21.06
721,1377588204,21.06
721,1377588209,21.06
721,1377588214,21.08
721,1377588219,21.07
721,1377588224,21.06
721,1377588229,21.07
721,1377588234,21.07
721,1377588239,21.07
721,1377588244,21.07
721,1377588249,21.08
721,1377588254,21.08
721,1377588259,21.07
721,1377588264,21.07
721,1377588269,21.07
721,1377588274,21.07
721,1377588279,21.07
721,1377588284,21.07
721,1377588289,21.06
721,1377588294,21.07
721,1377588299,21.07
721,1377588304,21.07
721,1377588309,21.07
721,1377588314,21.07
721,1377588319,21.06
721,1377588324,21.08
721,1377588329,21.06
721,1377588334,21.06
721,1377588339,21.06
721,1377588344,21.06
721,1377588349,21.07
721,1377588354,21.06
721,1377588359,21.06
721,1377588364,21.07
721,1377588369,21.06
721,1377588374,21.06
721,1377588379,21.07
721,1377588384,21.07
721,1377588389,21.07
721,1377588394,21.07
721,1377588399,21.06
721,1377588404,21.08
721,1377588409,21.07
721,1377588414,21.06
721,1377588419,21.06
721,1377588424,21.06
721,1377588429,21.06
721,1377588434,21.08
721,1377588439,21.06
721,1377588444,21.06
721,1377588449,21.07
721,1377588454,21.06
721,1377588459,21.06
721,1377588464,21.07
721,1377588469,21.06
721,1377588474,21.06
721,1377588479,21.08
721,1377588484,21.08
721,1377588489,21.07
721,1377588494,21.07
721,1377588499,21.06
721,1377588504,21.06
721,1377588509,21.06
721,1377588514,21.06
721,1377588519,21.06
721,1377588524,21.06
721,1377588529,21.05
721,1377588534,21.06
721,1377588539,21.06
721,1377588544,21.06
721,1377588549,21.06
721,1377588554,21.07
721,1377588559,21.06
721,1377588564,21.07
721,1377588569,21.06
721,1377588574,21.06
721,1377588579,21.07
721,1377588584,21.06
721,1377588589,21.06
721,1377588594,21.06
721,1377588599,21.06
721,1377588604,21.04
721,1377588609,21.04
721,1377588614,21.05
721,1377588619,21.06
721,1377588624,21.06
721,1377588629,21.05
721,1377588634,21.06
721,1377588639,21.06
721,1377588644,21.05
721,1377588649,21.05
721,1377588654,21.05
721,1377588659,21.06
721,1377588664,21.04
721,1377588669,21.04
721,1377588674,21.04
721,1377588679,21.04
721,1377588684,21.04
721,1377588689,21.05
721,1377588694,21.04
721,1377588699,21.05
721,1377588704,21.05
721,1377588709,21.04
721,1377588714,21.04
721,1377588719,21.06
721,1377588724,21.05
721,1377588729,21.04
721,1377588734,21.05
721,1377588739,21.04
721,1377588744,21.04
721,1377588749,21.05
721,1377588754,21.04
721,1377588759,21.04
721,1377588764,21.04
721,1377588769,21.04
721,1377588774,21.04
721,1377588779,21.04
721,1377588784,21.04
721,1377588791,21.06
721,1377588794,21.04
721,1377588799,21.04
721,1377588804,21.04
721,1377588809,21.04
721,1377588814,21.04
721,1377588819,21.04
721,1377588824,21.04
721,1377588829,21.05
721,1377588834,21.04
721,1377588839,21.04
721,1377588844,21.05
721,1377588849,21.05
721,1377588854,21.04
721,1377588859,21.03
721,1377588864,21.04
721,1377588869,21.04
721,1377588874,21.04
721,1377588879,21.04
721,1377588884,21.03
721,1377588889,21.02
721,1377588894,21.04
721,1377588899,21.04
721,1377588904,21.04
721,1377588909,21.03
721,1377588914,21.03
721,1377588919,21.03
721,1377588924,21.04
721,1377588929,21.04
721,1377588934,21.02
721,1377588939,21.03
721,1377588944,21.02
721,1377588949,21.02
721,1377588954,21.02
721,1377588959,21.04
721,1377588964,21.03
721,1377588969,21.02
721,1377588974,21.03
721,1377588979,21.03
721,1377588984,21.02
721,1377588989,21.02
721,1377588994,21.02
721,1377588999,21.02
721,1377589004,21.03
721,1377589009,21.02
721,1377589014,21.02
721,1377589019,21.02
721,1377589024,21.02
721,1377589029,21.02
721,1377589034,21.03
721,1377589039,21.01
721,1377589044,21.02
721,1377589049,21.01
721,1377589054,21.02
721,1377589059,21.02
721,1377589064,21.02
721,1377589069,21.02
721,1377589074,21.02
721,1377589079,21.02
721,1377589084,21.02
721,1377589089,21.02
721,1377589094,21.02
721,1377589099,21.0
721,1377589104,21.0
721,1377589109,21.02
721,1377589114,21.0
721,1377589119,21.02
721,1377589124,21.01
721,1377589129,21.02
721,1377589134,21.01
721,1377589139,21.01
721,1377589144,21.01
721,1377589149,21.0
721,1377589154,21.02
721,1377589159,21.01
721,1377589164,21.01
721,1377589169,21.01
721,1377589174,21.0
721,1377589179,21.0
721,1377589184,21.01
721,1377589189,21.02
721,1377589194,21.01
721,1377589199,21.01
721,1377589204,21.0
721,1377589209,21.0
721,1377589214,21.0
721,1377589219,21.0
721,1377589224,21.01
721,1377589229,21.0
721,1377589234,21.01
721,1377589239,21.0
721,1377589244,21.0
721,1377589249,21.01
721,1377589254,21.0
721,1377589259,21.01
721,1377589264,21.0
721,1377589269,21.0
721,1377589274,20.99
721,1377589279,21.0
721,1377589284,21.0
721,1377589289,20.99
721,1377589294,20.98
721,1377589299,21.0
721,1377589304,21.0
721,1377589309,21.0
721,1377589314,21.0
721,1377589319,21.0
721,1377589324,21.0
721,1377589329,20.98
721,1377589334,20.99
721,1377589339,20.98
721,1377589344,20.99
721,1377589349,20.98
721,1377589354,20.99
721,1377589359,20.98
721,1377589364,20.98
721,1377589369,20.99
721,1377589374,20.99
721,1377589379,20.99
721,1377589384,20.99
721,1377589389,20.98
721,1377589394,20.98
721,1377589399,20.98
721,1377589404,20.98
721,1377589409,20.99
721,1377589414,20.98
721,1377589419,20.98
721,1377589424,20.99
721,1377589429,20.99
721,1377589434,20.99
721,1377589439,20.99
721,1377589444,20.99
721,1377589449,20.98
721,1377589454,20.99
721,1377589459,20.98
721,1377589464,20.99
721,1377589469,20.98
721,1377589474,20.98
721,1377589479,20.98
721,1377589484,20.98
721,1377589489,21.0
721,1377589494,20.98
721,1377589499,20.98
721,1377589504,20.98
721,1377589509,20.98
721,1377589514,20.97
721,1377589519,20.99
721,1377589524,20.99
721,1377589529,20.98
721,1377589534,20.99
721,1377589539,20.99
721,1377589544,20.98
721,1377589549,20.98
721,1377589554,20.97
721,1377589559,20.98
721,1377589564,20.98
721,1377589569,20.98
721,1377589574,20.99
721,1377589579,20.98
721,1377589584,20.97
721,1377589589,20.97
721,1377589594,20.98
721,1377589599,20.98
721,1377589604,20.98
721,1377589609,20.96
721,1377589619,20.96
721,1377589624,20.97
721,1377589629,20.98
721,1377589634,20.98
721,1377589639,20.96
721,1377589644,20.98
721,1377589649,20.96
721,1377589654,20.97
721,1377589659,20.97
721,1377589664,20.97
721,1377589669,20.97
721,1377589674,20.97
721,1377589679,20.98
721,1377589684,20.98
721,1377589689,20.97
721,1377589694,20.97
721,1377589699,20.98
721,1377589704,20.98
721,1377589709,20.98
721,1377589714,20.98
721,1377589719,20.97
721,1377589724,20.96
721,1377589729,20.97
721,1377589734,20.97
721,1377589739,20.96
721,1377589744,20.96
721,1377589749,20.96
721,1377589754,20.97
721,1377589759,20.97
721,1377589764,20.97
721,1377589769,20.98
721,1377589774,20.97
721,1377589779,20.97
721,1377589784,20.97
721,1377589789,20.96
721,1377589794,20.98
721,1377589799,20.96
721,1377589804,20.96
721,1377589809,20.98
721,1377589814,20.97
721,1377589819,20.96
721,1377589824,20.96
721,1377589829,20.96
721,1377589834,20.95
721,1377589839,20.97
721,1377589844,20.96
721,1377589849,20.96
721,1377589854,20.96
721,1377589859,20.96
721,1377589864,20.97
721,1377589869,20.95
721,1377589874,20.96
721,1377589879,20.96
721,1377589884,20.96
721,1377589889,20.96
721,1377589894,20.96
721,1377589899,20.96
721,1377589904,20.96
721,1377589909,20.96
721,1377589914,20.97
721,1377589919,20.96
721,1377589924,20.95
721,1377589929,20.97
721,1377589934,20.96
721,1377589939,20.96
721,1377589944,20.95
721,1377589949,20.96
721,1377589954,20.96
721,1377589959,20.96
721,1377589964,20.95
721,1377589969,20.95
721,1377589974,20.95
721,1377589979,20.94
721,1377589984,20.95
721,1377589989,20.96
721,1377589994,20.97
721,1377589999,20.96
721,1377590004,20.95
721,1377590009,20.94
721,1377590014,20.94
721,1377590019,20.96
721,1377590024,20.94
721,1377590029,20.94
721,1377590034,20.94
721,1377590039,20.94
721,1377590044,20.94
721,1377590049,20.95
721,1377590054,20.96
721,1377590059,20.95
721,1377590064,20.95
721,1377590069,20.95
721,1377590074,20.96
721,1377590079,20.94
721,1377590084,20.94
721,1377590089,20.95
721,1377590094,20.94
721,1377590099,20.94
721,1377590104,20.94
721,1377590109,20.94
721,1377590114,20.94
721,1377590119,20.94
721,1377590124,20.94
721,1377590129,20.95
721,1377590134,20.94
721,1377590139,20.94
721,1377590144,20.95
721,1377590149,20.94
721,1377590154,20.94
721,1377590159,20.94
721,1377590164,20.94
721,1377590169,20.94
721,1377590174,20.95
721,1377590179,20.94
721,1377590184,20.94
721,1377590189,20.93
721,1377590194,20.94
721,1377590199,20.93
721,1377590204,20.93
721,1377590209,20.94
721,1377590214,20.94
721,1377590219,20.93
721,1377590224,20.93
721,1377590229,20.94
721,1377590234,20.94
721,1377590239,20.93
721,1377590244,20.93
721,1377590249,20.93
721,1377590254,20.93
721,1377590259,20.92
721,1377590264,20.93
721,1377590269,20.93
721,1377590274,20.92
721,1377590279,20.92
721,1377590284,20.93
721,1377590289,20.94
721,1377590294,20.94
721,1377590299,20.93
721,1377590304,20.93
721,1377590309,20.92
721,1377590314,20.92
721,1377590319,20.93
721,1377590324,20.92
721,1377590329,20.93
721,1377590334,20.93
721,1377590339,20.92
721,1377590344,20.92
721,1377590349,20.93
721,1377590354,20.93
721,1377590359,20.93
721,1377590364,20.92
721,1377590369,20.91
721,1377590374,20.92
721,1377590379,20.92
721,1377590384,20.92
721,1377590389,20.92
721,1377590394,20.92
721,1377590399,20.92
721,1377590404,20.92
721,1377590409,20.92
721,1377590414,20.92
721,1377590419,20.92
721,1377590424,20.92
721,1377590429,20.92
721,1377590434,20.93
721,1377590439,20.93
721,1377590444,20.92
721,1377590449,20.92
721,1377590454,20.92
721,1377590463,20.91
721,1377590464,20.91
721,1377590469,20.92
721,1377590474,20.92
721,1377590479,20.92
721,1377590484,20.91
721,1377590489,20.91
721,1377590494,20.91
721,1377590499,20.92
721,1377590504,20.92
721,1377590509,20.91
721,1377590514,20.91
721,1377590519,20.92
721,1377590524,20.92
721,1377590529,20.93
721,1377590534,20.91
721,1377590539,20.92
721,1377590544,20.92
721,1377590549,20.9
721,1377590554,20.91
721,1377590559,20.91
721,1377590564,20.91
721,1377590569,20.91
721,1377590574,20.9
721,1377590579,20.91
721,1377590584,20.9
721,1377590589,20.9
721,1377590594,20.91
721,1377590599,20.9
721,1377590604,20.9
721,1377590609,20.91
721,1377590614,20.92
721,1377590619,20.91
721,1377590624,20.92
721,1377590629,20.91
721,1377590634,20.91
721,1377590639,20.91
721,1377590644,20.91
721,1377590649,20.91
721,1377590654,20.91
721,1377590659,20.91
721,1377590664,20.92
721,1377590669,20.91
721,1377590674,20.91
721,1377590679,20.9
721,1377590684,20.92
721,1377590689,20.91
721,1377590694,20.91
721,1377590699,20.9
721,1377590704,20.91
721,1377590709,20.91
721,1377590714,20.91
721,1377590719,20.91
721,1377590724,20.92
721,1377590729,20.91
721,1377590734,20.92
721,1377590739,20.9
721,1377590744,20.9
721,1377590749,20.9
721,1377590754,20.92
721,1377590759,20.9
721,1377590764,20.92
721,1377590769,20.91
721,1377590774,20.9
721,1377590779,20.92
721,1377590784,20.92
721,1377590789,20.9
721,1377590794,20.91
721,1377590799,20.9
721,1377590804,20.9
721,1377590809,20.9
721,1377590814,20.92
721,1377590819,20.9
721,1377590824,20.91
721,1377590829,20.9
721,1377590834,20.91
721,1377590839,20.9
721,1377590844,20.91
721,1377590849,20.9
721,1377590854,20.91
721,1377590859,20.9
721,1377590864,20.9
721,1377590869,20.9
721,1377590874,20.91
721,1377590879,20.89
721,1377590884,20.9
721,1377590889,20.9
721,1377590894,20.91
721,1377590899,20.9
721,1377590904,20.89
721,1377590909,20.91
721,1377590914,20.89
721,1377590919,20.91
721,1377590924,20.9
721,1377590929,20.9
721,1377590934,20.9
721,1377590939,20.91
721,1377590944,20.9
721,1377590949,20.9
721,1377590954,20.9
721,1377590959,20.9
721,1377590964,20.9
721,1377590969,20.9
721,1377590974,20.9
721,1377590979,20.91
721,1377590984,20.9
721,1377590989,20.9
721,1377590994,20.89
721,1377590999,20.89
721,1377591004,20.9
721,1377591009,20.89
721,1377591014,20.9
721,1377591019,20.89
721,1377591024,20.9
721,1377591029,20.9
721,1377591034,20.91
721,1377591039,20.9
721,1377591044,20.9
721,1377591049,20.9
721,1377591054,20.9
721,1377591059,20.9
721,1377591064,20.9
721,1377591069,20.89
721,1377591074,20.9
721,1377591079,20.9
721,1377591084,20.89
721,1377591089,20.9
721,1377591094,20.89
721,1377591099,20.9
721,1377591104,20.89
721,1377591109,20.88
721,1377591114,20.9
721,1377591119,20.88
721,1377591124,20.9
721,1377591129,20.89
721,1377591134,20.89
721,1377591139,20.89
721,1377591144,20.88
721,1377591149,20.88
721,1377591154,20.89
721,1377591159,20.88
721,1377591164,20.88
721,1377591169,20.89
721,1377591174,20.89
721,1377591179,20.88
721,1377591184,20.88
721,1377591189,20.89
721,1377591194,20.89
721,1377591199,20.88
721,1377591204,20.87
721,1377591209,20.89
721,1377591214,20.88
721,1377591219,20.87
721,1377591224,20.87
721,1377591229,20.88
721,1377591234,20.87
721,1377591239,20.89
721,1377591244,20.87
721,1377591249,20.87
721,1377591254,20.88
721,1377591259,20.88
721,1377591264,20.88
721,1377591269,20.88
721,1377591274,20.88
721,1377591279,20.88
721,1377591284,20.87
721,1377591289,20.88
721,1377591294,20.88
721,1377591299,20.88
721,1377591304,20.87
721,1377591309,20.88
721,1377591316,20.88
721,1377591319,20.87
721,1377591324,20.88
721,1377591329,20.89
721,1377591334,20.87
721,1377591339,20.88
721,1377591344,20.88
721,1377591349,20.87
721,1377591354,20.88
721,1377591359,20.88
721,1377591364,20.88
721,1377591369,20.88
721,1377591374,20.88
721,1377591379,20.88
721,1377591384,20.88
721,1377591389,20.88
721,1377591394,20.87
721,1377591399,20.87
721,1377591404,20.88
721,1377591409,20.88
721,1377591414,20.86
721,1377591419,20.87
721,1377591424,20.88
721,1377591429,20.87
721,1377591434,20.87
721,1377591439,20.88
721,1377591444,20.88
721,1377591449,20.88
721,1377591454,20.87
721,1377591459,20.87
721,1377591464,20.87
721,1377591469,20.86
721,1377591474,20.87
721,1377591479,20.87
721,1377591484,20.87
721,1377591489,20.88
721,1377591494,20.87
721,1377591499,20.87
721,1377591504,20.87
721,1377591509,20.87
721,1377591514,20.87
721,1377591519,20.86
721,1377591524,20.86
721,1377591529,20.87
721,1377591534,20.86
721,1377591539,20.87
721,1377591544,20.87
721,1377591549,20.86
721,1377591554,20.87
721,1377591559,20.86
721,1377591564,20.86
721,1377591569,20.87
721,1377591574,20.88
721,1377591579,20.88
721,1377591584,20.87
721,1377591589,20.88
721,1377591594,20.87
721,1377591599,20.87
721,1377591604,20.87
721,1377591609,20.88
721,1377591614,20.88
721,1377591619,20.87
721,1377591624,20.87
721,1377591629,20.87
721,1377591634,20.86
721,1377591639,20.86
721,1377591644,20.88
721,1377591649,20.88
721,1377591654,20.88
721,1377591659,20.87
721,1377591664,20.87
721,1377591669,20.87
721,1377591674,20.87
721,1377591679,20.87
721,1377591684,20.88
721,1377591689,20.88
721,1377591694,20.88
721,1377591699,20.88
721,1377591704,20.88
721,1377591709,20.89
721,1377591714,20.88
721,1377591719,20.88
721,1377591724,20.88
721,1377591729,20.86
721,1377591734,20.86
721,1377591739,20.87
721,1377591744,20.87
721,1377591749,20.88
721,1377591754,20.87
721,1377591759,20.87
721,1377591764,20.87
721,1377591769,20.87
721,1377591774,20.87
721,1377591779,20.88
721,1377591784,20.86
721,1377591789,20.88
721,1377591794,20.87
721,1377591799,20.86
721,1377591804,20.86
721,1377591809,20.86
721,1377591814,20.88
721,1377591819,20.87
721,1377591824,20.86
721,1377591829,20.86
721,1377591834,20.86
721,1377591839,20.86
721,1377591844,20.86
721,1377591849,20.86
721,1377591854,20.87
721,1377591859,20.86
721,1377591864,20.85
721,1377591869,20.87
721,1377591874,20.86
721,1377591879,20.86
721,1377591884,20.85
721,1377591889,20.86
721,1377591894,20.87
721,1377591899,20.86
721,1377591904,20.86
721,1377591909,20.86
721,1377591914,20.86
721,1377591919,20.86
721,1377591924,20.86
721,1377591929,20.85
721,1377591934,20.86
721,1377591939,20.86
721,1377591944,20.86
721,1377591949,20.86
721,1377591954,20.84
721,1377591959,20.86
721,1377591964,20.86
721,1377591969,20.85
721,1377591974,20.86
721,1377591979,20.86
721,1377591984,20.86
721,1377591989,20.85
721,1377591994,20.86
721,1377591999,20.85
721,1377592004,20.85
721,1377592009,20.84
721,1377592014,20.85
721,1377592019,20.84
721,1377592024,20.84
721,1377592029,20.84
721,1377592034,20.85
721,1377592039,20.84
721,1377592044,20.84
721,1377592049,20.85
721,1377592054,20.85
721,1377592059,20.85
721,1377592064,20.84
721,1377592069,20.84
721,1377592074,20.84
721,1377592079,20.85
721,1377592084,20.84
721,1377592089,20.85
721,1377592094,20.85
721,1377592099,20.85
721,1377592104,20.84
721,1377592109,20.85
721,1377592114,20.85
721,1377592119,20.85
721,1377592124,20.84
721,1377592129,20.86
721,1377592134,20.84
721,1377592139,20.84
721,1377592144,20.84
721,1377592149,20.85
721,1377592159,20.85
721,1377592164,20.86
721,1377592169,20.85
721,1377592174,20.86
721,1377592179,20.84
721,1377592184,20.84
721,1377592189,20.85
721,1377592194,20.84
721,1377592199,20.84
721,1377592204,20.85
721,1377592209,20.84
721,1377592214,20.85
721,1377592219,20.84
721,1377592224,20.84
721,1377592229,20.84
721,1377592234,20.85
721,1377592239,20.84
721,1377592244,20.83
721,1377592249,20.82
721,1377592254,20.84
721,1377592259,20.83
721,1377592264,20.84
721,1377592269,20.84
721,1377592274,20.84
721,1377592279,20.83
721,1377592284,20.84
721,1377592289,20.84
721,1377592294,20.84
721,1377592299,20.84
721,1377592304,20.84
721,1377592309,20.84
721,1377592314,20.84
721,1377592319,20.84
721,1377592324,20.82
721,1377592329,20.84
721,1377592334,20.84
721,1377592339,20.84
721,1377592344,20.84
721,1377592349,20.84
721,1377592354,20.84
721,1377592359,20.82
721,1377592364,20.83
721,1377592369,20.83
721,1377592374,20.84
721,1377592379,20.82
721,1377592384,20.85
721,1377592389,20.83
721,1377592394,20.83
721,1377592399,20.82
721,1377592404,20.83
721,1377592409,20.83
721,1377592414,20.83
721,1377592419,20.83
721,1377592424,20.83
721,1377592429,20.83
721,1377592434,20.83
721,1377592439,20.83
721,1377592444,20.83
721,1377592449,20.83
721,1377592454,20.82
721,1377592459,20.83
721,1377592464,20.82
721,1377592469,20.82
721,1377592474,20.83
721,1377592479,20.83
721,1377592484,20.82
721,1377592489,20.82
721,1377592494,20.83
721,1377592499,20.83
721,1377592504,20.82
721,1377592509,20.82
721,1377592514,20.83
721,1377592519,20.82
721,1377592524,20.83
721,1377592529,20.82
721,1377592534,20.82
721,1377592539,20.82
721,1377592544,20.82
721,1377592549,20.82
721,1377592554,20.82
721,1377592559,20.83
721,1377592564,20.82
721,1377592569,20.82
721,1377592574,20.81
721,1377592579,20.82
721,1377592584,20.82
721,1377592589,20.81
721,1377592594,20.82
721,1377592599,20.82
721,1377592604,20.82
721,1377592609,20.82
721,1377592614,20.82
721,1377592619,20.83
721,1377592624,20.82
721,1377592629,20.82
721,1377592634,20.81
721,1377592639,20.82
721,1377592644,20.82
721,1377592649,20.81
721,1377592654,20.82
721,1377592659,20.82
721,1377592664,20.83
721,1377592669,20.82
721,1377592674,20.83
721,1377592679,20.81
721,1377592684,20.82
721,1377592689,20.82
721,1377592694,20.82
721,1377592699,20.82
721,1377592704,20.82
721,1377592709,20.82
721,1377592714,20.83
721,1377592719,20.82
721,1377592724,20.82
721,1377592729,20.82
721,1377592734,20.82
721,1377592739,20.82
721,1377592744,20.82
721,1377592749,20.83
721,1377592754,20.83
721,1377592759,20.83
721,1377592764,20.82
721,1377592769,20.83
721,1377592774,20.82
721,1377592779,20.82
721,1377592784,20.82
721,1377592789,20.82
721,1377592794,20.83
721,1377592799,20.82
721,1377592804,20.81
721,1377592809,20.82
721,1377592814,20.83
721,1377592819,20.82
721,1377592824,20.82
721,1377592829,20.82
721,1377592834,20.82
721,1377592839,20.82
721,1377592844,20.81
721,1377592849,20.8
721,1377592854,20.82
721,1377592859,20.82
721,1377592864,20.81
721,1377592869,20.8
721,1377592874,20.82
721,1377592879,20.81
721,1377592884,20.82
721,1377592889,20.82
721,1377592894,20.81
721,1377592899,20.82
721,1377592904,20.8
721,1377592909,20.81
721,1377592914,20.8
721,1377592919,20.8
721,1377592924,20.82
721,1377592929,20.81
721,1377592934,20.81
721,1377592939,20.81
721,1377592944,20.8
721,1377592949,20.81
721,1377592954,20.8
721,1377592959,20.8
721,1377592964,20.81
721,1377592969,20.8
721,1377592974,20.8
721,1377592979,20.8
721,1377592984,20.8
721,1377592989,20.8
721,1377592994,20.8
721,1377592999,20.8
721,1377593004,20.8
721,1377593009,20.8
721,1377593014,20.8
721,1377593019,20.8
721,1377593029,20.8
721,1377593034,20.8
721,1377593039,20.8
721,1377593044,20.8
721,1377593049,20.8
721,1377593054,20.79
721,1377593059,20.78
721,1377593064,20.8
721,1377593069,20.8
721,1377593074,20.8
721,1377593079,20.8
721,1377593084,20.8
721,1377593089,20.8
721,1377593094,20.79
721,1377593099,20.8
721,1377593104,20.8
721,1377593109,20.79
721,1377593114,20.8
721,1377593119,20.8
721,1377593124,20.79
721,1377593129,20.8
721,1377593134,20.79
721,1377593139,20.8
721,1377593144,20.79
721,1377593149,20.79
721,1377593154,20.78
721,1377593159,20.79
721,1377593164,20.8
721,1377593169,20.79
721,1377593174,20.79
721,1377593179,20.79
721,1377593184,20.78
721,1377593189,20.78
721,1377593194,20.78
721,1377593199,20.78
721,1377593204,20.78
721,1377593209,20.79
721,1377593214,20.8
721,1377593219,20.78
721,1377593224,20.79
721,1377593229,20.78
721,1377593234,20.79
721,1377593239,20.79
721,1377593244,20.78
721,1377593249,20.79
721,1377593254,20.78
721,1377593259,20.79
721,1377593264,20.77
721,1377593269,20.78
721,1377593274,20.78
721,1377593279,20.78
721,1377593284,20.78
721,1377593289,20.79
721,1377593294,20.78
721,1377593299,20.78
721,1377593304,20.78
721,1377593309,20.78
721,1377593314,20.78
721,1377593319,20.78
721,1377593324,20.78
721,1377593329,20.79
721,1377593334,20.79
721,1377593339,20.78
721,1377593344,20.79
721,1377593349,20.78
721,1377593354,20.78
721,1377593359,20.78
721,1377593364,20.78
721,1377593369,20.76
721,1377593374,20.77
721,1377593379,20.79
721,1377593384,20.78
721,1377593389,20.78
721,1377593394,20.78
721,1377593399,20.78
721,1377593404,20.78
721,1377593409,20.79
721,1377593414,20.78
721,1377593419,20.78
721,1377593424,20.78
721,1377593429,20.77
721,1377593434,20.78
721,1377593439,20.78
721,1377593444,20.78
721,1377593449,20.78
721,1377593454,20.77
721,1377593459,20.78
721,1377593464,20.78
721,1377593469,20.78
721,1377593474,20.76
721,1377593479,20.78
721,1377593484,20.77
721,1377593489,20.77
721,1377593494,20.77
721,1377593499,20.78
721,1377593504,20.77
721,1377593509,20.76
721,1377593514,20.76
721,1377593519,20.78
721,1377593524,20.78
721,1377593529,20.77
721,1377593534,20.78
721,1377593539,20.76
721,1377593544,20.77
721,1377593549,20.77
721,1377593554,20.77
721,1377593559,20.77
721,1377593564,20.77
721,1377593569,20.78
721,1377593574,20.75
721,1377593579,20.76
721,1377593584,20.76
721,1377593589,20.76
721,1377593594,20.76
721,1377593599,20.77
721,1377593604,20.76
721,1377593609,20.76
721,1377593614,20.75
721,1377593619,20.76
721,1377593624,20.77
721,1377593629,20.76
721,1377593634,20.77
721,1377593639,20.77
721,1377593644,20.76
721,1377593649,20.76
721,1377593654,20.78
721,1377593659,20.77
721,1377593664,20.77
721,1377593669,20.76
721,1377593674,20.76
721,1377593679,20.77
721,1377593684,20.76
721,1377593689,20.76
721,1377593694,20.76
721,1377593699,20.76
721,1377593704,20.76
721,1377593709,20.76
721,1377593714,20.77
721,1377593719,20.76
721,1377593724,20.76
721,1377593729,20.76
721,1377593734,20.76
721,1377593739,20.76
721,1377593744,20.76
721,1377593749,20.75
721,1377593754,20.76
721,1377593759,20.76
721,1377593764,20.76
721,1377593769,20.76
721,1377593774,20.75
721,1377593779,20.75
721,1377593784,20.76
721,1377593789,20.76
721,1377593794,20.76
721,1377593799,20.76
721,1377593804,20.76
721,1377593809,20.76
721,1377593814,20.76
721,1377593819,20.77
721,1377593824,20.76
721,1377593829,20.77
721,1377593834,20.74
721,1377593839,20.76
721,1377593844,20.76
721,1377593853,20.76
721,1377593854,20.77
721,1377593859,20.76
721,1377593864,20.76
721,1377593869,20.75
721,1377593874,20.76
721,1377593879,20.76
721,1377593884,20.76
721,1377593889,20.76
721,1377593894,20.75
721,1377593899,20.75
721,1377593904,20.76
721,1377593909,20.76
721,1377593914,20.75
721,1377593919,20.76
721,1377593924,20.76
721,1377593929,20.76
721,1377593934,20.76
721,1377593939,20.75
721,1377593944,20.75
721,1377593949,20.76
721,1377593954,20.75
721,1377593959,20.76
721,1377593964,20.76
721,1377593969,20.76
721,1377593974,20.76
721,1377593979,20.76
721,1377593984,20.75
721,1377593989,20.76
721,1377593994,20.76
721,1377593999,20.76
721,1377594004,20.75
721,1377594009,20.76
721,1377594014,20.76
721,1377594019,20.76
721,1377594024,20.76
721,1377594029,20.75
721,1377594034,20.76
721,1377594039,20.75
721,1377594044,20.76
721,1377594049,20.75
721,1377594054,20.77
721,1377594059,20.76
721,1377594064,20.76
721,1377594069,20.75
721,1377594074,20.76
721,1377594079,20.74
721,1377594084,20.74
721,1377594089,20.74
721,1377594094,20.75
721,1377594099,20.75
721,1377594104,20.76
721,1377594109,20.75
721,1377594114,20.75
721,1377594119,20.74
721,1377594124,20.75
721,1377594129,20.74
721,1377594134,20.74
721,1377594139,20.74
721,1377594144,20.74
721,1377594149,20.74
721,1377594154,20.74
721,1377594159,20.75
721,1377594164,20.74
721,1377594169,20.75
721,1377594174,20.75
721,1377594179,20.75
721,1377594184,20.74
721,1377594189,20.74
721,1377594194,20.74
721,1377594199,20.73
721,1377594204,20.73
721,1377594209,20.74
721,1377594214,20.74
721,1377594219,20.74
721,1377594224,20.74
721,1377594229,20.74
721,1377594234,20.74
721,1377594239,20.74
721,1377594244,20.74
721,1377594249,20.74
721,1377594254,20.74
721,1377594259,20.74
721,1377594264,20.74
721,1377594269,20.72
721,1377594274,20.73
721,1377594279,20.72
721,1377594284,20.72
721,1377594289,20.73
721,1377594294,20.73
721,1377594299,20.74
721,1377594304,20.73
721,1377594309,20.74
721,1377594314,20.73
721,1377594319,20.72
721,1377594324,20.73
721,1377594329,20.72
721,1377594334,20.72
721,1377594339,20.73
721,1377594344,20.74
721,1377594349,20.73
721,1377594354,20.73
721,1377594359,20.74
721,1377594364,20.73
721,1377594369,20.73
721,1377594374,20.73
721,1377594379,20.73
721,1377594384,20.72
721,1377594389,20.74
721,1377594394,20.72
721,1377594399,20.72
721,1377594404,20.72
721,1377594409,20.72
721,1377594414,20.73
721,1377594419,20.72
721,1377594424,20.72
721,1377594429,20.72
721,1377594434,20.72
721,1377594439,20.72
721,1377594444,20.72
721,1377594449,20.72
721,1377594454,20.72
721,1377594459,20.72
721,1377594464,20.71
721,1377594469,20.72
721,1377594474,20.72
721,1377594479,20.72
721,1377594484,20.72
721,1377594489,20.71
721,1377594494,20.7
721,1377594499,20.71
721,1377594504,20.71
721,1377594509,20.72
721,1377594514,20.71
721,1377594519,20.72
721,1377594524,20.73
721,1377594529,20.72
721,1377594534,20.7
721,1377594539,20.71
721,1377594544,20.71
721,1377594549,20.72
721,1377594554,20.72
721,1377594559,20.71
721,1377594564,20.71
721,1377594569,20.72
721,1377594574,20.71
721,1377594579,20.72
721,1377594584,20.72
721,1377594589,20.72
721,1377594594,20.72
721,1377594599,20.72
721,1377594604,20.71
721,1377594609,20.72
721,1377594614,20.72
721,1377594619,20.71
721,1377594624,20.71
721,1377594629,20.71
721,1377594634,20.71
721,1377594639,20.71
721,1377594644,20.71
721,1377594649,20.7
721,1377594654,20.71
721,1377594659,20.72
721,1377594664,20.71
721,1377594674,20.71
721,1377594679,20.71
721,1377594684,20.71
721,1377594689,20.72
721,1377594694,20.71
721,1377594699,20.71
721,1377594704,20.72
721,1377594709,20.72
721,1377594714,20.72
721,1377594719,20.73
721,1377594724,20.72
721,1377594729,20.72
721,1377594734,20.71
721,1377594739,20.72
721,1377594744,20.71
721,1377594749,20.71
721,1377594754,20.72
721,1377594759,20.72
721,1377594764,20.71
721,1377594769,20.72
721,1377594774,20.7
721,1377594779,20.72
721,1377594784,20.72
721,1377594789,20.71
721,1377594794,20.72
721,1377594799,20.71
721,1377594804,20.71
721,1377594809,20.72
721,1377594814,20.71
721,1377594819,20.71
721,1377594824,20.7
721,1377594829,20.71
721,1377594834,20.72
721,1377594839,20.71
721,1377594844,20.71
721,1377594849,20.71
721,1377594854,20.7
721,1377594859,20.7
721,1377594864,20.7
721,1377594869,20.7
721,1377594874,20.7
721,1377594879,20.7
721,1377594884,20.71
721,1377594889,20.7
721,1377594894,20.71
721,1377594899,20.7
721,1377594904,20.7
721,1377594909,20.7
721,1377594914,20.69
721,1377594919,20.7
721,1377594924,20.7
721,1377594929,20.7
721,1377594934,20.7
721,1377594939,20.7
721,1377594944,20.71
721,1377594949,20.69
721,1377594954,20.7
721,1377594959,20.7
721,1377594964,20.71
721,1377594969,20.7
721,1377594974,20.71
721,1377594979,20.7
721,1377594984,20.7
721,1377594989,20.7
721,1377594994,20.7
721,1377594999,20.7
721,1377595004,20.7
721,1377595009,20.71
721,1377595014,20.7
721,1377595019,20.7
721,1377595024,20.7
721,1377595029,20.7
721,1377595034,20.7
721,1377595039,20.69
721,1377595044,20.69
721,1377595049,20.7
721,1377595054,20.7
721,1377595059,20.7
721,1377595064,20.7
721,1377595069,20.7
721,1377595074,20.7
721,1377595079,20.7
721,1377595084,20.72
721,1377595089,20.7
721,1377595094,20.71
721,1377595099,20.7
721,1377595104,20.71
721,1377595109,20.7
721,1377595114,20.7
721,1377595119,20.7
721,1377595124,20.7
721,1377595129,20.7
721,1377595134,20.7
721,1377595139,20.7
721,1377595144,20.69
721,1377595149,20.69
721,1377595154,20.69
721,1377595159,20.69
721,1377595164,20.7
721,1377595169,20.69
721,1377595174,20.7
721,1377595179,20.7
721,1377595184,20.7
721,1377595189,20.7
721,1377595194,20.69
721,1377595199,20.7
721,1377595204,20.7
721,1377595209,20.7
721,1377595214,20.7
721,1377595219,20.71
721,1377595224,20.71
721,1377595229,20.7
721,1377595234,20.7
721,1377595239,20.7
721,1377595244,20.7
721,1377595249,20.7
721,1377595254,20.71
721,1377595259,20.7
721,1377595264,20.7
721,1377595269,20.7
721,1377595274,20.7
721,1377595279,20.7
721,1377595284,20.69
721,1377595289,20.7
721,1377595294,20.7
721,1377595299,20.69
721,1377595304,20.7
721,1377595309,20.69
721,1377595314,20.69
721,1377595319,20.69
721,1377595324,20.69
721,1377595329,20.69
721,1377595334,20.7
721,1377595339,20.69
721,1377595344,20.7
721,1377595349,20.7
721,1377595354,20.7
721,1377595359,20.7
721,1377595364,20.69
721,1377595369,20.69
721,1377595374,20.69
721,1377595379,20.7
721,1377595384,20.69
721,1377595389,20.68
721,1377595394,20.69
721,1377595399,20.7
721,1377595404,20.69
721,1377595409,20.69
721,1377595414,20.7
721,1377595419,20.69
721,1377595424,20.68
721,1377595429,20.68
721,1377595434,20.69
721,1377595439,20.68
721,1377595444,20.68
721,1377595449,20.68
721,1377595454,20.68
721,1377595459,20.68
721,1377595464,20.69
721,1377595469,20.69
721,1377595474,20.68
721,1377595479,20.68
721,1377595484,20.69
721,1377595489,20.69
721,1377595494,20.69
721,1377595499,20.69
721,1377595504,20.69
721,1377595509,20.69
721,1377595514,20.7
721,1377595519,20.69
721,1377595524,20.69
721,1377595529,20.68
721,1377595537,20.7
721,1377595539,20.68
721,1377595544,20.69
721,1377595549,20.69
721,1377595554,20.68
721,1377595559,20.68
721,1377595564,20.69
721,1377595569,20.69
721,1377595574,20.68
721,1377595579,20.69
721,1377595584,20.68
721,1377595589,20.69
721,1377595594,20.69
721,1377595599,20.7
721,1377595604,20.69
721,1377595609,20.69
721,1377595614,20.69
721,1377595619,20.69
721,1377595624,20.68
721,1377595629,20.68
721,1377595634,20.68
721,1377595639,20.69
721,1377595644,20.69
721,1377595649,20.68
721,1377595654,20.68
721,1377595659,20.68
721,1377595664,20.68
721,1377595669,20.68
721,1377595674,20.68
721,1377595679,20.69
721,1377595684,20.7
721,1377595689,20.69
721,1377595694,20.68
721,1377595699,20.68
721,1377595704,20.68
721,1377595709,20.67
721,1377595714,20.69
721,1377595719,20.68
721,1377595724,20.68
721,1377595729,20.68
721,1377595734,20.68
721,1377595739,20.69
721,1377595744,20.68
721,1377595749,20.68
721,1377595754,20.68
721,1377595759,20.68
721,1377595764,20.68
721,1377595769,20.68
721,1377595774,20.69
721,1377595779,20.68
721,1377595784,20.69
721,1377595789,20.68
721,1377595794,20.69
721,1377595799,20.67
721,1377595804,20.69
721,1377595809,20.68
721,1377595814,20.67
721,1377595819,20.68
721,1377595824,20.68
721,1377595829,20.68
721,1377595834,20.68
721,1377595839,20.68
721,1377595844,20.66
721,1377595849,20.67
721,1377595854,20.67
721,1377595859,20.68
721,1377595864,20.67
721,1377595869,20.68
721,1377595874,20.68
721,1377595879,20.68
721,1377595884,20.68
721,1377595889,20.67
721,1377595894,20.67
721,1377595899,20.67
721,1377595904,20.67
721,1377595909,20.66
721,1377595914,20.67
721,1377595919,20.68
721,1377595924,20.66
721,1377595929,20.67
721,1377595934,20.66
721,1377595939,20.67
721,1377595944,20.67
721,1377595949,20.66
721,1377595954,20.68
721,1377595959,20.66
721,1377595964,20.66
721,1377595969,20.66
721,1377595974,20.66
721,1377595979,20.66
721,1377595984,20.66
721,1377595989,20.66
721,1377595994,20.66
721,1377595999,20.66
721,1377596004,20.68
721,1377596009,20.66
721,1377596014,20.66
721,1377596019,20.68
721,1377596024,20.66
721,1377596029,20.65
721,1377596034,20.66
721,1377596039,20.66
721,1377596044,20.66
721,1377596049,20.66
721,1377596054,20.66
721,1377596059,20.65
721,1377596064,20.66
721,1377596069,20.66
721,1377596074,20.65
721,1377596079,20.66
721,1377596084,20.65
721,1377596089,20.66
721,1377596094,20.64
721,1377596099,20.66
721,1377596104,20.65
721,1377596109,20.65
721,1377596114,20.66
721,1377596119,20.66
721,1377596124,20.65
721,1377596129,20.66
721,1377596134,20.65
721,1377596139,20.66
721,1377596144,20.66
721,1377596149,20.66
721,1377596154,20.66
721,1377596159,20.65
721,1377596164,20.65
721,1377596169,20.66
721,1377596174,20.64
721,1377596179,20.65
721,1377596184,20.66
721,1377596189,20.65
721,1377596194,20.66
721,1377596199,20.65
721,1377596204,20.65
721,1377596209,20.65
721,1377596214,20.65
721,1377596219,20.66
721,1377596224,20.66
721,1377596229,20.64
721,1377596234,20.64
721,1377596239,20.64
721,1377596244,20.66
721,1377596249,20.65
721,1377596254,20.65
721,1377596259,20.64
721,1377596264,20.64
721,1377596269,20.64
721,1377596274,20.64
721,1377596279,20.65
721,1377596284,20.64
721,1377596289,20.65
721,1377596294,20.64
721,1377596299,20.65
721,1377596304,20.65
721,1377596309,20.65
721,1377596314,20.64
721,1377596318,20.65
721,1377596324,20.64
721,1377596329,20.65
721,1377596334,20.63
721,1377596339,20.63
721,1377596344,20.64
721,1377596349,20.64
721,1377596354,20.64
721,1377596359,20.64
721,1377596364,20.64
721,1377596369,20.63
721,1377596374,20.63
721,1377596379,20.63
721,1377596384,20.64
721,1377596389,20.62
721,1377596398,20.63
721,1377596399,20.64
721,1377596404,20.63
721,1377596409,20.63
721,1377596414,20.64
721,1377596419,20.64
721,1377596424,20.64
721,1377596429,20.63
721,1377596434,20.64
721,1377596439,20.62
721,1377596444,20.64
721,1377596449,20.62
721,1377596454,20.63
721,1377596459,20.63
721,1377596464,20.64
721,1377596469,20.64
721,1377596474,20.62
721,1377596479,20.63
721,1377596484,20.63
721,1377596489,20.63
721,1377596494,20.63
721,1377596499,20.63
721,1377596504,20.63
721,1377596509,20.63
721,1377596514,20.63
721,1377596519,20.63
721,1377596524,20.62
721,1377596529,20.62
721,1377596534,20.62
721,1377596539,20.62
721,1377596544,20.62
721,1377596549,20.62
721,1377596554,20.63
721,1377596559,20.64
721,1377596564,20.62
721,1377596569,20.63
721,1377596574,20.63
721,1377596579,20.64
721,1377596584,20.63
721,1377596589,20.64
721,1377596594,20.63
721,1377596599,20.62
721,1377596604,20.63
721,1377596609,20.63
721,1377596614,20.64
721,1377596619,20.62
721,1377596624,20.64
721,1377596629,20.64
721,1377596634,20.63
721,1377596638,20.63
721,1377596644,20.62
721,1377596649,20.62
721,1377596654,20.63
721,1377596659,20.63
721,1377596664,20.62
721,1377596669,20.62
721,1377596674,20.62
721,1377596678,20.62
721,1377596684,20.63
721,1377596689,20.63
721,1377596694,20.62
721,1377596699,20.63
721,1377596704,20.62
721,1377596708,20.62
721,1377596714,20.62
721,1377596719,20.63
721,1377596724,20.62
721,1377596729,20.62
721,1377596734,20.61
721,1377596738,20.62
721,1377596744,20.63
721,1377596748,20.63
721,1377596754,20.62
721,1377596759,20.61
721,1377596764,20.62
721,1377596769,20.62
721,1377596774,20.61
721,1377596778,20.62
721,1377596784,20.62
721,1377596789,20.61
721,1377596794,20.61
721,1377596799,20.6
721,1377596804,20.61
721,1377596808,20.61
721,1377596814,20.62
721,1377596819,20.6
721,1377596824,20.62
721,1377596829,20.62
721,1377596834,20.62
721,1377596838,20.61
721,1377596843,20.61
721,1377596849,20.61
721,1377596853,20.61
721,1377596859,20.61
721,1377596863,20.6
721,1377596869,20.61
721,1377596874,20.61
721,1377596879,20.61
721,1377596884,20.6
721,1377596888,20.6
721,1377596893,20.61
721,1377596898,20.6
721,1377596904,20.6
721,1377596909,20.6
721,1377596914,20.6
721,1377596918,20.6
721,1377596924,20.61
721,1377596928,20.6
721,1377596934,20.61
721,1377596938,20.61
721,1377596944,20.61
721,1377596948,20.6
721,1377596954,20.61
721,1377596959,20.6
721,1377596964,20.6
721,1377596968,20.6
721,1377596973,20.6
721,1377596978,20.6
721,1377596983,20.61
721,1377596988,20.6
721,1377596994,20.6
721,1377596998,20.61
721,1377597004,20.6
721,1377597009,20.6
721,1377597014,20.6
721,1377597018,20.6
721,1377597023,20.6
721,1377597028,20.59
721,1377597034,20.6
721,1377597038,20.61
721,1377597043,20.6
721,1377597048,20.6
721,1377597054,20.61
721,1377597058,20.6
721,1377597063,20.6
721,1377597068,20.6
721,1377597073,20.6
721,1377597078,20.6
721,1377597084,20.6
721,1377597088,20.61
721,1377597094,20.6
721,1377597098,20.61
721,1377597104,20.6
721,1377597108,20.6
721,1377597113,20.6
721,1377597118,20.6
721,1377597123,20.59
721,1377597128,20.6
721,1377597133,20.6
721,1377597138,20.6
721,1377597143,20.6
721,1377597149,20.6
721,1377597154,20.6
721,1377597158,20.6
721,1377597163,20.59
721,1377597168,20.6
721,1377597173,20.6
721,1377597179,20.6
721,1377597183,20.61
721,1377597188,20.6
721,1377597194,20.6
721,1377597198,20.59
721,1377597203,20.6
721,1377597208,20.59
721,1377597213,20.6
721,1377597218,20.6
721,1377597223,20.6
721,1377597228,20.59
721,1377597233,20.59
721,1377597238,20.6
721,1377597244,20.59
721,1377597248,20.59
721,1377597259,20.6
721,1377597263,20.6
721,1377597268,20.6
721,1377597273,20.59
721,1377597278,20.6
721,1377597283,20.59
721,1377597288,20.58
721,1377597293,20.59
721,1377597298,20.59
721,1377597303,20.6
721,1377597308,20.58
721,1377597313,20.59
721,1377597318,20.58
721,1377597323,20.58
721,1377597328,20.59
721,1377597333,20.59
721,1377597338,20.59
721,1377597343,20.59
721,1377597348,20.59
721,1377597353,20.6
721,1377597358,20.58
721,1377597363,20.58
721,1377597368,20.59
721,1377597373,20.6
721,1377597378,20.59
721,1377597383,20.58
721,1377597388,20.59
721,1377597393,20.59
721,1377597398,20.58
721,1377597404,20.6
721,1377597408,20.59
721,1377597413,20.58
721,1377597418,20.59
721,1377597424,20.58
721,1377597428,20.6
721,1377597433,20.61
721,1377597438,20.6
721,1377597443,20.58
721,1377597448,20.59
721,1377597453,20.59
721,1377597458,20.59
721,1377597463,20.58
721,1377597468,20.59
721,1377597473,20.58
721,1377597478,20.59
721,1377597483,20.59
721,1377597488,20.58
721,1377597493,20.58
721,1377597498,20.58
721,1377597503,20.58
721,1377597508,20.58
721,1377597513,20.58
721,1377597518,20.59
721,1377597523,20.58
721,1377597528,20.58
721,1377597533,20.58
721,1377597538,20.58
721,1377597543,20.58
721,1377597548,20.57
721,1377597553,20.58
721,1377597558,20.59
721,1377597563,20.58
721,1377597568,20.58
721,1377597573,20.58
721,1377597578,20.58
721,1377597583,20.58
721,1377597588,20.58
721,1377597593,20.59
721,1377597598,20.57
721,1377597603,20.58
721,1377597608,20.58
721,1377597613,20.58
721,1377597618,20.58
721,1377597623,20.58
721,1377597628,20.57
721,1377597633,20.58
721,1377597638,20.59
721,1377597643,20.58
721,1377597648,20.58
721,1377597653,20.58
721,1377597658,20.56
721,1377597663,20.58
721,1377597668,20.58
721,1377597673,20.57
721,1377597678,20.58
721,1377597683,20.56
721,1377597688,20.59
721,1377597693,20.58
721,1377597698,20.57
721,1377597703,20.58
721,1377597708,20.58
721,1377597713,20.57
721,1377597718,20.57
721,1377597723,20.58
721,1377597728,20.58
721,1377597733,20.57
721,1377597738,20.57
721,1377597743,20.57
721,1377597748,20.58
721,1377597753,20.57
721,1377597758,20.57
721,1377597763,20.57
721,1377597768,20.58
721,1377597773,20.58
721,1377597778,20.58
721,1377597783,20.57
721,1377597788,20.57
721,1377597793,20.58
721,1377597798,20.58
721,1377597803,20.58
721,1377597808,20.58
721,1377597813,20.59
721,1377597818,20.58
721,1377597823,20.58
721,1377597828,20.59
721,1377597833,20.58
721,1377597838,20.58
721,1377597843,20.58
721,1377597848,20.58
721,1377597853,20.58
721,1377597858,20.58
721,1377597863,20.57
721,1377597868,20.58
721,1377597873,20.57
721,1377597878,20.58
721,1377597883,20.57
721,1377597888,20.58
721,1377597893,20.57
721,1377597898,20.56
721,1377597903,20.57
721,1377597908,20.58
721,1377597913,20.58
721,1377597918,20.58
721,1377597923,20.58
721,1377597928,20.57
721,1377597933,20.57
721,1377597938,20.57
721,1377597943,20.57
721,1377597948,20.57
721,1377597953,20.58
721,1377597958,20.57
721,1377597963,20.56
721,1377597968,20.58
721,1377597973,20.56
721,1377597978,20.58
721,1377597983,20.58
721,1377597988,20.59
721,1377597993,20.57
721,1377597998,20.57
721,1377598003,20.57
721,1377598008,20.56
721,1377598013,20.56
721,1377598018,20.56
721,1377598023,20.55
721,1377598028,20.56
721,1377598033,20.56
721,1377598038,20.56
721,1377598043,20.56
721,1377598048,20.56
721,1377598053,20.56
721,1377598058,20.56
721,1377598063,20.56
721,1377598068,20.56
721,1377598073,20.56
721,1377598078,20.56
721,1377598083,20.56
721,1377598088,20.56
721,1377598093,20.55
721,1377598098,20.56
721,1377598103,20.54
721,1377598108,20.55
721,1377598114,20.56
721,1377598118,20.56
721,1377598123,20.55
721,1377598134,20.56
721,1377598138,20.56
721,1377598143,20.55
721,1377598148,20.55
721,1377598153,20.56
721,1377598158,20.56
721,1377598163,20.56
721,1377598168,20.56
721,1377598173,20.56
721,1377598178,20.55
721,1377598183,20.55
721,1377598188,20.56
721,1377598193,20.55
721,1377598198,20.56
721,1377598203,20.56
721,1377598208,20.55
721,1377598213,20.55
721,1377598218,20.55
721,1377598223,20.55
721,1377598228,20.55
721,1377598233,20.55
721,1377598238,20.55
721,1377598243,20.54
721,1377598248,20.56
721,1377598253,20.56
721,1377598258,20.56
721,1377598263,20.55
721,1377598268,20.54
721,1377598273,20.55
721,1377598278,20.55
721,1377598283,20.55
721,1377598288,20.55
721,1377598293,20.54
721,1377598298,20.54
721,1377598303,20.56
721,1377598308,20.55
721,1377598313,20.54
721,1377598318,20.54
721,1377598323,20.54
721,1377598328,20.55
721,1377598333,20.54
721,1377598338,20.54
721,1377598343,20.54
721,1377598348,20.54
721,1377598353,20.54
721,1377598358,20.52
721,1377598363,20.54
721,1377598368,20.54
721,1377598373,20.54
721,1377598378,20.54
721,1377598383,20.53
721,1377598388,20.54
721,1377598393,20.53
721,1377598398,20.52
721,1377598403,20.53
721,1377598408,20.53
721,1377598413,20.53
721,1377598418,20.53
721,1377598423,20.53
721,1377598428,20.53
721,1377598433,20.54
721,1377598438,20.54
721,1377598443,20.53
721,1377598448,20.53
721,1377598453,20.52
721,1377598458,20.54
721,1377598463,20.53
721,1377598468,20.53
721,1377598473,20.53
721,1377598478,20.53
721,1377598483,20.53
721,1377598488,20.52
721,1377598493,20.54
721,1377598498,20.53
721,1377598503,20.53
721,1377598508,20.54
721,1377598513,20.54
721,1377598518,20.53
721,1377598523,20.54
721,1377598528,20.54
721,1377598533,20.52
721,1377598538,20.53
721,1377598543,20.52
721,1377598548,20.53
721,1377598553,20.53
721,1377598558,20.52
721,1377598563,20.53
721,1377598568,20.53
721,1377598573,20.53
721,1377598578,20.53
721,1377598583,20.53
721,1377598588,20.52
721,1377598593,20.54
721,1377598598,20.53
721,1377598603,20.53
721,1377598608,20.52
721,1377598613,20.53
721,1377598618,20.53
721,1377598623,20.53
721,1377598628,20.53
721,1377598633,20.52
721,1377598638,20.53
721,1377598643,20.53
721,1377598648,20.52
721,1377598653,20.53
721,1377598658,20.52
721,1377598663,20.53
721,1377598668,20.53
721,1377598673,20.53
721,1377598678,20.54
721,1377598683,20.54
721,1377598688,20.53
721,1377598693,20.53
721,1377598698,20.52
721,1377598703,20.52
721,1377598708,20.53
721,1377598713,20.54
721,1377598718,20.52
721,1377598723,20.52
721,1377598728,20.52
721,1377598733,20.53
721,1377598738,20.52
721,1377598743,20.53
721,1377598748,20.52
721,1377598753,20.53
721,1377598758,20.53
721,1377598763,20.53
721,1377598768,20.53
721,1377598773,20.52
721,1377598778,20.52
721,1377598783,20.52
721,1377598788,20.52
721,1377598793,20.51
721,1377598798,20.52
721,1377598803,20.52
721,1377598808,20.52
721,1377598813,20.52
721,1377598818,20.51
721,1377598823,20.51
721,1377598828,20.52
721,1377598833,20.52
721,1377598838,20.52
721,1377598843,20.52
721,1377598848,20.51
721,1377598853,20.52
721,1377598858,20.51
721,1377598863,20.51
721,1377598868,20.51
721,1377598873,20.52
721,1377598878,20.51
721,1377598883,20.51
721,1377598888,20.51
721,1377598893,20.52
721,1377598898,20.52
721,1377598903,20.5
721,1377598908,20.5
721,1377598913,20.51
721,1377598918,20.51
721,1377598923,20.51
721,1377598928,20.51
721,1377598933,20.5
721,1377598938,20.52
721,1377598943,20.51
721,1377598948,20.51
721,1377598953,20.51
721,1377598958,20.51
721,1377598963,20.51
721,1377598968,20.51
721,1377598973,20.51
721,1377598978,20.5
721,1377598983,20.5
721,1377598988,20.51
721,1377598993,20.5
721,1377598998,20.5
721,1377599003,20.51
721,1377599008,20.51
721,1377599018,20.5
721,1377599023,20.51
721,1377599028,20.51
721,1377599033,20.51
721,1377599038,20.5
721,1377599043,20.51
721,1377599048,20.51
721,1377599053,20.49
721,1377599058,20.51
721,1377599063,20.51
721,1377599068,20.5
721,1377599073,20.5
721,1377599078,20.5
721,1377599083,20.5
721,1377599088,20.5
721,1377599093,20.5
721,1377599098,20.5
721,1377599103,20.51
721,1377599108,20.5
721,1377599113,20.5
721,1377599118,20.51
721,1377599123,20.5
721,1377599128,20.5
721,1377599133,20.51
721,1377599138,20.5
721,1377599143,20.51
721,1377599148,20.51
721,1377599153,20.49
721,1377599158,20.5
721,1377599163,20.5
721,1377599168,20.51
721,1377599173,20.5
721,1377599178,20.5
721,1377599183,20.5
721,1377599188,20.52
721,1377599193,20.51
721,1377599198,20.5
721,1377599203,20.51
721,1377599208,20.5
721,1377599213,20.5
721,1377599218,20.5
721,1377599223,20.5
721,1377599228,20.51
721,1377599233,20.51
721,1377599238,20.5
721,1377599243,20.5
721,1377599248,20.5
721,1377599253,20.51
721,1377599258,20.51
721,1377599263,20.51
721,1377599268,20.52
721,1377599273,20.51
721,1377599278,20.5
721,1377599283,20.5
721,1377599288,20.5
721,1377599293,20.5
721,1377599298,20.5
721,1377599303,20.5
721,1377599308,20.5
721,1377599313,20.5
721,1377599318,20.5
721,1377599323,20.5
721,1377599328,20.49
721,1377599333,20.5
721,1377599338,20.49
721,1377599343,20.5
721,1377599348,20.5
721,1377599353,20.5
721,1377599358,20.49
721,1377599364,20.48
721,1377599368,20.5
721,1377599373,20.48
721,1377599378,20.49
721,1377599383,20.49
721,1377599388,20.5
721,1377599393,20.49
721,1377599398,20.49
721,1377599403,20.49
721,1377599408,20.48
721,1377599413,20.5
721,1377599418,20.49
721,1377599423,20.48
721,1377599428,20.49
721,1377599433,20.48
721,1377599438,20.48
721,1377599443,20.49
721,1377599448,20.49
721,1377599453,20.49
721,1377599458,20.48
721,1377599463,20.49
721,1377599468,20.48
721,1377599473,20.48
721,1377599478,20.48
721,1377599483,20.49
721,1377599488,20.48
721,1377599493,20.48
721,1377599498,20.48
721,1377599503,20.48
721,1377599508,20.47
721,1377599513,20.48
721,1377599518,20.48
721,1377599523,20.48
721,1377599528,20.48
721,1377599533,20.47
721,1377599538,20.48
721,1377599543,20.48
721,1377599548,20.47
721,1377599553,20.47
721,1377599558,20.47
721,1377599563,20.48
721,1377599568,20.48
721,1377599573,20.48
721,1377599578,20.47
721,1377599583,20.47
721,1377599588,20.48
721,1377599593,20.46
721,1377599598,20.47
721,1377599603,20.48
721,1377599608,20.47
721,1377599613,20.46
721,1377599618,20.46
721,1377599623,20.48
721,1377599628,20.48
721,1377599633,20.46
721,1377599638,20.47
721,1377599643,20.46
721,1377599648,20.47
721,1377599653,20.48
721,1377599658,20.47
721,1377599663,20.46
721,1377599668,20.47
721,1377599673,20.47
721,1377599678,20.46
721,1377599683,20.46
721,1377599688,20.47
721,1377599693,20.46
721,1377599698,20.47
721,1377599703,20.47
721,1377599708,20.46
721,1377599713,20.46
721,1377599718,20.46
721,1377599723,20.47
721,1377599728,20.46
721,1377599733,20.48
721,1377599738,20.47
721,1377599743,20.47
721,1377599748,20.47
721,1377599753,20.48
721,1377599759,20.48
721,1377599763,20.47
721,1377599768,20.46
721,1377599773,20.46
721,1377599778,20.47
721,1377599783,20.47
721,1377599788,20.46
721,1377599793,20.47
721,1377599798,20.47
721,1377599803,20.47
721,1377599808,20.46
721,1377599813,20.46
721,1377599818,20.47
721,1377599823,20.47
721,1377599828,20.47
721,1377599833,20.47
721,1377599838,20.46
721,1377599843,20.47
721,1377599848,20.46
721,1377599853,20.46
721,1377599858,20.46
721,1377599863,20.47
721,1377599868,20.47
721,1377599877,20.47
721,1377599878,20.46
721,1377599883,20.46
721,1377599888,20.45
721,1377599893,20.47
721,1377599898,20.46
721,1377599903,20.47
721,1377599908,20.46
721,1377599913,20.46
721,1377599918,20.45
721,1377599923,20.46
721,1377599928,20.46
721,1377599933,20.46
721,1377599938,20.46
721,1377599943,20.46
721,1377599948,20.44
721,1377599953,20.46
721,1377599958,20.46
721,1377599963,20.46
721,1377599968,20.46
721,1377599973,20.46
721,1377599978,20.45
721,1377599983,20.47
721,1377599988,20.46
721,1377599993,20.46
721,1377599998,20.46
721,1377600003,20.46
721,1377600008,20.44
721,1377600013,20.46
721,1377600018,20.47
721,1377600023,20.45
721,1377600028,20.46
721,1377600033,20.46
721,1377600038,20.46
721,1377600043,20.46
721,1377600048,20.45
721,1377600053,20.45
721,1377600058,20.46
721,1377600063,20.46
721,1377600068,20.46
721,1377600073,20.46
721,1377600078,20.46
721,1377600083,20.46
721,1377600088,20.45
721,1377600093,20.46
721,1377600098,20.45
721,1377600103,20.45
721,1377600108,20.46
721,1377600113,20.44
721,1377600118,20.46
721,1377600123,20.45
721,1377600128,20.46
721,1377600133,20.45
721,1377600138,20.46
721,1377600143,20.47
721,1377600148,20.45
721,1377600153,20.46
721,1377600158,20.46
721,1377600163,20.46
721,1377600168,20.46
721,1377600173,20.45
721,1377600178,20.46
721,1377600183,20.46
721,1377600188,20.46
721,1377600193,20.46
721,1377600198,20.46
721,1377600203,20.45
721,1377600208,20.45
721,1377600213,20.46
721,1377600218,20.45
721,1377600223,20.46
721,1377600228,20.45
721,1377600233,20.44
721,1377600238,20.46
721,1377600243,20.46
721,1377600248,20.45
721,1377600253,20.46
721,1377600258,20.45
721,1377600263,20.45
721,1377600268,20.45
721,1377600273,20.47
721,1377600278,20.46
721,1377600283,20.46
721,1377600288,20.46
721,1377600293,20.46
721,1377600298,20.46
721,1377600303,20.47
721,1377600308,20.45
721,1377600313,20.44
721,1377600318,20.45
721,1377600323,20.45
721,1377600328,20.44
721,1377600333,20.45
721,1377600338,20.45
721,1377600343,20.46
721,1377600348,20.45
721,1377600353,20.45
721,1377600358,20.46
721,1377600363,20.44
721,1377600368,20.45
721,1377600373,20.45
721,1377600378,20.44
721,1377600383,20.45
721,1377600388,20.45
721,1377600393,20.44
721,1377600398,20.44
721,1377600403,20.44
721,1377600408,20.44
721,1377600413,20.45
721,1377600418,20.44
721,1377600423,20.44
721,1377600428,20.44
721,1377600433,20.44
721,1377600438,20.43
721,1377600443,20.44
721,1377600448,20.44
721,1377600453,20.44
721,1377600458,20.44
721,1377600463,20.45
721,1377600468,20.44
721,1377600473,20.44
721,1377600478,20.46
721,1377600483,20.44
721,1377600488,20.44
721,1377600493,20.42
721,1377600498,20.44
721,1377600503,20.42
721,1377600508,20.43
721,1377600513,20.44
721,1377600518,20.44
721,1377600523,20.43
721,1377600528,20.44
721,1377600533,20.42
721,1377600538,20.44
721,1377600543,20.44
721,1377600548,20.43
721,1377600553,20.43
721,1377600558,20.43
721,1377600563,20.42
721,1377600568,20.44
721,1377600573,20.44
721,1377600578,20.44
721,1377600583,20.44
721,1377600588,20.42
721,1377600593,20.43
721,1377600598,20.44
721,1377600603,20.43
721,1377600608,20.44
721,1377600613,20.43
721,1377600618,20.42
721,1377600623,20.42
721,1377600628,20.42
721,1377600633,20.43
721,1377600638,20.42
721,1377600643,20.42
721,1377600648,20.41
721,1377600653,20.43
721,1377600658,20.41
721,1377600663,20.42
721,1377600668,20.42
721,1377600673,20.42
721,1377600678,20.42
721,1377600683,20.41
721,1377600688,20.43
721,1377600695,20.43
721,1377600698,20.42
721,1377600703,20.42
721,1377600708,20.42
721,1377600713,20.42
721,1377600718,20.43
721,1377600723,20.42
721,1377600728,20.42
721,1377600733,20.42
721,1377600738,20.41
721,1377600743,20.42
721,1377600748,20.42
721,1377600753,20.41
721,1377600758,20.42
721,1377600763,20.42
721,1377600768,20.42
721,1377600773,20.42
721,1377600778,20.41
721,1377600783,20.43
721,1377600788,20.4
721,1377600793,20.42
721,1377600798,20.4
721,1377600803,20.42
721,1377600808,20.41
721,1377600813,20.42
721,1377600818,20.42
721,1377600823,20.41
721,1377600828,20.42
721,1377600833,20.42
721,1377600838,20.42
721,1377600843,20.41
721,1377600848,20.42
721,1377600853,20.41
721,1377600858,20.43
721,1377600863,20.42
721,1377600868,20.42
721,1377600873,20.42
721,1377600878,20.42
721,1377600883,20.43
721,1377600888,20.42
721,1377600893,20.42
721,1377600898,20.41
721,1377600903,20.42
721,1377600908,20.41
721,1377600913,20.42
721,1377600918,20.42
721,1377600923,20.41
721,1377600928,20.4
721,1377600933,20.41
721,1377600938,20.42
721,1377600943,20.42
721,1377600948,20.41
721,1377600953,20.41
721,1377600958,20.4
721,1377600963,20.4
721,1377600968,20.41
721,1377600973,20.42
721,1377600978,20.4
721,1377600983,20.4
721,1377600988,20.41
721,1377600993,20.4
721,1377600998,20.42
721,1377601003,20.4
721,1377601008,20.41
721,1377601013,20.4
721,1377601018,20.41
721,1377601023,20.4
721,1377601028,20.4
721,1377601033,20.4
721,1377601038,20.41
721,1377601043,20.4
721,1377601048,20.41
721,1377601053,20.4
721,1377601058,20.4
721,1377601063,20.39
721,1377601068,20.4
721,1377601073,20.4
721,1377601078,20.39
721,1377601083,20.39
721,1377601088,20.4
721,1377601093,20.39
721,1377601098,20.39
721,1377601103,20.4
721,1377601108,20.4
721,1377601113,20.4
721,1377601118,20.4
721,1377601123,20.39
721,1377601128,20.39
721,1377601133,20.4
721,1377601138,20.39
721,1377601143,20.38
721,1377601148,20.38
721,1377601153,20.4
721,1377601158,20.39
721,1377601163,20.39
721,1377601168,20.4
721,1377601173,20.39
721,1377601178,20.38
721,1377601183,20.38
721,1377601188,20.4
721,1377601193,20.38
721,1377601198,20.38
721,1377601203,20.38
721,1377601208,20.39
721,1377601213,20.38
721,1377601218,20.38
721,1377601223,20.38
721,1377601228,20.38
721,1377601233,20.39
721,1377601238,20.38
721,1377601243,20.38
721,1377601248,20.38
721,1377601253,20.39
721,1377601258,20.38
721,1377601263,20.38
721,1377601268,20.38
721,1377601273,20.38
721,1377601278,20.38
721,1377601283,20.39
721,1377601288,20.39
721,1377601293,20.39
721,1377601298,20.38
721,1377601303,20.38
721,1377601308,20.38
721,1377601313,20.38
721,1377601318,20.37
721,1377601323,20.38
721,1377601328,20.38
721,1377601333,20.38
721,1377601338,20.38
721,1377601343,20.38
721,1377601348,20.38
721,1377601353,20.38
721,1377601358,20.38
721,1377601363,20.38
721,1377601369,20.38
721,1377601373,20.37
721,1377601378,20.38
721,1377601383,20.38
721,1377601388,20.38
721,1377601393,20.38
721,1377601398,20.38
721,1377601403,20.4
721,1377601408,20.39
721,1377601413,20.37
721,1377601418,20.38
721,1377601423,20.38
721,1377601428,20.38
721,1377601433,20.38
721,1377601438,20.38
721,1377601443,20.38
721,1377601448,20.38
721,1377601453,20.38
721,1377601458,20.39
721,1377601463,20.37
721,1377601468,20.38
721,1377601473,20.38
721,1377601478,20.38
721,1377601483,20.4
721,1377601488,20.38
721,1377601493,20.38
721,1377601498,20.38
721,1377601503,20.38
721,1377601508,20.37
721,1377601513,20.36
721,1377601518,20.38
721,1377601523,20.39
721,1377601528,20.38
721,1377601533,20.38
721,1377601538,20.38
721,1377601543,20.38
721,1377601548,20.38
721,1377601555,20.38
721,1377601558,20.38
721,1377601563,20.38
721,1377601568,20.38
721,1377601573,20.38
721,1377601578,20.38
721,1377601583,20.38
721,1377601588,20.37
721,1377601593,20.38
721,1377601598,20.37
721,1377601603,20.38
721,1377601608,20.37
721,1377601613,20.38
721,1377601618,20.38
721,1377601623,20.37
721,1377601628,20.37
721,1377601633,20.37
721,1377601638,20.36
721,1377601643,20.36
721,1377601648,20.38
721,1377601653,20.37
721,1377601658,20.37
721,1377601663,20.37
721,1377601668,20.37
721,1377601673,20.38
721,1377601678,20.37
721,1377601683,20.36
721,1377601688,20.36
721,1377601693,20.38
721,1377601698,20.37
721,1377601703,20.38
721,1377601708,20.37
721,1377601713,20.36
721,1377601718,20.36
721,1377601723,20.36
721,1377601728,20.37
721,1377601733,20.37
721,1377601738,20.37
721,1377601743,20.36
721,1377601748,20.38
721,1377601753,20.36
721,1377601758,20.38
721,1377601763,20.37
721,1377601768,20.38
721,1377601773,20.36
721,1377601778,20.36
721,1377601783,20.36
721,1377601788,20.36
721,1377601793,20.36
721,1377601798,20.37
721,1377601803,20.36
721,1377601808,20.36
721,1377601813,20.37
721,1377601818,20.37
721,1377601823,20.37
721,1377601828,20.37
721,1377601833,20.36
721,1377601838,20.37
721,1377601843,20.36
721,1377601848,20.37
721,1377601853,20.37
721,1377601858,20.35
721,1377601863,20.36
721,1377601868,20.35
721,1377601873,20.36
721,1377601878,20.36
721,1377601883,20.36
721,1377601888,20.36
721,1377601893,20.36
721,1377601898,20.36
721,1377601903,20.36
721,1377601908,20.36
721,1377601913,20.35
721,1377601918,20.36
721,1377601923,20.36
721,1377601928,20.36
721,1377601933,20.35
721,1377601938,20.36
721,1377601943,20.36
721,1377601948,20.36
721,1377601953,20.36
721,1377601958,20.36
721,1377601963,20.35
721,1377601968,20.37
721,1377601973,20.36
721,1377601978,20.36
721,1377601983,20.36
721,1377601988,20.36
721,1377601993,20.36
721,1377601998,20.35
721,1377602003,20.36
721,1377602008,20.36
721,1377602013,20.36
721,1377602018,20.35
721,1377602023,20.35
721,1377602028,20.34
721,1377602033,20.36
721,1377602038,20.35
721,1377602043,20.36
721,1377602048,20.35
721,1377602053,20.36
721,1377602058,20.36
721,1377602063,20.36
721,1377602068,20.35
721,1377602073,20.34
721,1377602078,20.34
721,1377602083,20.35
721,1377602088,20.36
721,1377602094,20.36
721,1377602098,20.36
721,1377602103,20.36
721,1377602108,20.34
721,1377602113,20.34
721,1377602118,20.36
721,1377602123,20.35
721,1377602128,20.34
721,1377602133,20.35
721,1377602138,20.36
721,1377602143,20.36
721,1377602148,20.36
721,1377602153,20.34
721,1377602158,20.36
721,1377602163,20.34
721,1377602168,20.35
721,1377602173,20.35
721,1377602178,20.36
721,1377602183,20.35
721,1377602188,20.34
721,1377602193,20.35
721,1377602198,20.36
721,1377602203,20.35
721,1377602208,20.35
721,1377602213,20.35
721,1377602218,20.34
721,1377602223,20.35
721,1377602228,20.34
721,1377602233,20.36
721,1377602238,20.35
721,1377602243,20.35
721,1377602248,20.34
721,1377602253,20.34
721,1377602258,20.35
721,1377602263,20.34
721,1377602268,20.34
721,1377602273,20.34
721,1377602278,20.35
721,1377602283,20.35
721,1377602288,20.34
721,1377602293,20.35
721,1377602298,20.35
721,1377602303,20.34
721,1377602308,20.35
721,1377602313,20.34
721,1377602318,20.34
721,1377602323,20.34
721,1377602328,20.36
721,1377602333,20.34
721,1377602338,20.35
721,1377602343,20.34
721,1377602348,20.34
721,1377602353,20.33
721,1377602358,20.34
721,1377602363,20.34
721,1377602368,20.34
721,1377602373,20.34
721,1377602378,20.34
721,1377602383,20.34
721,1377602388,20.34
721,1377602393,20.33
721,1377602398,20.33
721,1377602403,20.34
721,1377602408,20.34
721,1377602415,20.34
721,1377602418,20.34
721,1377602423,20.34
721,1377602428,20.33
721,1377602433,20.33
721,1377602438,20.32
721,1377602443,20.33
721,1377602448,20.34
721,1377602453,20.35
721,1377602458,20.34
721,1377602463,20.33
721,1377602468,20.34
721,1377602473,20.33
721,1377602478,20.34
721,1377602483,20.34
721,1377602488,20.34
721,1377602493,20.34
721,1377602498,20.34
721,1377602503,20.32
721,1377602508,20.33
721,1377602513,20.34
721,1377602518,20.34
721,1377602523,20.33
721,1377602528,20.34
721,1377602533,20.33
721,1377602538,20.33
721,1377602543,20.32
721,1377602548,20.34
721,1377602553,20.34
721,1377602558,20.34
721,1377602563,20.34
721,1377602568,20.34
721,1377602573,20.33
721,1377602578,20.32
721,1377602583,20.34
721,1377602588,20.33
721,1377602593,20.34
721,1377602598,20.34
721,1377602603,20.32
721,1377602608,20.32
721,1377602613,20.32
721,1377602618,20.32
721,1377602623,20.33
721,1377602628,20.34
721,1377602633,20.33
721,1377602638,20.34
721,1377602643,20.34
721,1377602648,20.32
721,1377602653,20.32
721,1377602658,20.32
721,1377602663,20.32
721,1377602668,20.33
721,1377602673,20.32
721,1377602678,20.33
721,1377602683,20.33
721,1377602688,20.34
721,1377602693,20.34
721,1377602698,20.33
721,1377602703,20.33
721,1377602708,20.32
721,1377602713,20.33
721,1377602718,20.32
721,1377602723,20.32
721,1377602728,20.32
721,1377602733,20.31
721,1377602738,20.32
721,1377602743,20.32
721,1377602748,20.31
721,1377602753,20.32
721,1377602758,20.32
721,1377602763,20.3
721,1377602768,20.32
721,1377602773,20.31
721,1377602778,20.32
721,1377602783,20.32
721,1377602788,20.31
721,1377602793,20.31
721,1377602798,20.32
721,1377602803,20.32
721,1377602808,20.32
721,1377602813,20.31
721,1377602818,20.31
721,1377602823,20.31
721,1377602828,20.32
721,1377602833,20.31
721,1377602838,20.32
721,1377602843,20.32
721,1377602848,20.32
721,1377602853,20.31
721,1377602858,20.32
721,1377602863,20.32
721,1377602868,20.31
721,1377602873,20.32
721,1377602878,20.32
721,1377602883,20.32
721,1377602888,20.32
721,1377602893,20.31
721,1377602898,20.3
721,1377602903,20.33
721,1377602908,20.31
721,1377602913,20.3
721,1377602918,20.31
721,1377602923,20.32
721,1377602928,20.32
721,1377602933,20.31
721,1377602938,20.32
721,1377602943,20.32
721,1377602948,20.32
721,1377602953,20.31
721,1377602958,20.33
721,1377602963,20.31
721,1377602968,20.32
721,1377602973,20.31
721,1377602978,20.32
721,1377602983,20.31
721,1377602988,20.3
721,1377602993,20.32
721,1377602998,20.3
721,1377603003,20.32
721,1377603008,20.31
721,1377603013,20.32
721,1377603018,20.31
721,1377603023,20.3
721,1377603028,20.31
721,1377603033,20.31
721,1377603038,20.31
721,1377603043,20.3
721,1377603048,20.31
721,1377603053,20.3
721,1377603058,20.31
721,1377603063,20.31
721,1377603068,20.31
721,1377603073,20.3
721,1377603078,20.31
721,1377603083,20.31
721,1377603088,20.29
721,1377603093,20.31
721,1377603098,20.31
721,1377603103,20.3
721,1377603108,20.31
721,1377603113,20.29
721,1377603118,20.3
721,1377603123,20.3
721,1377603128,20.3
721,1377603133,20.3
721,1377603138,20.3
721,1377603143,20.3
721,1377603148,20.3
721,1377603153,20.31
721,1377603158,20.3
721,1377603163,20.3
721,1377603168,20.3
721,1377603173,20.31
721,1377603178,20.3
721,1377603183,20.3
721,1377603188,20.3
721,1377603193,20.3
721,1377603198,20.3
721,1377603203,20.3
721,1377603208,20.3
721,1377603213,20.31
721,1377603218,20.31
721,1377603223,20.31
721,1377603228,20.31
721,1377603233,20.3
721,1377603238,20.3
721,1377603243,20.3
721,1377603248,20.31
721,1377603253,20.29
721,1377603263,20.3
721,1377603268,20.3
721,1377603273,20.3
721,1377603278,20.3
721,1377603283,20.3
721,1377603288,20.28
721,1377603293,20.3
721,1377603298,20.29
721,1377603303,20.3
721,1377603308,20.3
721,1377603313,20.3
721,1377603318,20.3
721,1377603323,20.3
721,1377603328,20.3
721,1377603333,20.3
721,1377603338,20.29
721,1377603343,20.3
721,1377603348,20.3
721,1377603353,20.29
721,1377603358,20.3
721,1377603363,20.3
721,1377603368,20.29
721,1377603373,20.3
721,1377603378,20.31
721,1377603383,20.3
721,1377603388,20.3
721,1377603393,20.3
721,1377603398,20.3
721,1377603403,20.29
721,1377603408,20.3
721,1377603413,20.3
721,1377603418,20.3
721,1377603423,20.3
721,1377603428,20.3
721,1377603433,20.28
721,1377603438,20.29
721,1377603443,20.3
721,1377603448,20.29
721,1377603453,20.29
721,1377603458,20.3
721,1377603463,20.28
721,1377603468,20.29
721,1377603473,20.3
721,1377603478,20.28
721,1377603483,20.28
721,1377603488,20.3
721,1377603493,20.29
721,1377603498,20.29
721,1377603503,20.28
721,1377603508,20.28
721,1377603513,20.28
721,1377603518,20.29
721,1377603523,20.28
721,1377603528,20.28
721,1377603533,20.29
721,1377603538,20.28
721,1377603543,20.28
721,1377603548,20.3
721,1377603553,20.28
721,1377603558,20.29
721,1377603563,20.29
721,1377603568,20.29
721,1377603573,20.28
721,1377603578,20.3
721,1377603583,20.3
721,1377603588,20.28
721,1377603593,20.28
721,1377603598,20.29
721,1377603603,20.28
721,1377603608,20.28
721,1377603613,20.29
721,1377603618,20.29
721,1377603623,20.3
721,1377603628,20.29
721,1377603633,20.28
721,1377603638,20.27
721,1377603643,20.29
721,1377603648,20.27
721,1377603653,20.28
721,1377603658,20.27
721,1377603663,20.28
721,1377603668,20.28
721,1377603673,20.28
721,1377603678,20.28
721,1377603683,20.28
721,1377603688,20.28
721,1377603693,20.29
721,1377603698,20.28
721,1377603703,20.29
721,1377603708,20.28
721,1377603713,20.27
721,1377603718,20.28
721,1377603723,20.28
721,1377603728,20.27
721,1377603733,20.28
721,1377603738,20.27
721,1377603743,20.28
721,1377603748,20.28
721,1377603753,20.26
721,1377603758,20.27
721,1377603763,20.28
721,1377603768,20.28
721,1377603773,20.27
721,1377603778,20.28
721,1377603783,20.28
721,1377603788,20.27
721,1377603793,20.27
721,1377603798,20.27
721,1377603803,20.27
721,1377603808,20.28
721,1377603813,20.27
721,1377603818,20.27
721,1377603823,20.28
721,1377603828,20.28
721,1377603833,20.28
721,1377603838,20.28
721,1377603843,20.27
721,1377603848,20.28
721,1377603853,20.28
721,1377603858,20.28
721,1377603863,20.27
721,1377603868,20.28
721,1377603873,20.27
721,1377603878,20.28
721,1377603883,20.28
721,1377603888,20.28
721,1377603893,20.27
721,1377603898,20.28
721,1377603903,20.27
721,1377603908,20.28
721,1377603913,20.28
721,1377603918,20.26
721,1377603923,20.28
721,1377603928,20.27
721,1377603933,20.28
721,1377603938,20.27
721,1377603943,20.28
721,1377603948,20.28
721,1377603953,20.28
721,1377603958,20.28
721,1377603963,20.26
721,1377603968,20.27
721,1377603973,20.27
721,1377603978,20.26
721,1377603983,20.28
721,1377603988,20.28
721,1377603993,20.29
721,1377603998,20.28
721,1377604003,20.28
721,1377604008,20.28
721,1377604013,20.28
721,1377604018,20.28
721,1377604023,20.28
721,1377604028,20.28
721,1377604033,20.28
721,1377604038,20.27
721,1377604043,20.28
721,1377604048,20.26
721,1377604053,20.28
721,1377604058,20.28
721,1377604063,20.27
721,1377604068,20.26
721,1377604073,20.26
721,1377604078,20.26
721,1377604083,20.27
721,1377604088,20.27
721,1377604093,20.28
721,1377604098,20.26
721,1377604107,20.27
721,1377604108,20.26
721,1377604113,20.27
721,1377604118,20.26
721,1377604123,20.26
721,1377604128,20.26
721,1377604133,20.26
721,1377604138,20.28
721,1377604143,20.27
721,1377604148,20.27
721,1377604153,20.27
721,1377604158,20.27
721,1377604163,20.26
721,1377604168,20.27
721,1377604173,20.26
721,1377604178,20.26
721,1377604183,20.28
721,1377604188,20.26
721,1377604193,20.27
721,1377604198,20.27
721,1377604203,20.27
721,1377604208,20.26
721,1377604213,20.26
721,1377604218,20.27
721,1377604223,20.26
721,1377604228,20.27
721,1377604233,20.27
721,1377604238,20.26
721,1377604243,20.25
721,1377604248,20.26
721,1377604253,20.26
721,1377604258,20.26
721,1377604263,20.27
721,1377604268,20.27
721,1377604273,20.26
721,1377604278,20.26
721,1377604283,20.27
721,1377604288,20.26
721,1377604293,20.28
721,1377604298,20.27
721,1377604303,20.27
721,1377604308,20.27
721,1377604313,20.26
721,1377604318,20.26
721,1377604323,20.26
721,1377604328,20.27
721,1377604333,20.27
721,1377604338,20.26
721,1377604343,20.26
721,1377604348,20.26
721,1377604353,20.26
721,1377604358,20.27
721,1377604363,20.26
721,1377604368,20.26
721,1377604373,20.26
721,1377604378,20.26
721,1377604383,20.27
721,1377604388,20.27
721,1377604393,20.26
721,1377604398,20.26
721,1377604403,20.26
721,1377604408,20.28
721,1377604413,20.27
721,1377604418,20.27
721,1377604423,20.27
721,1377604428,20.26
721,1377604433,20.26
721,1377604438,20.27
721,1377604443,20.26
721,1377604448,20.26
721,1377604453,20.26
721,1377604458,20.27
721,1377604463,20.26
721,1377604468,20.25
721,1377604473,20.26
721,1377604478,20.26
721,1377604483,20.25
721,1377604488,20.25
721,1377604493,20.26
721,1377604498,20.25
721,1377604503,20.24
721,1377604508,20.26
721,1377604513,20.26
721,1377604518,20.26
721,1377604523,20.24
721,1377604528,20.26
721,1377604533,20.26
721,1377604538,20.25
721,1377604543,20.25
721,1377604548,20.26
721,1377604553,20.26
721,1377604558,20.25
721,1377604563,20.25
721,1377604568,20.24
721,1377604573,20.26
721,1377604578,20.26
721,1377604583,20.26
721,1377604588,20.25
721,1377604593,20.25
721,1377604598,20.26
721,1377604603,20.25
721,1377604608,20.25
721,1377604613,20.24
721,1377604618,20.25
721,1377604623,20.24
721,1377604628,20.24
721,1377604633,20.25
721,1377604638,20.25
721,1377604643,20.25
721,1377604648,20.24
721,1377604653,20.25
721,1377604658,20.26
721,1377604663,20.24
721,1377604668,20.24
721,1377604673,20.24
721,1377604678,20.24
721,1377604683,20.25
721,1377604688,20.25
721,1377604693,20.25
721,1377604698,20.25
721,1377604703,20.24
721,1377604708,20.24
721,1377604713,20.24
721,1377604718,20.24
721,1377604723,20.24
721,1377604728,20.24
721,1377604733,20.24
721,1377604738,20.24
721,1377604743,20.24
721,1377604748,20.24
721,1377604753,20.24
721,1377604758,20.25
721,1377604763,20.25
721,1377604768,20.24
721,1377604773,20.24
721,1377604778,20.24
721,1377604783,20.24
721,1377604788,20.24
721,1377604793,20.25
721,1377604798,20.23
721,1377604803,20.23
721,1377604808,20.23
721,1377604813,20.24
721,1377604818,20.23
721,1377604823,20.23
721,1377604828,20.24
721,1377604833,20.24
721,1377604838,20.24
721,1377604843,20.24
721,1377604848,20.23
721,1377604853,20.23
721,1377604858,20.23
721,1377604863,20.23
721,1377604868,20.24
721,1377604873,20.22
721,1377604878,20.23
721,1377604883,20.22
721,1377604888,20.24
721,1377604893,20.23
721,1377604898,20.22
721,1377604903,20.22
721,1377604908,20.22
721,1377604913,20.23
721,1377604918,20.23
721,1377604923,20.22
721,1377604931,20.23
721,1377604933,20.22
721,1377604938,20.22
721,1377604943,20.22
721,1377604948,20.22
721,1377604953,20.23
721,1377604958,20.22
721,1377604963,20.22
721,1377604968,20.22
721,1377604973,20.22
721,1377604978,20.22
721,1377604983,20.22
721,1377604988,20.23
721,1377604993,20.24
721,1377604998,20.23
721,1377605003,20.22
721,1377605008,20.22
721,1377605013,20.23
721,1377605018,20.23
721,1377605023,20.22
721,1377605028,20.22
721,1377605033,20.23
721,1377605038,20.22
721,1377605043,20.22
721,1377605048,20.22
721,1377605053,20.22
721,1377605058,20.24
721,1377605063,20.22
721,1377605068,20.22
721,1377605073,20.22
721,1377605078,20.23
721,1377605083,20.22
721,1377605088,20.23
721,1377605093,20.22
721,1377605098,20.22
721,1377605103,20.22
721,1377605108,20.21
721,1377605113,20.22
721,1377605118,20.22
721,1377605123,20.21
721,1377605128,20.22
721,1377605133,20.21
721,1377605138,20.22
721,1377605143,20.21
721,1377605148,20.22
721,1377605153,20.21
721,1377605158,20.22
721,1377605163,20.21
721,1377605168,20.22
721,1377605173,20.21
721,1377605178,20.22
721,1377605183,20.22
721,1377605188,20.21
721,1377605193,20.23
721,1377605198,20.21
721,1377605203,20.22
721,1377605208,20.21
721,1377605213,20.21
721,1377605218,20.22
721,1377605223,20.22
721,1377605228,20.22
721,1377605233,20.22
721,1377605238,20.22
721,1377605243,20.22
721,1377605248,20.21
721,1377605253,20.23
721,1377605258,20.21
721,1377605263,20.22
721,1377605268,20.22
721,1377605273,20.21
721,1377605278,20.22
721,1377605283,20.21
721,1377605288,20.21
721,1377605293,20.21
721,1377605298,20.22
721,1377605303,20.22
721,1377605308,20.21
721,1377605313,20.22
721,1377605318,20.22
721,1377605323,20.22
721,1377605328,20.21
721,1377605333,20.22
721,1377605338,20.22
721,1377605343,20.22
721,1377605348,20.21
721,1377605353,20.22
721,1377605358,20.21
721,1377605363,20.22
721,1377605368,20.21
721,1377605373,20.22
721,1377605378,20.22
721,1377605383,20.22
721,1377605388,20.22
721,1377605393,20.23
721,1377605398,20.2
721,1377605403,20.22
721,1377605409,20.22
721,1377605413,20.23
721,1377605418,20.22
721,1377605423,20.22
721,1377605428,20.21
721,1377605433,20.22
721,1377605438,20.22
721,1377605443,20.22
721,1377605448,20.21
721,1377605453,20.2
721,1377605458,20.22
721,1377605463,20.22
721,1377605468,20.22
721,1377605473,20.22
721,1377605478,20.22
721,1377605483,20.22
721,1377605488,20.21
721,1377605493,20.2
721,1377605498,20.2
721,1377605503,20.22
721,1377605508,20.22
721,1377605513,20.22
721,1377605518,20.21
721,1377605523,20.21
721,1377605528,20.21
721,1377605533,20.22
721,1377605538,20.21
721,1377605543,20.21
721,1377605548,20.21
721,1377605553,20.2
721,1377605558,20.21
721,1377605563,20.2
721,1377605568,20.22
721,1377605573,20.22
721,1377605578,20.21
721,1377605583,20.22
721,1377605588,20.22
721,1377605593,20.21
721,1377605598,20.22
721,1377605603,20.2
721,1377605608,20.2
721,1377605613,20.21
721,1377605618,20.21
721,1377605623,20.21
721,1377605628,20.21
721,1377605633,20.22
721,1377605638,20.2
721,1377605643,20.22
721,1377605648,20.21
721,1377605653,20.2
721,1377605658,20.19
721,1377605663,20.2
721,1377605668,20.21
721,1377605673,20.21
721,1377605678,20.21
721,1377605683,20.21
721,1377605688,20.22
721,1377605693,20.21
721,1377605698,20.22
721,1377605703,20.21
721,1377605708,20.21
721,1377605713,20.2
721,1377605718,20.21
721,1377605723,20.2
721,1377605728,20.21
721,1377605733,20.2
721,1377605738,20.2
721,1377605743,20.2
721,1377605748,20.2
721,1377605753,20.21
721,1377605758,20.2
721,1377605765,20.21
721,1377605768,20.21
721,1377605773,20.2
721,1377605778,20.2
721,1377605783,20.2
721,1377605788,20.2
721,1377605793,20.2
721,1377605798,20.2
721,1377605803,20.2
721,1377605808,20.2
721,1377605813,20.21
721,1377605818,20.2
721,1377605823,20.2
721,1377605828,20.2
721,1377605833,20.19
721,1377605838,20.21
721,1377605843,20.2
721,1377605848,20.2
721,1377605853,20.21
721,1377605858,20.2
721,1377605863,20.2
721,1377605868,20.2
721,1377605873,20.2
721,1377605878,20.21
721,1377605883,20.2
721,1377605888,20.2
721,1377605893,20.2
721,1377605898,20.21
721,1377605903,20.19
721,1377605908,20.21
721,1377605913,20.2
721,1377605918,20.2
721,1377605923,20.2
721,1377605928,20.2
721,1377605933,20.2
721,1377605938,20.2
721,1377605943,20.2
721,1377605948,20.2
721,1377605953,20.19
721,1377605958,20.19
721,1377605963,20.19
721,1377605968,20.2
721,1377605973,20.2
721,1377605978,20.19
721,1377605983,20.2
721,1377605988,20.2
721,1377605993,20.19
721,1377605998,20.18
721,1377606003,20.2
721,1377606008,20.19
721,1377606013,20.2
721,1377606018,20.2
721,1377606023,20.18
721,1377606028,20.19
721,1377606033,20.2
721,1377606038,20.19
721,1377606043,20.2
721,1377606048,20.19
721,1377606053,20.2
721,1377606058,20.2
721,1377606063,20.2
721,1377606068,20.19
721,1377606073,20.19
721,1377606078,20.19
721,1377606083,20.2
721,1377606088,20.2
721,1377606093,20.19
721,1377606098,20.19
721,1377606103,20.2
721,1377606108,20.2
721,1377606113,20.2
721,1377606118,20.2
721,1377606123,20.2
721,1377606128,20.2
721,1377606133,20.2
721,1377606138,20.2
721,1377606143,20.19
721,1377606148,20.2
721,1377606153,20.2
721,1377606158,20.2
721,1377606163,20.2
721,1377606168,20.2
721,1377606173,20.19
721,1377606178,20.2
721,1377606183,20.2
721,1377606188,20.19
721,1377606193,20.19
721,1377606198,20.19
721,1377606203,20.19
721,1377606208,20.19
721,1377606213,20.18
721,1377606218,20.19
721,1377606223,20.2
721,1377606228,20.18
721,1377606233,20.2
721,1377606238,20.19
721,1377606243,20.18
721,1377606248,20.19
721,1377606253,20.2
721,1377606258,20.19
721,1377606263,20.19
721,1377606268,20.19
721,1377606273,20.19
721,1377606278,20.2
721,1377606283,20.2
721,1377606288,20.2
721,1377606293,20.2
721,1377606298,20.2
721,1377606303,20.19
721,1377606308,20.2
721,1377606313,20.2
721,1377606318,20.21
721,1377606323,20.2
721,1377606328,20.19
721,1377606333,20.19
721,1377606338,20.2
721,1377606343,20.2
721,1377606348,20.2
721,1377606353,20.2
721,1377606358,20.19
721,1377606363,20.2
721,1377606368,20.2
721,1377606377,20.2
721,1377606378,20.2
721,1377606383,20.2
721,1377606388,20.19
721,1377606393,20.19
721,1377606398,20.19
721,1377606403,20.18
721,1377606408,20.2
721,1377606413,20.2
721,1377606418,20.2
721,1377606423,20.2
721,1377606428,20.19
721,1377606433,20.19
721,1377606438,20.2
721,1377606443,20.2
721,1377606448,20.2
721,1377606453,20.2
721,1377606458,20.2
721,1377606463,20.19
721,1377606468,20.2
721,1377606473,20.2
721,1377606478,20.2
721,1377606483,20.2
721,1377606488,20.2
721,1377606493,20.18
721,1377606498,20.2
721,1377606503,20.18
721,1377606508,20.2
721,1377606513,20.19
721,1377606518,20.2
721,1377606523,20.2
721,1377606528,20.2
721,1377606533,20.2
721,1377606538,20.2
721,1377606543,20.2
721,1377606548,20.2
721,1377606553,20.19
721,1377606558,20.18
721,1377606563,20.2
721,1377606568,20.19
721,1377606573,20.2
721,1377606578,20.2
721,1377606583,20.2
721,1377606588,20.2
721,1377606593,20.19
721,1377606598,20.2
721,1377606603,20.2
721,1377606608,20.2
721,1377606613,20.2
721,1377606618,20.2
721,1377606623,20.2
721,1377606628,20.2
721,1377606633,20.2
721,1377606638,20.2
721,1377606643,20.2
721,1377606648,20.2
721,1377606653,20.2
721,1377606658,20.2
721,1377606663,20.2
721,1377606668,20.19
721,1377606673,20.2
721,1377606678,20.2
721,1377606683,20.21
721,1377606688,20.2
721,1377606693,20.2
721,1377606698,20.19
721,1377606703,20.2
721,1377606708,20.2
721,1377606713,20.2
721,1377606718,20.19
721,1377606723,20.2
721,1377606728,20.2
721,1377606733,20.2
721,1377606738,20.2
721,1377606743,20.2
721,1377606748,20.19
721,1377606753,20.19
721,1377606758,20.19
721,1377606763,20.19
721,1377606768,20.18
721,1377606773,20.2
721,1377606778,20.19
721,1377606783,20.2
721,1377606788,20.2
721,1377606793,20.2
721,1377606798,20.2
721,1377606803,20.2
721,1377606808,20.22
721,1377606813,20.2
721,1377606818,20.2
721,1377606823,20.2
721,1377606828,20.19
721,1377606833,20.2
721,1377606838,20.2
721,1377606843,20.2
721,1377606848,20.2
721,1377606853,20.21
721,1377606858,20.2
721,1377606863,20.19
721,1377606868,20.2
721,1377606873,20.21
721,1377606878,20.2
721,1377606883,20.19
721,1377606888,20.2
721,1377606893,20.2
721,1377606898,20.21
721,1377606903,20.2
721,1377606908,20.22
721,1377606913,20.2
721,1377606918,20.19
721,1377606923,20.2
721,1377606928,20.2
721,1377606933,20.2
721,1377606938,20.2
721,1377606943,20.2
721,1377606948,20.22
721,1377606953,20.2
721,1377606958,20.2
721,1377606963,20.2
721,1377606968,20.2
721,1377606973,20.2
721,1377606978,20.2
721,1377606983,20.19
721,1377606988,20.2
721,1377606993,20.19
721,1377606998,20.2
721,1377607003,20.2
721,1377607008,20.19
721,1377607013,20.2
721,1377607018,20.2
721,1377607023,20.2
721,1377607028,20.2
721,1377607033,20.2
721,1377607038,20.2
721,1377607043,20.19
721,1377607048,20.2
721,1377607053,20.2
721,1377607058,20.2
721,1377607063,20.2
721,1377607068,20.2
721,1377607073,20.2
721,1377607078,20.2
721,1377607083,20.2
721,1377607088,20.18
721,1377607093,20.21
721,1377607098,20.2
721,1377607103,20.2
721,1377607108,20.19
721,1377607113,20.2
721,1377607118,20.2
721,1377607123,20.21
721,1377607128,20.2
721,1377607133,20.2
721,1377607138,20.21
721,1377607143,20.19
721,1377607148,20.2
721,1377607153,20.21
721,1377607158,20.2
721,1377607163,20.2
721,1377607168,20.21
721,1377607173,20.2
721,1377607178,20.2
721,1377607183,20.2
721,1377607188,20.2
721,1377607193,20.2
721,1377607198,20.2
721,1377607203,20.2
721,1377607208,20.2
721,1377607213,20.2
721,1377607218,20.19
721,1377607226,20.2
721,1377607228,20.2
721,1377607233,20.2
721,1377607238,20.21
721,1377607243,20.2
721,1377607248,20.2
721,1377607253,20.2
721,1377607258,20.2
721,1377607263,20.22
721,1377607268,20.2
721,1377607273,20.21
721,1377607278,20.21
721,1377607283,20.2
721,1377607288,20.21
721,1377607293,20.21
721,1377607298,20.22
721,1377607303,20.21
721,1377607308,20.21
721,1377607313,20.22
721,1377607318,20.21
721,1377607323,20.21
721,1377607328,20.21
721,1377607333,20.21
721,1377607338,20.2
721,1377607343,20.21
721,1377607348,20.2
721,1377607353,20.2
721,1377607358,20.2
721,1377607363,20.2
721,1377607368,20.22
721,1377607373,20.2
721,1377607378,20.21
721,1377607383,20.2
721,1377607388,20.22
721,1377607393,20.2
721,1377607398,20.22
721,1377607403,20.2
721,1377607408,20.21
721,1377607413,20.22
721,1377607418,20.21
721,1377607423,20.22
721,1377607428,20.21
721,1377607433,20.22
721,1377607438,20.21
721,1377607443,20.2
721,1377607448,20.22
721,1377607453,20.22
721,1377607458,20.21
721,1377607463,20.22
721,1377607468,20.21
721,1377607473,20.22
721,1377607478,20.2
721,1377607483,20.22
721,1377607488,20.21
721,1377607493,20.21
721,1377607498,20.21
721,1377607503,20.21
721,1377607508,20.22
721,1377607513,20.22
721,1377607518,20.21
721,1377607523,20.2
721,1377607528,20.22
721,1377607533,20.22
721,1377607538,20.22
721,1377607543,20.22
721,1377607548,20.22
721,1377607553,20.22
721,1377607558,20.21
721,1377607563,20.23
721,1377607568,20.21
721,1377607573,20.21
721,1377607578,20.22
721,1377607583,20.22
721,1377607588,20.21
721,1377607593,20.22
721,1377607598,20.22
721,1377607603,20.21
721,1377607608,20.21
721,1377607613,20.22
721,1377607618,20.23
721,1377607623,20.21
721,1377607628,20.22
721,1377607633,20.21
721,1377607638,20.21
721,1377607643,20.21
721,1377607648,20.21
721,1377607653,20.22
721,1377607658,20.22
721,1377607663,20.21
721,1377607668,20.2
721,1377607673,20.22
721,1377607678,20.22
721,1377607683,20.21
721,1377607688,20.22
721,1377607693,20.22
721,1377607698,20.22
721,1377607703,20.22
721,1377607708,20.22
721,1377607713,20.22
721,1377607718,20.22
721,1377607723,20.22
721,1377607728,20.21
721,1377607733,20.22
721,1377607738,20.23
721,1377607743,20.22
721,1377607748,20.22
721,1377607753,20.22
721,1377607758,20.23
721,1377607763,20.23
721,1377607768,20.22
721,1377607773,20.23
721,1377607778,20.22
721,1377607783,20.23
721,1377607788,20.23
721,1377607793,20.22
721,1377607798,20.24
721,1377607803,20.24
721,1377607808,20.23
721,1377607813,20.23
721,1377607818,20.23
721,1377607823,20.23
721,1377607828,20.23
721,1377607833,20.24
721,1377607838,20.23
721,1377607843,20.23
721,1377607848,20.24
721,1377607853,20.24
721,1377607858,20.24
721,1377607863,20.23
721,1377607868,20.24
721,1377607873,20.24
721,1377607878,20.25
721,1377607883,20.24
721,1377607888,20.25
721,1377607893,20.23
721,1377607898,20.24
721,1377607903,20.24
721,1377607908,20.25
721,1377607913,20.24
721,1377607918,20.24
721,1377607923,20.25
721,1377607928,20.25
721,1377607933,20.26
721,1377607938,20.25
721,1377607943,20.26
721,1377607948,20.26
721,1377607953,20.26
721,1377607958,20.26
721,1377607963,20.26
721,1377607968,20.26
721,1377607973,20.26
721,1377607978,20.26
721,1377607983,20.25
721,1377607988,20.26
721,1377607993,20.26
721,1377607998,20.27
721,1377608003,20.27
721,1377608008,20.27
721,1377608013,20.27
721,1377608018,20.27
721,1377608023,20.27
721,1377608028,20.28
721,1377608033,20.27
721,1377608038,20.27
721,1377608043,20.28
721,1377608048,20.28
721,1377608053,20.28
721,1377608058,20.27
721,1377608063,20.28
721,1377608070,20.28
721,1377608073,20.28
721,1377608078,20.29
721,1377608083,20.28
721,1377608088,20.29
721,1377608093,20.28
721,1377608098,20.28
721,1377608103,20.29
721,1377608108,20.29
721,1377608113,20.29
721,1377608118,20.3
721,1377608123,20.3
721,1377608128,20.3
721,1377608133,20.3
721,1377608138,20.3
721,1377608143,20.29
721,1377608148,20.3
721,1377608153,20.31
721,1377608158,20.3
721,1377608163,20.3
721,1377608168,20.3
721,1377608173,20.31
721,1377608178,20.31
721,1377608183,20.3
721,1377608188,20.31
721,1377608193,20.31
721,1377608198,20.32
721,1377608203,20.33
721,1377608208,20.32
721,1377608213,20.31
721,1377608218,20.32
721,1377608223,20.33
721,1377608228,20.32
721,1377608233,20.31
721,1377608238,20.33
721,1377608243,20.32
721,1377608248,20.32
721,1377608253,20.34
721,1377608258,20.34
721,1377608263,20.32
721,1377608268,20.34
721,1377608273,20.33
721,1377608278,20.33
721,1377608283,20.33
721,1377608288,20.32
721,1377608293,20.34
721,1377608298,20.34
721,1377608303,20.35
721,1377608308,20.34
721,1377608313,20.34
721,1377608318,20.34
721,1377608323,20.33
721,1377608328,20.34
721,1377608333,20.34
721,1377608338,20.35
721,1377608343,20.34
721,1377608348,20.35
721,1377608353,20.34
721,1377608359,20.35
721,1377608363,20.34
721,1377608368,20.35
721,1377608373,20.34
721,1377608378,20.36
721,1377608383,20.36
721,1377608388,20.36
721,1377608393,20.36
721,1377608398,20.36
721,1377608403,20.36
721,1377608408,20.35
721,1377608413,20.36
721,1377608418,20.36
721,1377608423,20.36
721,1377608428,20.35
721,1377608433,20.36
721,1377608438,20.37
721,1377608443,20.37
721,1377608448,20.38
721,1377608453,20.37
721,1377608458,20.37
721,1377608463,20.37
721,1377608468,20.36
721,1377608473,20.38
721,1377608478,20.38
721,1377608483,20.37
721,1377608488,20.39
721,1377608493,20.38
721,1377608498,20.38
721,1377608503,20.38
721,1377608508,20.38
721,1377608513,20.39
721,1377608518,20.38
721,1377608523,20.38
721,1377608528,20.38
721,1377608533,20.38
721,1377608538,20.38
721,1377608543,20.38
721,1377608548,20.38
721,1377608553,20.38
721,1377608558,20.39
721,1377608563,20.39
721,1377608568,20.4
721,1377608573,20.38
721,1377608578,20.39
721,1377608583,20.39
721,1377608588,20.4
721,1377608593,20.38
721,1377608598,20.4
721,1377608603,20.38
721,1377608608,20.4
721,1377608613,20.4
721,1377608618,20.41
721,1377608623,20.4
721,1377608628,20.4
721,1377608633,20.4
721,1377608638,20.39
721,1377608643,20.4
721,1377608648,20.4
721,1377608653,20.4
721,1377608658,20.4
721,1377608663,20.41
721,1377608668,20.4
721,1377608673,20.4
721,1377608678,20.4
721,1377608683,20.4
721,1377608688,20.4
721,1377608693,20.4
721,1377608698,20.41
721,1377608703,20.42
721,1377608708,20.42
721,1377608713,20.41
721,1377608718,20.43
721,1377608723,20.42
721,1377608728,20.41
721,1377608733,20.42
721,1377608738,20.42
721,1377608743,20.41
721,1377608748,20.43
721,1377608753,20.41
721,1377608758,20.42
721,1377608763,20.42
721,1377608768,20.43
721,1377608773,20.42
721,1377608778,20.42
721,1377608783,20.42
721,1377608788,20.42
721,1377608793,20.41
721,1377608798,20.42
721,1377608803,20.43
721,1377608808,20.42
721,1377608813,20.43
721,1377608818,20.43
721,1377608823,20.42
721,1377608828,20.42
721,1377608833,20.42
721,1377608838,20.43
721,1377608843,20.43
721,1377608848,20.42
721,1377608853,20.44
721,1377608858,20.44
721,1377608863,20.44
721,1377608868,20.44
721,1377608873,20.44
721,1377608878,20.44
721,1377608883,20.44
721,1377608888,20.44
721,1377608893,20.45
721,1377608898,20.45
721,1377608903,20.44
721,1377608908,20.44
721,1377608913,20.45
721,1377608918,20.45
721,1377608925,20.47
721,1377608928,20.44
721,1377608933,20.44
721,1377608938,20.44
721,1377608943,20.44
721,1377608948,20.44
721,1377608953,20.44
721,1377608958,20.44
721,1377608963,20.45
721,1377608968,20.44
721,1377608973,20.44
721,1377608978,20.46
721,1377608983,20.44
721,1377608988,20.44
721,1377608993,20.45
721,1377608998,20.46
721,1377609003,20.45
721,1377609008,20.44
721,1377609013,20.46
721,1377609018,20.46
721,1377609023,20.46
721,1377609028,20.46
721,1377609033,20.45
721,1377609038,20.46
721,1377609043,20.45
721,1377609048,20.46
721,1377609053,20.46
721,1377609058,20.45
721,1377609063,20.47
721,1377609068,20.46
721,1377609073,20.45
721,1377609078,20.46
721,1377609083,20.47
721,1377609088,20.45
721,1377609093,20.46
721,1377609098,20.47
721,1377609103,20.46
721,1377609108,20.48
721,1377609113,20.47
721,1377609118,20.46
721,1377609123,20.47
721,1377609128,20.47
721,1377609133,20.48
721,1377609138,20.48
721,1377609143,20.48
721,1377609148,20.48
721,1377609153,20.48
721,1377609158,20.48
721,1377609163,20.48
721,1377609168,20.48
721,1377609173,20.48
721,1377609178,20.47
721,1377609183,20.48
721,1377609188,20.48
721,1377609193,20.46
721,1377609198,20.46
721,1377609203,20.47
721,1377609208,20.48
721,1377609213,20.48
721,1377609218,20.47
721,1377609223,20.48
721,1377609228,20.48
721,1377609233,20.48
721,1377609238,20.48
721,1377609243,20.49
721,1377609248,20.49
721,1377609253,20.48
721,1377609258,20.49
721,1377609263,20.5
721,1377609268,20.49
721,1377609273,20.48
721,1377609278,20.48
721,1377609283,20.48
721,1377609288,20.48
721,1377609293,20.5
721,1377609298,20.49
721,1377609303,20.48
721,1377609308,20.49
721,1377609313,20.49
721,1377609318,20.48
721,1377609323,20.5
721,1377609328,20.5
721,1377609333,20.49
721,1377609338,20.5
721,1377609343,20.5
721,1377609348,20.5
721,1377609353,20.5
721,1377609358,20.5
721,1377609363,20.48
721,1377609368,20.5
721,1377609373,20.5
721,1377609378,20.5
721,1377609383,20.5
721,1377609388,20.5
721,1377609393,20.5
721,1377609398,20.51
721,1377609403,20.5
721,1377609408,20.5
721,1377609413,20.5
721,1377609418,20.49
721,1377609423,20.5
721,1377609428,20.52
721,1377609433,20.5
721,1377609438,20.51
721,1377609443,20.51
721,1377609448,20.52
721,1377609453,20.51
721,1377609458,20.52
721,1377609463,20.52
721,1377609468,20.51
721,1377609473,20.51
721,1377609478,20.5
721,1377609483,20.51
721,1377609488,20.52
721,1377609493,20.52
721,1377609498,20.52
721,1377609503,20.52
721,1377609508,20.52
721,1377609513,20.52
721,1377609518,20.52
721,1377609523,20.52
721,1377609528,20.52
721,1377609533,20.53
721,1377609538,20.52
721,1377609543,20.53
721,1377609548,20.53
721,1377609553,20.52
721,1377609558,20.52
721,1377609563,20.52
721,1377609568,20.53
721,1377609573,20.52
721,1377609578,20.53
721,1377609583,20.53
721,1377609588,20.53
721,1377609593,20.53
721,1377609598,20.53
721,1377609603,20.53
721,1377609608,20.52
721,1377609613,20.54
721,1377609618,20.54
721,1377609623,20.53
721,1377609628,20.54
721,1377609633,20.53
721,1377609638,20.54
721,1377609643,20.54
721,1377609648,20.55
721,1377609653,20.54
721,1377609658,20.54
721,1377609663,20.53
721,1377609668,20.54
721,1377609673,20.54
721,1377609678,20.53
721,1377609683,20.54
721,1377609688,20.53
721,1377609693,20.55
721,1377609698,20.55
721,1377609703,20.55
721,1377609708,20.54
721,1377609713,20.56
721,1377609718,20.56
721,1377609723,20.55
721,1377609728,20.55
721,1377609733,20.54
721,1377609738,20.54
721,1377609743,20.54
721,1377609748,20.55
721,1377609758,20.55
721,1377609763,20.56
721,1377609768,20.56
721,1377609773,20.55
721,1377609778,20.56
721,1377609783,20.56
721,1377609788,20.56
721,1377609793,20.56
721,1377609798,20.56
721,1377609803,20.57
721,1377609808,20.57
721,1377609813,20.56
721,1377609818,20.56
721,1377609823,20.57
721,1377609828,20.56
721,1377609833,20.56
721,1377609838,20.56
721,1377609843,20.56
721,1377609848,20.56
721,1377609853,20.57
721,1377609858,20.57
721,1377609863,20.56
721,1377609868,20.57
721,1377609873,20.58
721,1377609878,20.58
721,1377609883,20.57
721,1377609888,20.56
721,1377609893,20.58
721,1377609898,20.57
721,1377609903,20.57
721,1377609908,20.57
721,1377609913,20.58
721,1377609918,20.58
721,1377609923,20.58
721,1377609928,20.57
721,1377609933,20.58
721,1377609938,20.58
721,1377609943,20.58
721,1377609948,20.57
721,1377609953,20.59
721,1377609958,20.59
721,1377609963,20.58
721,1377609968,20.58
721,1377609973,20.58
721,1377609978,20.58
721,1377609983,20.58
721,1377609988,20.58
721,1377609993,20.59
721,1377609998,20.6
721,1377610003,20.58
721,1377610008,20.58
721,1377610013,20.6
721,1377610018,20.59
721,1377610023,20.58
721,1377610028,20.6
721,1377610033,20.59
721,1377610038,20.6
721,1377610043,20.59
721,1377610048,20.59
721,1377610053,20.6
721,1377610058,20.59
721,1377610063,20.6
721,1377610068,20.59
721,1377610073,20.59
721,1377610078,20.59
721,1377610083,20.59
721,1377610088,20.6
721,1377610093,20.6
721,1377610098,20.59
721,1377610103,20.59
721,1377610108,20.6
721,1377610113,20.6
721,1377610118,20.6
721,1377610123,20.6
721,1377610128,20.59
721,1377610133,20.59
721,1377610138,20.59
721,1377610143,20.6
721,1377610148,20.6
721,1377610153,20.6
721,1377610158,20.6
721,1377610163,20.6
721,1377610168,20.6
721,1377610173,20.6
721,1377610178,20.61
721,1377610183,20.6
721,1377610188,20.61
721,1377610193,20.61
721,1377610198,20.6
721,1377610203,20.61
721,1377610208,20.6
721,1377610213,20.59
721,1377610218,20.62
721,1377610223,20.61
721,1377610228,20.61
721,1377610233,20.6
721,1377610238,20.61
721,1377610243,20.61
721,1377610248,20.61
721,1377610253,20.62
721,1377610258,20.6
721,1377610263,20.61
721,1377610268,20.62
721,1377610273,20.62
721,1377610278,20.62
721,1377610283,20.62
721,1377610288,20.63
721,1377610293,20.62
721,1377610298,20.62
721,1377610303,20.62
721,1377610308,20.62
721,1377610313,20.62
721,1377610318,20.62
721,1377610323,20.62
721,1377610328,20.63
721,1377610333,20.63
721,1377610338,20.63
721,1377610343,20.62
721,1377610348,20.63
721,1377610353,20.63
721,1377610358,20.64
721,1377610363,20.63
721,1377610368,20.64
721,1377610373,20.62
721,1377610378,20.63
721,1377610383,20.62
721,1377610388,20.63
721,1377610393,20.63
721,1377610398,20.63
721,1377610403,20.63
721,1377610408,20.63
721,1377610413,20.63
721,1377610418,20.64
721,1377610423,20.63
721,1377610428,20.63
721,1377610433,20.64
721,1377610438,20.64
721,1377610443,20.63
721,1377610448,20.64
721,1377610453,20.64
721,1377610458,20.64
721,1377610463,20.63
721,1377610468,20.65
721,1377610473,20.64
721,1377610478,20.64
721,1377610483,20.63
721,1377610488,20.64
721,1377610493,20.64
721,1377610498,20.64
721,1377610503,20.64
721,1377610508,20.64
721,1377610513,20.64
721,1377610518,20.64
721,1377610523,20.66
721,1377610528,20.64
721,1377610533,20.64
721,1377610538,20.65
721,1377610543,20.66
721,1377610548,20.64
721,1377610553,20.65
721,1377610558,20.64
721,1377610563,20.65
721,1377610568,20.65
721,1377610573,20.65
721,1377610578,20.65
721,1377610587,20.65
721,1377610588,20.66
721,1377610593,20.66
721,1377610598,20.66
721,1377610603,20.64
721,1377610608,20.64
721,1377610613,20.66
721,1377610618,20.66
721,1377610623,20.66
721,1377610628,20.66
721,1377610633,20.65
721,1377610638,20.67
721,1377610643,20.66
721,1377610648,20.67
721,1377610653,20.66
721,1377610658,20.65
721,1377610663,20.67
721,1377610668,20.67
721,1377610673,20.68
721,1377610678,20.66
721,1377610683,20.67
721,1377610688,20.68
721,1377610693,20.67
721,1377610698,20.66
721,1377610703,20.67
721,1377610708,20.68
721,1377610713,20.66
721,1377610718,20.67
721,1377610723,20.68
721,1377610728,20.67
721,1377610733,20.67
721,1377610738,20.67
721,1377610743,20.67
721,1377610748,20.67
721,1377610753,20.68
721,1377610758,20.67
721,1377610763,20.68
721,1377610768,20.67
721,1377610773,20.66
721,1377610778,20.67
721,1377610783,20.68
721,1377610788,20.67
721,1377610793,20.67
721,1377610798,20.67
721,1377610803,20.67
721,1377610808,20.68
721,1377610813,20.68
721,1377610818,20.68
721,1377610823,20.68
721,1377610828,20.67
721,1377610833,20.68
721,1377610838,20.68
721,1377610843,20.68
721,1377610848,20.68
721,1377610853,20.68
721,1377610858,20.68
721,1377610863,20.68
721,1377610868,20.68
721,1377610873,20.69
721,1377610878,20.68
721,1377610883,20.69
721,1377610888,20.68
721,1377610893,20.68
721,1377610898,20.68
721,1377610903,20.69
721,1377610908,20.69
721,1377610913,20.68
721,1377610918,20.69
721,1377610923,20.69
721,1377610928,20.68
721,1377610933,20.68
721,1377610938,20.68
721,1377610943,20.68
721,1377610948,20.68
721,1377610953,20.69
721,1377610958,20.69
721,1377610963,20.69
721,1377610968,20.69
721,1377610973,20.68
721,1377610978,20.7
721,1377610983,20.69
721,1377610988,20.7
721,1377610993,20.7
721,1377610998,20.69
721,1377611003,20.69
721,1377611008,20.7
721,1377611013,20.7
721,1377611018,20.68
721,1377611023,20.69
721,1377611028,20.69
721,1377611033,20.69
721,1377611038,20.69
721,1377611043,20.69
721,1377611048,20.7
721,1377611053,20.7
721,1377611058,20.69
721,1377611063,20.7
721,1377611068,20.7
721,1377611073,20.7
721,1377611078,20.7
721,1377611083,20.71
721,1377611088,20.7
721,1377611093,20.7
721,1377611098,20.7
721,1377611103,20.7
721,1377611108,20.7
721,1377611113,20.7
721,1377611118,20.69
721,1377611123,20.71
721,1377611128,20.71
721,1377611133,20.7
721,1377611138,20.72
721,1377611143,20.72
721,1377611148,20.71
721,1377611153,20.7
721,1377611158,20.7
721,1377611163,20.71
721,1377611168,20.72
721,1377611173,20.72
721,1377611178,20.72
721,1377611183,20.71
721,1377611188,20.7
721,1377611193,20.71
721,1377611198,20.72
721,1377611203,20.71
721,1377611208,20.71
721,1377611213,20.71
721,1377611218,20.7
721,1377611223,20.72
721,1377611228,20.71
721,1377611233,20.71
721,1377611238,20.71
721,1377611243,20.72
721,1377611248,20.73
721,1377611253,20.72
721,1377611258,20.72
721,1377611263,20.72
721,1377611268,20.72
721,1377611273,20.72
721,1377611278,20.72
721,1377611283,20.71
721,1377611288,20.72
721,1377611293,20.72
721,1377611298,20.72
721,1377611303,20.72
721,1377611308,20.71
721,1377611313,20.72
721,1377611318,20.72
721,1377611323,20.72
721,1377611328,20.73
721,1377611333,20.73
721,1377611338,20.73
721,1377611343,20.73
721,1377611348,20.72
721,1377611353,20.74
721,1377611358,20.72
721,1377611363,20.74
721,1377611368,20.72
721,1377611373,20.74
721,1377611380,20.73
721,1377611383,20.74
721,1377611388,20.73
721,1377611393,20.72
721,1377611398,20.73
721,1377611403,20.73
721,1377611408,20.74
721,1377611413,20.74
721,1377611418,20.73
721,1377611423,20.74
721,1377611428,20.74
721,1377611433,20.74
721,1377611438,20.74
721,1377611443,20.74
721,1377611448,20.74
721,1377611453,20.74
721,1377611458,20.74
721,1377611463,20.74
721,1377611468,20.74
721,1377611473,20.74
721,1377611478,20.73
721,1377611483,20.74
721,1377611488,20.74
721,1377611493,20.74
721,1377611498,20.74
721,1377611503,20.75
721,1377611508,20.74
721,1377611513,20.74
721,1377611518,20.75
721,1377611523,20.74
721,1377611528,20.75
721,1377611533,20.75
721,1377611538,20.76
721,1377611543,20.76
721,1377611548,20.76
721,1377611553,20.75
721,1377611558,20.76
721,1377611563,20.75
721,1377611568,20.74
721,1377611573,20.75
721,1377611578,20.76
721,1377611583,20.75
721,1377611588,20.76
721,1377611593,20.76
721,1377611598,20.76
721,1377611603,20.76
721,1377611608,20.76
721,1377611613,20.76
721,1377611618,20.76
721,1377611623,20.76
721,1377611628,20.76
721,1377611633,20.77
721,1377611638,20.76
721,1377611643,20.76
721,1377611648,20.77
721,1377611653,20.77
721,1377611658,20.76
721,1377611663,20.76
721,1377611668,20.76
721,1377611673,20.76
721,1377611678,20.77
721,1377611683,20.77
721,1377611688,20.76
721,1377611693,20.76
721,1377611698,20.76
721,1377611703,20.76
721,1377611708,20.77
721,1377611713,20.76
721,1377611718,20.78
721,1377611723,20.77
721,1377611728,20.77
721,1377611733,20.78
721,1377611738,20.77
721,1377611743,20.76
721,1377611748,20.77
721,1377611753,20.76
721,1377611758,20.78
721,1377611763,20.77
721,1377611768,20.77
721,1377611773,20.76
721,1377611778,20.77
721,1377611783,20.78
721,1377611788,20.78
721,1377611793,20.76
721,1377611798,20.77
721,1377611803,20.78
721,1377611808,20.78
721,1377611813,20.78
721,1377611818,20.79
721,1377611823,20.78
721,1377611828,20.78
721,1377611833,20.78
721,1377611838,20.78
721,1377611843,20.78
721,1377611848,20.78
721,1377611853,20.8
721,1377611858,20.79
721,1377611863,20.79
721,1377611868,20.78
721,1377611873,20.78
721,1377611878,20.79
721,1377611883,20.79
721,1377611888,20.79
721,1377611893,20.8
721,1377611898,20.78
721,1377611903,20.79
721,1377611908,20.79
721,1377611913,20.8
721,1377611918,20.8
721,1377611923,20.79
721,1377611928,20.8
721,1377611933,20.8
721,1377611938,20.79
721,1377611943,20.8
721,1377611948,20.8
721,1377611953,20.8
721,1377611958,20.8
721,1377611963,20.8
721,1377611968,20.79
721,1377611973,20.8
721,1377611978,20.79
721,1377611983,20.79
721,1377611988,20.8
721,1377611993,20.8
721,1377611998,20.8
721,1377612003,20.8
721,1377612008,20.8
721,1377612013,20.81
721,1377612018,20.8
721,1377612023,20.8
721,1377612028,20.8
721,1377612033,20.79
721,1377612038,20.8
721,1377612043,20.8
721,1377612048,20.81
721,1377612053,20.81
721,1377612058,20.81
721,1377612063,20.8
721,1377612068,20.82
721,1377612073,20.8
721,1377612078,20.8
721,1377612083,20.8
721,1377612088,20.8
721,1377612093,20.8
721,1377612098,20.81
721,1377612103,20.8
721,1377612108,20.8
721,1377612113,20.8
721,1377612118,20.8
721,1377612123,20.8
721,1377612128,20.81
721,1377612137,20.8
721,1377612138,20.8
721,1377612143,20.8
721,1377612148,20.8
721,1377612153,20.8
721,1377612158,20.8
721,1377612163,20.81
721,1377612168,20.81
721,1377612173,20.8
721,1377612178,20.81
721,1377612183,20.8
721,1377612188,20.8
721,1377612193,20.81
721,1377612198,20.8
721,1377612203,20.8
721,1377612208,20.8
721,1377612213,20.8
721,1377612218,20.8
721,1377612223,20.79
721,1377612228,20.8
721,1377612233,20.8
721,1377612238,20.79
721,1377612243,20.8
721,1377612248,20.8
721,1377612253,20.79
721,1377612258,20.78
721,1377612263,20.79
721,1377612268,20.8
721,1377612273,20.79
721,1377612278,20.79
721,1377612283,20.8
721,1377612288,20.8
721,1377612293,20.79
721,1377612298,20.77
721,1377612303,20.79
721,1377612308,20.79
721,1377612313,20.78
721,1377612318,20.79
721,1377612323,20.79
721,1377612328,20.78
721,1377612333,20.79
721,1377612338,20.78
721,1377612343,20.78
721,1377612348,20.78
721,1377612353,20.78
721,1377612358,20.79
721,1377612363,20.78
721,1377612368,20.79
721,1377612373,20.78
721,1377612378,20.78
721,1377612383,20.78
721,1377612388,20.78
721,1377612393,20.78
721,1377612398,20.79
721,1377612403,20.78
721,1377612408,20.78
721,1377612413,20.78
721,1377612418,20.78
721,1377612423,20.78
721,1377612428,20.78
721,1377612433,20.79
721,1377612438,20.78
721,1377612443,20.78
721,1377612448,20.78
721,1377612453,20.78
721,1377612458,20.77
721,1377612463,20.77
721,1377612468,20.78
721,1377612473,20.76
721,1377612478,20.77
721,1377612483,20.76
721,1377612488,20.77
721,1377612493,20.78
721,1377612498,20.77
721,1377612503,20.78
721,1377612508,20.78
721,1377612513,20.77
721,1377612518,20.77
721,1377612523,20.76
721,1377612528,20.77
721,1377612533,20.77
721,1377612538,20.76
721,1377612543,20.76
721,1377612548,20.76
721,1377612553,20.76
721,1377612558,20.77
721,1377612563,20.76
721,1377612568,20.77
721,1377612573,20.77
721,1377612578,20.77
721,1377612583,20.77
721,1377612588,20.77
721,1377612593,20.76
721,1377612598,20.77
721,1377612603,20.77
721,1377612608,20.76
721,1377612613,20.76
721,1377612618,20.76
721,1377612623,20.75
721,1377612628,20.76
721,1377612633,20.76
721,1377612638,20.76
721,1377612643,20.76
721,1377612648,20.76
721,1377612653,20.76
721,1377612658,20.75
721,1377612663,20.76
721,1377612668,20.76
721,1377612673,20.76
721,1377612678,20.76
721,1377612683,20.75
721,1377612688,20.76
721,1377612693,20.76
721,1377612698,20.75
721,1377612703,20.76
721,1377612708,20.76
721,1377612713,20.75
721,1377612718,20.74
721,1377612723,20.75
721,1377612728,20.74
721,1377612733,20.74
721,1377612738,20.74
721,1377612743,20.75
721,1377612748,20.75
721,1377612753,20.75
721,1377612758,20.75
721,1377612763,20.75
721,1377612768,20.75
721,1377612773,20.75
721,1377612778,20.74
721,1377612783,20.74
721,1377612788,20.74
721,1377612793,20.74
721,1377612798,20.75
721,1377612803,20.74
721,1377612808,20.74
721,1377612813,20.73
721,1377612818,20.74
721,1377612823,20.75
721,1377612828,20.74
721,1377612833,20.74
721,1377612838,20.73
721,1377612843,20.73
721,1377612848,20.74
721,1377612853,20.75
721,1377612858,20.74
721,1377612863,20.72
721,1377612868,20.73
721,1377612873,20.73
721,1377612878,20.73
721,1377612883,20.73
721,1377612888,20.74
721,1377612893,20.74
721,1377612898,20.73
721,1377612903,20.74
721,1377612908,20.73
721,1377612913,20.74
721,1377612918,20.72
721,1377612923,20.74
721,1377612928,20.73
721,1377612935,20.74
721,1377612938,20.74
721,1377612943,20.72
721,1377612948,20.72
721,1377612953,20.72
721,1377612958,20.73
721,1377612963,20.73
721,1377612968,20.73
721,1377612973,20.73
721,1377612978,20.72
721,1377612983,20.72
721,1377612988,20.72
721,1377612993,20.72
721,1377612998,20.72
721,1377613003,20.73
721,1377613008,20.72
721,1377613013,20.71
721,1377613018,20.72
721,1377613023,20.71
721,1377613028,20.72
721,1377613033,20.71
721,1377613038,20.71
721,1377613043,20.72
721,1377613048,20.72
721,1377613053,20.72
721,1377613058,20.72
721,1377613063,20.71
721,1377613068,20.72
721,1377613073,20.72
721,1377613078,20.72
721,1377613083,20.71
721,1377613088,20.72
721,1377613093,20.72
721,1377613098,20.72
721,1377613103,20.71
721,1377613108,20.72
721,1377613113,20.71
721,1377613118,20.71
721,1377613123,20.71
721,1377613128,20.71
721,1377613133,20.7
721,1377613138,20.7
721,1377613143,20.72
721,1377613148,20.72
721,1377613153,20.7
721,1377613158,20.71
721,1377613163,20.7
721,1377613168,20.71
721,1377613173,20.71
721,1377613178,20.7
721,1377613183,20.7
721,1377613188,20.71
721,1377613193,20.71
721,1377613198,20.71
721,1377613203,20.7
721,1377613208,20.7
721,1377613213,20.7
721,1377613218,20.7
721,1377613223,20.7
721,1377613228,20.7
721,1377613233,20.69
721,1377613238,20.69
721,1377613243,20.7
721,1377613248,20.7
721,1377613253,20.7
721,1377613258,20.69
721,1377613263,20.69
721,1377613268,20.7
721,1377613273,20.7
721,1377613278,20.69
721,1377613283,20.7
721,1377613288,20.68
721,1377613293,20.69
721,1377613298,20.7
721,1377613303,20.7
721,1377613308,20.69
721,1377613313,20.68
721,1377613318,20.69
721,1377613323,20.69
721,1377613328,20.69
721,1377613333,20.69
721,1377613338,20.68
721,1377613343,20.69
721,1377613348,20.69
721,1377613353,20.69
721,1377613358,20.68
721,1377613363,20.68
721,1377613368,20.68
721,1377613373,20.68
721,1377613378,20.69
721,1377613383,20.69
721,1377613388,20.69
721,1377613393,20.68
721,1377613398,20.68
721,1377613403,20.68
721,1377613408,20.68
721,1377613413,20.69
721,1377613418,20.68
721,1377613423,20.68
721,1377613428,20.68
721,1377613433,20.68
721,1377613438,20.68
721,1377613443,20.67
721,1377613448,20.69
721,1377613453,20.69
721,1377613458,20.68
721,1377613463,20.68
721,1377613468,20.68
721,1377613473,20.68
721,1377613478,20.67
721,1377613483,20.67
721,1377613488,20.68
721,1377613493,20.68
721,1377613498,20.67
721,1377613503,20.68
721,1377613508,20.68
721,1377613513,20.68
721,1377613518,20.68
721,1377613523,20.68
721,1377613528,20.67
721,1377613533,20.68
721,1377613538,20.67
721,1377613543,20.69
721,1377613548,20.68
721,1377613553,20.67
721,1377613558,20.66
721,1377613563,20.67
721,1377613568,20.66
721,1377613573,20.66
721,1377613578,20.68
721,1377613583,20.68
721,1377613588,20.67
721,1377613593,20.66
721,1377613598,20.67
721,1377613603,20.67
721,1377613608,20.67
721,1377613613,20.67
721,1377613618,20.67
721,1377613623,20.68
721,1377613628,20.66
721,1377613633,20.67
721,1377613638,20.67
721,1377613643,20.68
721,1377613648,20.67
721,1377613653,20.66
721,1377613658,20.66
721,1377613663,20.67
721,1377613668,20.68
721,1377613673,20.68
721,1377613678,20.67
721,1377613683,20.66
721,1377613688,20.66
721,1377613693,20.66
721,1377613698,20.67
721,1377613703,20.67
721,1377613708,20.67
721,1377613713,20.66
721,1377613718,20.67
721,1377613723,20.68
721,1377613728,20.67
721,1377613733,20.67
721,1377613738,20.67
721,1377613743,20.66
721,1377613748,20.66
721,1377613753,20.66
721,1377613758,20.66
721,1377613765,20.68
721,1377613768,20.67
721,1377613773,20.67
721,1377613778,20.66
721,1377613783,20.67
721,1377613788,20.66
721,1377613793,20.67
721,1377613798,20.67
721,1377613803,20.66
721,1377613808,20.66
721,1377613813,20.65
721,1377613818,20.67
721,1377613823,20.67
721,1377613828,20.66
721,1377613833,20.67
721,1377613838,20.66
721,1377613843,20.67
721,1377613848,20.66
721,1377613853,20.66
721,1377613858,20.67
721,1377613863,20.66
721,1377613868,20.66
721,1377613873,20.66
721,1377613878,20.66
721,1377613883,20.66
721,1377613888,20.67
721,1377613893,20.66
721,1377613898,20.66
721,1377613903,20.66
721,1377613908,20.66
721,1377613913,20.67
721,1377613918,20.67
721,1377613923,20.66
721,1377613928,20.68
721,1377613933,20.66
721,1377613938,20.66
721,1377613943,20.66
721,1377613948,20.66
721,1377613953,20.66
721,1377613958,20.66
721,1377613963,20.66
721,1377613968,20.66
721,1377613973,20.65
721,1377613978,20.66
721,1377613983,20.67
721,1377613988,20.66
721,1377613993,20.67
721,1377613998,20.66
721,1377614003,20.66
721,1377614008,20.66
721,1377614013,20.66
721,1377614018,20.66
721,1377614023,20.66
721,1377614028,20.66
721,1377614033,20.66
721,1377614038,20.65
721,1377614043,20.66
721,1377614048,20.66
721,1377614053,20.67
721,1377614058,20.66
721,1377614063,20.66
721,1377614068,20.66
721,1377614073,20.65
721,1377614078,20.65
721,1377614083,20.66
721,1377614088,20.66
721,1377614093,20.66
721,1377614098,20.66
721,1377614103,20.65
721,1377614108,20.66
721,1377614113,20.66
721,1377614118,20.66
721,1377614123,20.65
721,1377614128,20.66
721,1377614133,20.65
721,1377614138,20.66
721,1377614143,20.65
721,1377614148,20.65
721,1377614153,20.65
721,1377614158,20.65
721,1377614163,20.66
721,1377614168,20.66
721,1377614173,20.66
721,1377614178,20.66
721,1377614183,20.66
721,1377614188,20.66
721,1377614193,20.65
721,1377614198,20.66
721,1377614203,20.66
721,1377614208,20.66
721,1377614213,20.66
721,1377614218,20.64
721,1377614223,20.65
721,1377614228,20.65
721,1377614233,20.66
721,1377614238,20.65
721,1377614243,20.65
721,1377614248,20.65
721,1377614253,20.66
721,1377614258,20.66
721,1377614263,20.66
721,1377614268,20.65
721,1377614273,20.64
721,1377614278,20.65
721,1377614283,20.65
721,1377614288,20.65
721,1377614293,20.66
721,1377614298,20.64
721,1377614303,20.65
721,1377614308,20.64
721,1377614313,20.64
721,1377614318,20.64
721,1377614323,20.65
721,1377614328,20.65
721,1377614333,20.65
721,1377614338,20.65
721,1377614343,20.64
721,1377614348,20.64
721,1377614353,20.64
721,1377614358,20.65
721,1377614363,20.64
721,1377614368,20.64
721,1377614373,20.64
721,1377614378,20.64
721,1377614383,20.64
721,1377614388,20.64
721,1377614393,20.64
721,1377614398,20.64
721,1377614403,20.64
721,1377614408,20.64
721,1377614413,20.64
721,1377614418,20.64
721,1377614423,20.64
721,1377614428,20.64
721,1377614433,20.64
721,1377614438,20.63
721,1377614443,20.63
721,1377614448,20.64
721,1377614453,20.63
721,1377614458,20.65
721,1377614463,20.64
721,1377614468,20.64
721,1377614473,20.64
721,1377614478,20.64
721,1377614483,20.63
721,1377614488,20.64
721,1377614493,20.64
721,1377614498,20.64
721,1377614503,20.63
721,1377614508,20.63
721,1377614513,20.64
721,1377614518,20.64
721,1377614523,20.63
721,1377614528,20.63
721,1377614533,20.64
721,1377614538,20.64
721,1377614543,20.63
721,1377614548,20.64
721,1377614553,20.62
721,1377614558,20.62
721,1377614563,20.62
721,1377614568,20.63
721,1377614573,20.64
721,1377614578,20.62
721,1377614583,20.63
721,1377614588,20.63
721,1377614593,20.63
721,1377614598,20.63
721,1377614603,20.62
721,1377614608,20.63
721,1377614613,20.62
721,1377614618,20.64
721,1377614623,20.63
721,1377614630,20.62
721,1377614633,20.63
721,1377614638,20.62
721,1377614643,20.64
721,1377614648,20.64
721,1377614653,20.63
721,1377614658,20.64
721,1377614663,20.63
721,1377614668,20.63
721,1377614673,20.62
721,1377614678,20.64
721,1377614683,20.62
721,1377614688,20.62
721,1377614693,20.64
721,1377614698,20.62
721,1377614703,20.63
721,1377614708,20.62
721,1377614713,20.62
721,1377614719,20.62
721,1377614723,20.62
721,1377614728,20.63
721,1377614733,20.63
721,1377614738,20.63
721,1377614743,20.62
721,1377614748,20.62
721,1377614753,20.62
721,1377614758,20.63
721,1377614763,20.62
721,1377614768,20.62
721,1377614773,20.64
721,1377614778,20.62
721,1377614783,20.64
721,1377614788,20.62
721,1377614793,20.62
721,1377614798,20.63
721,1377614803,20.62
721,1377614808,20.63
721,1377614813,20.63
721,1377614818,20.62
721,1377614823,20.62
721,1377614828,20.62
721,1377614833,20.62
721,1377614838,20.61
721,1377614843,20.62
721,1377614848,20.62
721,1377614853,20.62
721,1377614858,20.62
721,1377614863,20.61
721,1377614868,20.62
721,1377614873,20.62
721,1377614878,20.62
721,1377614883,20.61
721,1377614888,20.62
721,1377614893,20.62
721,1377614898,20.62
721,1377614903,20.63
721,1377614908,20.62
721,1377614913,20.62
721,1377614918,20.61
721,1377614923,20.63
721,1377614928,20.62
721,1377614933,20.62
721,1377614938,20.62
721,1377614943,20.62
721,1377614948,20.62
721,1377614953,20.62
721,1377614958,20.62
721,1377614963,20.62
721,1377614968,20.61
721,1377614973,20.62
721,1377614978,20.62
721,1377614983,20.62
721,1377614988,20.62
721,1377614993,20.62
721,1377614998,20.62
721,1377615003,20.62
721,1377615008,20.61
721,1377615013,20.62
721,1377615018,20.62
721,1377615023,20.62
721,1377615028,20.63
721,1377615033,20.62
721,1377615038,20.63
721,1377615043,20.62
721,1377615048,20.62
721,1377615053,20.63
721,1377615058,20.61
721,1377615063,20.62
721,1377615068,20.63
721,1377615073,20.62
721,1377615078,20.61
721,1377615083,20.62
721,1377615088,20.62
721,1377615093,20.62
721,1377615098,20.62
721,1377615103,20.64
721,1377615108,20.62
721,1377615113,20.62
721,1377615118,20.62
721,1377615123,20.63
721,1377615128,20.62
721,1377615133,20.63
721,1377615138,20.64
721,1377615143,20.64
721,1377615148,20.63
721,1377615153,20.64
721,1377615158,20.63
721,1377615163,20.63
721,1377615168,20.63
721,1377615173,20.64
721,1377615178,20.63
721,1377615183,20.63
721,1377615188,20.63
721,1377615193,20.63
721,1377615198,20.63
721,1377615203,20.63
721,1377615208,20.63
721,1377615213,20.64
721,1377615218,20.64
721,1377615223,20.64
721,1377615228,20.65
721,1377615233,20.64
721,1377615238,20.62
721,1377615243,20.63
721,1377615248,20.63
721,1377615253,20.63
721,1377615258,20.63
721,1377615263,20.63
721,1377615268,20.63
721,1377615273,20.63
721,1377615278,20.63
721,1377615283,20.63
721,1377615288,20.63
721,1377615293,20.64
721,1377615298,20.62
721,1377615303,20.64
721,1377615308,20.62
721,1377615313,20.63
721,1377615318,20.62
721,1377615323,20.62
721,1377615328,20.64
721,1377615333,20.63
721,1377615338,20.64
721,1377615343,20.64
721,1377615348,20.63
721,1377615353,20.62
721,1377615358,20.62
721,1377615363,20.63
721,1377615368,20.64
721,1377615373,20.62
721,1377615378,20.63
721,1377615383,20.63
721,1377615388,20.64
721,1377615393,20.62
721,1377615398,20.63
721,1377615403,20.62
721,1377615408,20.63
721,1377615413,20.63
721,1377615418,20.63
721,1377615423,20.63
721,1377615428,20.62
721,1377615433,20.63
721,1377615438,20.63
721,1377615443,20.63
721,1377615453,20.63
721,1377615458,20.64
721,1377615463,20.63
721,1377615468,20.64
721,1377615473,20.63
721,1377615478,20.64
721,1377615483,20.64
721,1377615488,20.63
721,1377615493,20.63
721,1377615498,20.62
721,1377615503,20.62
721,1377615508,20.64
721,1377615513,20.62
721,1377615518,20.63
721,1377615523,20.64
721,1377615528,20.63
721,1377615533,20.62
721,1377615538,20.63
721,1377615543,20.63
721,1377615548,20.64
721,1377615553,20.62
721,1377615558,20.64
721,1377615563,20.63
721,1377615568,20.62
721,1377615573,20.62
721,1377615578,20.62
721,1377615583,20.62
721,1377615588,20.63
721,1377615593,20.64
721,1377615598,20.64
721,1377615603,20.62
721,1377615608,20.64
721,1377615613,20.62
721,1377615618,20.64
721,1377615623,20.62
721,1377615628,20.63
721,1377615633,20.62
721,1377615638,20.64
721,1377615643,20.62
721,1377615648,20.62
721,1377615653,20.64
721,1377615658,20.64
721,1377615663,20.63
721,1377615668,20.63
721,1377615673,20.62
721,1377615678,20.63
721,1377615683,20.63
721,1377615688,20.64
721,1377615693,20.64
721,1377615698,20.63
721,1377615703,20.62
721,1377615708,20.64
721,1377615713,20.63
721,1377615718,20.62
721,1377615723,20.63
721,1377615728,20.63
721,1377615733,20.64
721,1377615738,20.63
721,1377615743,20.62
721,1377615748,20.62
721,1377615753,20.64
721,1377615758,20.64
721,1377615763,20.64
721,1377615768,20.63
721,1377615773,20.64
721,1377615778,20.64
721,1377615783,20.63
721,1377615788,20.63
721,1377615793,20.63
721,1377615798,20.63
721,1377615803,20.62
721,1377615808,20.62
721,1377615813,20.62
721,1377615818,20.63
721,1377615823,20.63
721,1377615828,20.62
721,1377615833,20.62
721,1377615838,20.62
721,1377615843,20.63
721,1377615848,20.63
721,1377615853,20.63
721,1377615858,20.63
721,1377615863,20.63
721,1377615868,20.63
721,1377615873,20.63
721,1377615878,20.63
721,1377615883,20.63
721,1377615888,20.63
721,1377615893,20.63
721,1377615898,20.63
721,1377615903,20.62
721,1377615908,20.63
721,1377615913,20.63
721,1377615918,20.64
721,1377615923,20.63
721,1377615928,20.64
721,1377615933,20.63
721,1377615938,20.63
721,1377615943,20.63
721,1377615948,20.64
721,1377615953,20.63
721,1377615958,20.63
721,1377615963,20.62
721,1377615968,20.62
721,1377615973,20.62
721,1377615978,20.62
721,1377615983,20.64
721,1377615988,20.62
721,1377615993,20.63
721,1377615998,20.64
721,1377616003,20.63
721,1377616008,20.63
721,1377616013,20.63
721,1377616018,20.63
721,1377616023,20.62
721,1377616028,20.63
721,1377616033,20.63
721,1377616038,20.62
721,1377616043,20.64
721,1377616048,20.63
721,1377616053,20.63
721,1377616058,20.63
721,1377616063,20.63
721,1377616068,20.63
721,1377616073,20.62
721,1377616078,20.63
721,1377616083,20.64
721,1377616088,20.64
721,1377616093,20.63
721,1377616098,20.63
721,1377616103,20.63
721,1377616108,20.63
721,1377616113,20.62
721,1377616118,20.63
721,1377616123,20.63
721,1377616128,20.64
721,1377616133,20.63
721,1377616138,20.63
721,1377616143,20.63
721,1377616148,20.63
721,1377616153,20.63
721,1377616158,20.62
721,1377616163,20.62
721,1377616168,20.64
721,1377616173,20.62
721,1377616178,20.64
721,1377616183,20.63
721,1377616188,20.63
721,1377616193,20.63
721,1377616198,20.63
721,1377616203,20.63
721,1377616208,20.63
721,1377616213,20.63
721,1377616218,20.64
721,1377616223,20.63
721,1377616228,20.63
721,1377616233,20.64
721,1377616238,20.63
721,1377616243,20.64
721,1377616248,20.62
721,1377616253,20.64
721,1377616258,20.62
721,1377616263,20.64
721,1377616268,20.62
721,1377616273,20.62
721,1377616278,20.62
721,1377616283,20.63
721,1377616290,20.62
721,1377616293,20.63
721,1377616298,20.63
721,1377616303,20.63
721,1377616308,20.64
721,1377616313,20.63
721,1377616318,20.62
721,1377616323,20.62
721,1377616328,20.62
721,1377616333,20.63
721,1377616338,20.62
721,1377616343,20.63
721,1377616348,20.63
721,1377616353,20.62
721,1377616358,20.62
721,1377616363,20.63
721,1377616368,20.62
721,1377616373,20.64
721,1377616378,20.62
721,1377616383,20.62
721,1377616388,20.63
721,1377616393,20.62
721,1377616398,20.63
721,1377616403,20.64
721,1377616408,20.62
721,1377616413,20.64
721,1377616418,20.63
721,1377616423,20.63
721,1377616428,20.62
721,1377616433,20.62
721,1377616438,20.63
721,1377616443,20.64
721,1377616448,20.63
721,1377616453,20.63
721,1377616458,20.64
721,1377616463,20.64
721,1377616468,20.64
721,1377616473,20.63
721,1377616478,20.64
721,1377616483,20.64
721,1377616488,20.62
721,1377616493,20.63
721,1377616498,20.63
721,1377616503,20.63
721,1377616508,20.64
721,1377616513,20.63
721,1377616518,20.63
721,1377616523,20.63
721,1377616528,20.64
721,1377616533,20.62
721,1377616538,20.64
721,1377616543,20.64
721,1377616548,20.63
721,1377616553,20.63
721,1377616558,20.63
721,1377616563,20.63
721,1377616568,20.64
721,1377616573,20.64
721,1377616578,20.64
721,1377616583,20.64
721,1377616588,20.64
721,1377616593,20.64
721,1377616598,20.64
721,1377616603,20.63
721,1377616608,20.62
721,1377616613,20.64
721,1377616618,20.64
721,1377616623,20.63
721,1377616628,20.64
721,1377616633,20.63
721,1377616638,20.63
721,1377616643,20.64
721,1377616648,20.64
721,1377616653,20.62
721,1377616658,20.63
721,1377616663,20.63
721,1377616668,20.63
721,1377616673,20.62
721,1377616678,20.62
721,1377616683,20.63
721,1377616688,20.63
721,1377616693,20.63
721,1377616698,20.62
721,1377616703,20.64
721,1377616708,20.64
721,1377616713,20.63
721,1377616718,20.63
721,1377616723,20.63
721,1377616728,20.64
721,1377616733,20.64
721,1377616738,20.64
721,1377616743,20.64
721,1377616748,20.64
721,1377616753,20.63
721,1377616758,20.63
721,1377616763,20.64
721,1377616768,20.64
721,1377616773,20.64
721,1377616778,20.64
721,1377616783,20.62
721,1377616788,20.64
721,1377616793,20.64
721,1377616798,20.64
721,1377616803,20.64
721,1377616808,20.64
721,1377616813,20.63
721,1377616818,20.64
721,1377616823,20.63
721,1377616828,20.64
721,1377616833,20.64
721,1377616838,20.64
721,1377616843,20.64
721,1377616848,20.64
721,1377616853,20.64
721,1377616858,20.63
721,1377616863,20.63
721,1377616868,20.63
721,1377616873,20.64
721,1377616878,20.64
721,1377616883,20.64
721,1377616888,20.64
721,1377616893,20.63
721,1377616898,20.64
721,1377616903,20.65
721,1377616908,20.63
721,1377616913,20.63
721,1377616918,20.64
721,1377616923,20.63
721,1377616928,20.64
721,1377616933,20.62
721,1377616938,20.64
721,1377616943,20.63
721,1377616948,20.64
721,1377616953,20.64
721,1377616958,20.64
721,1377616963,20.64
721,1377616968,20.63
721,1377616973,20.64
721,1377616978,20.63
721,1377616983,20.64
721,1377616988,20.63
721,1377616993,20.64
721,1377616998,20.63
721,1377617003,20.64
721,1377617008,20.64
721,1377617013,20.64
721,1377617018,20.64
721,1377617023,20.64
721,1377617028,20.62
721,1377617033,20.64
721,1377617038,20.63
721,1377617043,20.64
721,1377617048,20.64
721,1377617053,20.64
721,1377617058,20.64
721,1377617063,20.64
721,1377617068,20.64
721,1377617073,20.64
721,1377617078,20.64
721,1377617083,20.64
721,1377617088,20.64
721,1377617093,20.65
721,1377617098,20.65
721,1377617107,20.64
721,1377617108,20.64
721,1377617113,20.64
721,1377617118,20.63
721,1377617123,20.62
721,1377617128,20.64
721,1377617133,20.64
721,1377617138,20.64
721,1377617143,20.64
721,1377617148,20.64
721,1377617153,20.63
721,1377617158,20.64
721,1377617163,20.64
721,1377617168,20.64
721,1377617173,20.64
721,1377617178,20.64
721,1377617183,20.64
721,1377617188,20.64
721,1377617193,20.64
721,1377617198,20.64
721,1377617203,20.64
721,1377617208,20.64
721,1377617213,20.64
721,1377617218,20.64
721,1377617223,20.65
721,1377617228,20.63
721,1377617233,20.64
721,1377617238,20.64
721,1377617243,20.64
721,1377617248,20.64
721,1377617253,20.64
721,1377617258,20.64
721,1377617263,20.64
721,1377617268,20.64
721,1377617273,20.64
721,1377617278,20.64
721,1377617283,20.64
721,1377617288,20.64
721,1377617293,20.64
721,1377617298,20.64
721,1377617303,20.64
721,1377617308,20.64
721,1377617313,20.63
721,1377617318,20.64
721,1377617323,20.64
721,1377617328,20.63
721,1377617333,20.64
721,1377617338,20.63
721,1377617343,20.63
721,1377617348,20.64
721,1377617353,20.63
721,1377617358,20.64
721,1377617363,20.64
721,1377617368,20.63
721,1377617373,20.64
721,1377617378,20.64
721,1377617383,20.64
721,1377617388,20.64
721,1377617393,20.64
721,1377617398,20.64
721,1377617403,20.64
721,1377617408,20.64
721,1377617413,20.64
721,1377617418,20.64
721,1377617423,20.64
721,1377617428,20.64
721,1377617433,20.64
721,1377617438,20.65
721,1377617443,20.65
721,1377617448,20.65
721,1377617453,20.65
721,1377617458,20.65
721,1377617463,20.65
721,1377617468,20.64
721,1377617473,20.64
721,1377617478,20.65
721,1377617483,20.65
721,1377617488,20.65
721,1377617493,20.64
721,1377617498,20.64
721,1377617503,20.65
721,1377617508,20.65
721,1377617513,20.64
721,1377617518,20.64
721,1377617523,20.64
721,1377617528,20.65
721,1377617533,20.65
721,1377617538,20.65
721,1377617543,20.64
721,1377617548,20.64
721,1377617553,20.64
721,1377617558,20.64
721,1377617563,20.64
721,1377617568,20.65
721,1377617573,20.64
721,1377617578,20.64
721,1377617583,20.64
721,1377617588,20.65
721,1377617593,20.64
721,1377617598,20.64
721,1377617603,20.64
721,1377617608,20.64
721,1377617613,20.64
721,1377617618,20.64
721,1377617623,20.64
721,1377617628,20.64
721,1377617633,20.64
721,1377617638,20.65
721,1377617643,20.64
721,1377617648,20.65
721,1377617653,20.62
721,1377617658,20.65
721,1377617663,20.65
721,1377617668,20.65
721,1377617673,20.65
721,1377617678,20.65
721,1377617683,20.65
721,1377617688,20.64
721,1377617693,20.64
721,1377617698,20.65
721,1377617703,20.65
721,1377617708,20.64
721,1377617713,20.65
721,1377617718,20.65
721,1377617723,20.65
721,1377617728,20.65
721,1377617733,20.64
721,1377617738,20.64
721,1377617743,20.64
721,1377617748,20.65
721,1377617753,20.66
721,1377617758,20.64
721,1377617763,20.66
721,1377617768,20.66
721,1377617773,20.65
721,1377617778,20.64
721,1377617783,20.65
721,1377617788,20.64
721,1377617793,20.65
721,1377617798,20.66
721,1377617803,20.66
721,1377617808,20.66
721,1377617813,20.66
721,1377617818,20.66
721,1377617823,20.65
721,1377617828,20.67
721,1377617833,20.66
721,1377617838,20.64
721,1377617843,20.64
721,1377617848,20.66
721,1377617853,20.66
721,1377617858,20.65
721,1377617863,20.65
721,1377617868,20.66
721,1377617873,20.65
721,1377617878,20.65
721,1377617883,20.65
721,1377617888,20.65
721,1377617893,20.65
721,1377617898,20.66
721,1377617903,20.64
721,1377617908,20.66
721,1377617916,20.65
721,1377617918,20.66
721,1377617923,20.65
721,1377617928,20.66
721,1377617933,20.65
721,1377617938,20.65
721,1377617943,20.66
721,1377617948,20.66
721,1377617953,20.64
721,1377617958,20.66
721,1377617963,20.66
721,1377617968,20.66
721,1377617973,20.65
721,1377617978,20.65
721,1377617983,20.65
721,1377617988,20.66
721,1377617993,20.66
721,1377617998,20.66
721,1377618003,20.66
721,1377618008,20.67
721,1377618013,20.66
721,1377618018,20.66
721,1377618023,20.65
721,1377618028,20.66
721,1377618033,20.66
721,1377618038,20.66
721,1377618043,20.65
721,1377618048,20.64
721,1377618053,20.65
721,1377618058,20.65
721,1377618063,20.66
721,1377618068,20.65
721,1377618073,20.65
721,1377618078,20.65
721,1377618083,20.65
721,1377618088,20.66
721,1377618093,20.66
721,1377618098,20.66
721,1377618103,20.65
721,1377618108,20.67
721,1377618113,20.66
721,1377618118,20.66
721,1377618123,20.66
721,1377618128,20.66
721,1377618133,20.65
721,1377618138,20.66
721,1377618143,20.66
721,1377618148,20.66
721,1377618153,20.66
721,1377618159,20.65
721,1377618163,20.66
721,1377618168,20.65
721,1377618173,20.65
721,1377618178,20.65
721,1377618183,20.66
721,1377618188,20.66
721,1377618193,20.66
721,1377618198,20.66
721,1377618203,20.66
721,1377618208,20.66
721,1377618213,20.65
721,1377618218,20.64
721,1377618223,20.66
721,1377618228,20.65
721,1377618233,20.65
721,1377618238,20.66
721,1377618243,20.66
721,1377618248,20.66
721,1377618253,20.67
721,1377618258,20.65
721,1377618263,20.65
721,1377618268,20.66
721,1377618273,20.66
721,1377618278,20.66
721,1377618283,20.66
721,1377618288,20.66
721,1377618293,20.66
721,1377618298,20.66
721,1377618303,20.66
721,1377618308,20.66
721,1377618313,20.66
721,1377618318,20.66
721,1377618323,20.66
721,1377618328,20.66
721,1377618333,20.66
721,1377618338,20.66
721,1377618343,20.66
721,1377618348,20.66
721,1377618353,20.67
721,1377618358,20.66
721,1377618363,20.66
721,1377618368,20.66
721,1377618373,20.66
721,1377618378,20.66
721,1377618383,20.66
721,1377618388,20.66
721,1377618393,20.66
721,1377618398,20.66
721,1377618403,20.66
721,1377618408,20.66
721,1377618413,20.66
721,1377618418,20.67
721,1377618423,20.66
721,1377618428,20.66
721,1377618433,20.66
721,1377618438,20.67
721,1377618443,20.66
721,1377618448,20.66
721,1377618453,20.66
721,1377618458,20.66
721,1377618463,20.65
721,1377618468,20.66
721,1377618473,20.66
721,1377618478,20.66
721,1377618483,20.66
721,1377618488,20.66
721,1377618493,20.66
721,1377618498,20.67
721,1377618503,20.67
721,1377618508,20.66
721,1377618513,20.66
721,1377618518,20.67
721,1377618523,20.67
721,1377618528,20.65
721,1377618533,20.67
721,1377618538,20.67
721,1377618543,20.66
721,1377618548,20.67
721,1377618553,20.67
721,1377618558,20.67
721,1377618563,20.66
721,1377618568,20.67
721,1377618573,20.66
721,1377618578,20.67
721,1377618583,20.68
721,1377618588,20.66
721,1377618593,20.66
721,1377618598,20.66
721,1377618603,20.66
721,1377618608,20.67
721,1377618613,20.67
721,1377618618,20.67
721,1377618623,20.67
721,1377618628,20.66
721,1377618633,20.66
721,1377618638,20.66
721,1377618643,20.66
721,1377618648,20.67
721,1377618653,20.68
721,1377618658,20.67
721,1377618663,20.67
721,1377618668,20.68
721,1377618673,20.67
721,1377618678,20.67
721,1377618683,20.66
721,1377618688,20.67
721,1377618694,20.67
721,1377618698,20.67
721,1377618703,20.67
721,1377618708,20.67
721,1377618713,20.68
721,1377618718,20.66
721,1377618724,20.66
721,1377618728,20.67
721,1377618733,20.67
721,1377618738,20.67
721,1377618743,20.67
721,1377618748,20.66
721,1377618753,20.66
721,1377618758,20.67
721,1377618767,20.68
721,1377618768,20.68
721,1377618773,20.68
721,1377618778,20.66
721,1377618783,20.68
721,1377618788,20.68
721,1377618793,20.67
721,1377618798,20.67
721,1377618803,20.67
721,1377618808,20.66
721,1377618813,20.67
721,1377618818,20.66
721,1377618823,20.68
721,1377618828,20.67
721,1377618833,20.67
721,1377618838,20.68
721,1377618843,20.68
721,1377618848,20.67
721,1377618853,20.67
721,1377618858,20.67
721,1377618863,20.67
721,1377618868,20.67
721,1377618873,20.67
721,1377618878,20.68
721,1377618883,20.68
721,1377618888,20.68
721,1377618893,20.66
721,1377618898,20.68
721,1377618903,20.67
721,1377618908,20.67
721,1377618913,20.66
721,1377618918,20.66
721,1377618923,20.67
721,1377618928,20.67
721,1377618933,20.68
721,1377618938,20.68
721,1377618943,20.67
721,1377618948,20.67
721,1377618953,20.67
721,1377618958,20.67
721,1377618963,20.68
721,1377618968,20.68
721,1377618973,20.68
721,1377618978,20.68
721,1377618983,20.68
721,1377618988,20.67
721,1377618993,20.68
721,1377618998,20.67
721,1377619003,20.68
721,1377619008,20.68
721,1377619013,20.67
721,1377619018,20.67
721,1377619023,20.68
721,1377619028,20.67
721,1377619033,20.68
721,1377619038,20.68
721,1377619043,20.67
721,1377619048,20.67
721,1377619053,20.66
721,1377619058,20.68
721,1377619063,20.67
721,1377619068,20.68
721,1377619073,20.68
721,1377619078,20.68
721,1377619083,20.68
721,1377619088,20.67
721,1377619093,20.68
721,1377619098,20.68
721,1377619103,20.68
721,1377619108,20.68
721,1377619113,20.68
721,1377619118,20.67
721,1377619123,20.67
721,1377619128,20.67
721,1377619133,20.67
721,1377619138,20.69
721,1377619143,20.68
721,1377619148,20.68
721,1377619153,20.68
721,1377619158,20.68
721,1377619163,20.68
721,1377619168,20.68
721,1377619173,20.69
721,1377619178,20.69
721,1377619183,20.68
721,1377619188,20.68
721,1377619193,20.68
721,1377619198,20.68
721,1377619203,20.67
721,1377619208,20.68
721,1377619213,20.67
721,1377619218,20.69
721,1377619223,20.68
721,1377619228,20.68
721,1377619233,20.67
721,1377619238,20.68
721,1377619243,20.67
721,1377619248,20.68
721,1377619253,20.68
721,1377619258,20.67
721,1377619263,20.68
721,1377619268,20.67
721,1377619273,20.68
721,1377619278,20.69
721,1377619283,20.67
721,1377619288,20.68
721,1377619293,20.7
721,1377619298,20.68
721,1377619303,20.69
721,1377619308,20.68
721,1377619313,20.68
721,1377619318,20.68
721,1377619323,20.68
721,1377619328,20.68
721,1377619333,20.68
721,1377619338,20.68
721,1377619343,20.68
721,1377619348,20.69
721,1377619353,20.69
721,1377619358,20.68
721,1377619363,20.69
721,1377619368,20.69
721,1377619373,20.68
721,1377619378,20.68
721,1377619383,20.69
721,1377619388,20.69
721,1377619393,20.69
721,1377619398,20.68
721,1377619403,20.68
721,1377619408,20.68
721,1377619413,20.68
721,1377619418,20.68
721,1377619423,20.69
721,1377619428,20.68
721,1377619433,20.68
721,1377619438,20.68
721,1377619443,20.69
721,1377619448,20.68
721,1377619453,20.68
721,1377619458,20.68
721,1377619463,20.68
721,1377619468,20.69
721,1377619473,20.69
721,1377619478,20.69
721,1377619483,20.69
721,1377619488,20.68
721,1377619493,20.69
721,1377619498,20.69
721,1377619503,20.68
721,1377619508,20.69
721,1377619513,20.7
721,1377619518,20.68
721,1377619523,20.68
721,1377619528,20.68
721,1377619533,20.68
721,1377619538,20.69
721,1377619543,20.68
721,1377619548,20.68
721,1377619553,20.69
721,1377619558,20.69
721,1377619563,20.68
721,1377619568,20.68
721,1377619573,20.69
721,1377619578,20.69
721,1377619583,20.7
721,1377619588,20.68
721,1377619593,20.69
721,1377619598,20.69
721,1377619607,20.69
721,1377619608,20.69
721,1377619613,20.69
721,1377619618,20.69
721,1377619623,20.68
721,1377619628,20.68
721,1377619633,20.69
721,1377619638,20.69
721,1377619643,20.69
721,1377619648,20.7
721,1377619653,20.68
721,1377619658,20.7
721,1377619663,20.7
721,1377619668,20.69
721,1377619673,20.69
721,1377619678,20.7
721,1377619683,20.68
721,1377619688,20.7
721,1377619693,20.69
721,1377619698,20.69
721,1377619703,20.68
721,1377619708,20.69
721,1377619713,20.68
721,1377619718,20.69
721,1377619723,20.7
721,1377619728,20.69
721,1377619733,20.69
721,1377619738,20.68
721,1377619743,20.7
721,1377619748,20.7
721,1377619753,20.7
721,1377619758,20.7
721,1377619763,20.7
721,1377619768,20.69
721,1377619773,20.7
721,1377619778,20.69
721,1377619783,20.7
721,1377619788,20.69
721,1377619793,20.7
721,1377619798,20.7
721,1377619803,20.69
721,1377619808,20.7
721,1377619813,20.7
721,1377619818,20.69
721,1377619823,20.7
721,1377619828,20.7
721,1377619833,20.7
721,1377619838,20.7
721,1377619843,20.71
721,1377619848,20.7
721,1377619853,20.7
721,1377619858,20.69
721,1377619863,20.69
721,1377619868,20.7
721,1377619873,20.7
721,1377619878,20.71
721,1377619883,20.69
721,1377619888,20.7
721,1377619893,20.69
721,1377619898,20.69
721,1377619903,20.7
721,1377619908,20.71
721,1377619913,20.7
721,1377619918,20.71
721,1377619923,20.71
721,1377619928,20.7
721,1377619933,20.7
721,1377619938,20.72
721,1377619943,20.7
721,1377619948,20.7
721,1377619953,20.71
721,1377619958,20.72
721,1377619963,20.71
721,1377619968,20.7
721,1377619973,20.71
721,1377619978,20.7
721,1377619983,20.71
721,1377619988,20.71
721,1377619993,20.7
721,1377619998,20.7
721,1377620003,20.7
721,1377620008,20.7
721,1377620013,20.7
721,1377620018,20.71
721,1377620023,20.71
721,1377620028,20.71
721,1377620033,20.71
721,1377620038,20.7
721,1377620043,20.72
721,1377620048,20.71
721,1377620053,20.7
721,1377620058,20.71
721,1377620063,20.71
721,1377620068,20.72
721,1377620073,20.71
721,1377620078,20.7
721,1377620083,20.72
721,1377620088,20.71
721,1377620093,20.71
721,1377620098,20.71
721,1377620103,20.71
721,1377620108,20.71
721,1377620113,20.71
721,1377620118,20.71
721,1377620123,20.72
721,1377620128,20.72
721,1377620133,20.72
721,1377620138,20.72
721,1377620143,20.71
721,1377620148,20.72
721,1377620153,20.72
721,1377620158,20.7
721,1377620163,20.72
721,1377620168,20.72
721,1377620173,20.72
721,1377620178,20.72
721,1377620183,20.73
721,1377620188,20.72
721,1377620193,20.72
721,1377620198,20.72
721,1377620203,20.72
721,1377620208,20.72
721,1377620213,20.72
721,1377620218,20.73
721,1377620223,20.73
721,1377620228,20.73
721,1377620233,20.72
721,1377620238,20.72
721,1377620243,20.72
721,1377620248,20.72
721,1377620253,20.72
721,1377620258,20.72
721,1377620263,20.72
721,1377620268,20.72
721,1377620273,20.72
721,1377620278,20.73
721,1377620283,20.73
721,1377620288,20.72
721,1377620293,20.73
721,1377620298,20.72
721,1377620303,20.72
721,1377620308,20.72
721,1377620313,20.73
721,1377620318,20.72
721,1377620323,20.72
721,1377620328,20.74
721,1377620333,20.74
721,1377620338,20.73
721,1377620343,20.73
721,1377620348,20.73
721,1377620353,20.74
721,1377620358,20.74
721,1377620363,20.73
721,1377620368,20.73
721,1377620373,20.73
721,1377620378,20.72
721,1377620383,20.73
721,1377620388,20.72
721,1377620393,20.74
721,1377620398,20.74
721,1377620403,20.74
721,1377620408,20.72
721,1377620413,20.72
721,1377620418,20.74
721,1377620423,20.74
721,1377620428,20.73
721,1377620433,20.73
721,1377620438,20.72
721,1377620443,20.74
721,1377620448,20.73
721,1377620453,20.73
721,1377620464,20.73
721,1377620468,20.73
721,1377620473,20.74
721,1377620478,20.74
721,1377620483,20.73
721,1377620488,20.72
721,1377620493,20.74
721,1377620498,20.73
721,1377620503,20.73
721,1377620508,20.73
721,1377620513,20.73
721,1377620518,20.74
721,1377620523,20.73
721,1377620528,20.72
721,1377620533,20.73
721,1377620538,20.72
721,1377620543,20.74
721,1377620548,20.74
721,1377620553,20.73
721,1377620558,20.73
721,1377620563,20.73
721,1377620568,20.73
721,1377620573,20.74
721,1377620578,20.73
721,1377620583,20.74
721,1377620588,20.74
721,1377620593,20.74
721,1377620598,20.74
721,1377620603,20.74
721,1377620608,20.74
721,1377620613,20.74
721,1377620618,20.74
721,1377620623,20.73
721,1377620628,20.73
721,1377620633,20.73
721,1377620638,20.74
721,1377620643,20.74
721,1377620648,20.74
721,1377620653,20.73
721,1377620658,20.74
721,1377620663,20.75
721,1377620668,20.75
721,1377620673,20.74
721,1377620678,20.73
721,1377620683,20.73
721,1377620688,20.74
721,1377620693,20.74
721,1377620698,20.74
721,1377620703,20.74
721,1377620708,20.74
721,1377620713,20.74
721,1377620718,20.74
721,1377620723,20.75
721,1377620728,20.74
721,1377620733,20.74
721,1377620738,20.75
721,1377620743,20.75
721,1377620748,20.75
721,1377620753,20.74
721,1377620758,20.75
721,1377620763,20.76
721,1377620768,20.75
721,1377620773,20.75
721,1377620778,20.75
721,1377620794,20.74
721,1377620798,20.75
721,1377620803,20.76
721,1377620808,20.75
721,1377620813,20.74
721,1377620818,20.76
721,1377620823,20.76
721,1377620828,20.75
721,1377620833,20.75
721,1377620838,20.75
721,1377620843,20.74
721,1377620848,20.75
721,1377620853,20.75
721,1377620858,20.75
721,1377620863,20.76
721,1377620868,20.76
721,1377620873,20.74
721,1377620878,20.75
721,1377620883,20.76
721,1377620888,20.76
721,1377620893,20.75
721,1377620898,20.77
721,1377620903,20.76
721,1377620908,20.76
721,1377620913,20.76
721,1377620918,20.76
721,1377620923,20.75
721,1377620928,20.76
721,1377620933,20.77
721,1377620938,20.76
721,1377620943,20.76
721,1377620948,20.76
721,1377620953,20.76
721,1377620958,20.75
721,1377620963,20.77
721,1377620968,20.76
721,1377620973,20.76
721,1377620978,20.78
721,1377620983,20.76
721,1377620988,20.77
721,1377620993,20.76
721,1377620998,20.78
721,1377621003,20.76
721,1377621008,20.77
721,1377621013,20.76
721,1377621018,20.76
721,1377621023,20.75
721,1377621028,20.76
721,1377621033,20.76
721,1377621038,20.76
721,1377621043,20.76
721,1377621048,20.76
721,1377621053,20.75
721,1377621058,20.76
721,1377621063,20.76
721,1377621068,20.76
721,1377621073,20.76
721,1377621078,20.77
721,1377621083,20.76
721,1377621088,20.76
721,1377621093,20.77
721,1377621098,20.76
721,1377621103,20.76
721,1377621108,20.77
721,1377621113,20.77
721,1377621118,20.76
721,1377621123,20.78
721,1377621128,20.76
721,1377621133,20.76
721,1377621138,20.77
721,1377621143,20.76
721,1377621148,20.78
721,1377621153,20.78
721,1377621158,20.77
721,1377621163,20.77
721,1377621168,20.76
721,1377621173,20.76
721,1377621178,20.77
721,1377621183,20.78
721,1377621188,20.76
721,1377621194,20.76
721,1377621198,20.76
721,1377621203,20.77
721,1377621208,20.77
721,1377621213,20.78
721,1377621218,20.76
721,1377621223,20.76
721,1377621228,20.77
721,1377621233,20.77
721,1377621238,20.78
721,1377621243,20.77
721,1377621248,20.77
721,1377621253,20.78
721,1377621258,20.78
721,1377621263,20.78
721,1377621268,20.78
721,1377621273,20.78
721,1377621278,20.78
721,1377621283,20.77
721,1377621288,20.77
721,1377621293,20.78
721,1377621298,20.77
721,1377621303,20.77
721,1377621308,20.77
721,1377621313,20.78
721,1377621318,20.78
721,1377621323,20.78
721,1377621328,20.78
721,1377621336,20.78
721,1377621338,20.78
721,1377621343,20.78
721,1377621348,20.78
721,1377621353,20.78
721,1377621358,20.78
721,1377621363,20.77
721,1377621368,20.79
721,1377621373,20.78
721,1377621378,20.78
721,1377621383,20.78
721,1377621388,20.78
721,1377621393,20.78
721,1377621398,20.77
721,1377621403,20.78
721,1377621408,20.78
721,1377621413,20.79
721,1377621418,20.78
721,1377621423,20.78
721,1377621428,20.78
721,1377621433,20.78
721,1377621438,20.78
721,1377621443,20.78
721,1377621448,20.79
721,1377621453,20.78
721,1377621458,20.78
721,1377621463,20.79
721,1377621468,20.78
721,1377621473,20.79
721,1377621478,20.8
721,1377621483,20.8
721,1377621488,20.8
721,1377621493,20.78
721,1377621498,20.78
721,1377621503,20.8
721,1377621508,20.79
721,1377621513,20.8
721,1377621518,20.8
721,1377621523,20.79
721,1377621528,20.8
721,1377621533,20.79
721,1377621538,20.79
721,1377621543,20.8
721,1377621548,20.79
721,1377621553,20.8
721,1377621558,20.8
721,1377621563,20.79
721,1377621568,20.79
721,1377621573,20.8
721,1377621578,20.8
721,1377621583,20.8
721,1377621588,20.8
721,1377621593,20.79
721,1377621598,20.8
721,1377621603,20.81
721,1377621608,20.8
721,1377621613,20.8
721,1377621618,20.8
721,1377621623,20.8
721,1377621628,20.78
721,1377621633,20.8
721,1377621638,20.8
721,1377621643,20.81
721,1377621648,20.8
721,1377621653,20.8
721,1377621658,20.8
721,1377621663,20.8
721,1377621668,20.8
721,1377621673,20.81
721,1377621678,20.79
721,1377621683,20.81
721,1377621688,20.81
721,1377621693,20.81
721,1377621698,20.81
721,1377621703,20.8
721,1377621708,20.81
721,1377621713,20.81
721,1377621718,20.81
721,1377621723,20.81
721,1377621728,20.8
721,1377621733,20.8
721,1377621738,20.8
721,1377621743,20.81
721,1377621748,20.8
721,1377621753,20.82
721,1377621758,20.81
721,1377621763,20.81
721,1377621768,20.8
721,1377621773,20.81
721,1377621778,20.82
721,1377621783,20.81
721,1377621788,20.82
721,1377621793,20.81
721,1377621798,20.82
721,1377621803,20.82
721,1377621808,20.82
721,1377621813,20.81
721,1377621818,20.81
721,1377621823,20.8
721,1377621828,20.81
721,1377621833,20.82
721,1377621838,20.8
721,1377621843,20.82
721,1377621848,20.82
721,1377621853,20.81
721,1377621858,20.82
721,1377621863,20.83
721,1377621868,20.83
721,1377621873,20.82
721,1377621878,20.83
721,1377621883,20.82
721,1377621888,20.83
721,1377621893,20.82
721,1377621898,20.82
721,1377621903,20.82
721,1377621908,20.82
721,1377621913,20.82
721,1377621918,20.83
721,1377621923,20.82
721,1377621928,20.82
721,1377621933,20.82
721,1377621938,20.83
721,1377621943,20.84
721,1377621948,20.82
721,1377621953,20.83
721,1377621958,20.84
721,1377621963,20.84
721,1377621968,20.83
721,1377621973,20.83
721,1377621978,20.84
721,1377621983,20.84
721,1377621988,20.83
721,1377621993,20.83
721,1377621998,20.83
721,1377622003,20.83
721,1377622008,20.83
721,1377622013,20.82
721,1377622018,20.84
721,1377622023,20.84
721,1377622028,20.83
721,1377622033,20.83
721,1377622038,20.82
721,1377622043,20.84
721,1377622048,20.84
721,1377622053,20.84
721,1377622058,20.84
721,1377622063,20.84
721,1377622068,20.84
721,1377622073,20.83
721,1377622078,20.84
721,1377622083,20.84
721,1377622088,20.82
721,1377622093,20.84
721,1377622098,20.84
721,1377622103,20.83
721,1377622108,20.83
721,1377622113,20.84
721,1377622118,20.84
721,1377622123,20.84
721,1377622128,20.83
721,1377622133,20.83
721,1377622138,20.84
721,1377622143,20.84
721,1377622148,20.84
721,1377622153,20.84
721,1377622158,20.84
721,1377622163,20.84
721,1377622168,20.83
721,1377622173,20.84
721,1377622178,20.84
721,1377622183,20.83
721,1377622188,20.84
721,1377622193,20.84
721,1377622198,20.84
721,1377622203,20.84
721,1377622208,20.84
721,1377622213,20.84
721,1377622218,20.82
721,1377622223,20.84
721,1377622228,20.83
721,1377622236,20.85
721,1377622238,20.84
721,1377622243,20.84
721,1377622248,20.84
721,1377622253,20.84
721,1377622258,20.84
721,1377622263,20.84
721,1377622268,20.84
721,1377622273,20.83
721,1377622278,20.84
721,1377622283,20.83
721,1377622288,20.84
721,1377622293,20.85
721,1377622298,20.84
721,1377622303,20.84
721,1377622308,20.84
721,1377622313,20.84
721,1377622318,20.86
721,1377622323,20.85
721,1377622328,20.84
721,1377622333,20.84
721,1377622338,20.84
721,1377622343,20.84
721,1377622348,20.84
721,1377622353,20.84
721,1377622358,20.84
721,1377622363,20.84
721,1377622368,20.84
721,1377622373,20.84
721,1377622378,20.84
721,1377622383,20.85
721,1377622388,20.84
721,1377622393,20.85
721,1377622398,20.84
721,1377622403,20.86
721,1377622408,20.85
721,1377622413,20.84
721,1377622418,20.85
721,1377622423,20.86
721,1377622428,20.85
721,1377622433,20.85
721,1377622438,20.85
721,1377622443,20.85
721,1377622448,20.86
721,1377622453,20.84
721,1377622458,20.86
721,1377622463,20.86
721,1377622468,20.85
721,1377622473,20.86
721,1377622478,20.85
721,1377622483,20.86
721,1377622488,20.86
721,1377622493,20.86
721,1377622498,20.86
721,1377622503,20.86
721,1377622508,20.85
721,1377622513,20.85
721,1377622518,20.86
721,1377622523,20.85
721,1377622528,20.85
721,1377622533,20.86
721,1377622538,20.86
721,1377622543,20.86
721,1377622548,20.84
721,1377622553,20.85
721,1377622558,20.86
721,1377622563,20.86
721,1377622568,20.87
721,1377622573,20.86
721,1377622578,20.86
721,1377622583,20.85
721,1377622588,20.86
721,1377622593,20.86
721,1377622598,20.85
721,1377622603,20.86
721,1377622608,20.86
721,1377622613,20.86
721,1377622618,20.85
721,1377622623,20.86
721,1377622628,20.86
721,1377622633,20.84
721,1377622638,20.87
721,1377622643,20.85
721,1377622648,20.86
721,1377622653,20.86
721,1377622658,20.87
721,1377622663,20.86
721,1377622668,20.85
721,1377622673,20.86
721,1377622678,20.86
721,1377622683,20.86
721,1377622688,20.86
721,1377622693,20.87
721,1377622698,20.86
721,1377622703,20.85
721,1377622708,20.86
721,1377622713,20.86
721,1377622718,20.86
721,1377622723,20.86
721,1377622728,20.85
721,1377622733,20.86
721,1377622741,20.86
721,1377622743,20.86
721,1377622748,20.86
721,1377622753,20.86
721,1377622758,20.85
721,1377622763,20.86
721,1377622768,20.86
721,1377622773,20.86
721,1377622778,20.86
721,1377622783,20.86
721,1377622788,20.86
721,1377622793,20.86
721,1377622798,20.86
721,1377622803,20.86
721,1377622808,20.86
721,1377622813,20.87
721,1377622818,20.86
721,1377622823,20.86
721,1377622828,20.86
721,1377622833,20.86
721,1377622838,20.87
721,1377622843,20.87
721,1377622848,20.86
721,1377622853,20.86
721,1377622858,20.87
721,1377622863,20.87
721,1377622868,20.87
721,1377622873,20.86
721,1377622878,20.87
721,1377622883,20.88
721,1377622888,20.88
721,1377622893,20.87
721,1377622898,20.87
721,1377622903,20.88
721,1377622908,20.86
721,1377622913,20.88
721,1377622918,20.88
721,1377622923,20.88
721,1377622928,20.87
721,1377622933,20.88
721,1377622938,20.86
721,1377622943,20.88
721,1377622948,20.88
721,1377622953,20.88
721,1377622958,20.87
721,1377622963,20.88
721,1377622968,20.87
721,1377622973,20.88
721,1377622978,20.88
721,1377622983,20.88
721,1377622988,20.88
721,1377622993,20.89
721,1377622998,20.89
721,1377623003,20.88
721,1377623008,20.89
721,1377623013,20.89
721,1377623018,20.88
721,1377623023,20.87
721,1377623028,20.89
721,1377623033,20.88
721,1377623038,20.9
721,1377623043,20.9
721,1377623048,20.89
721,1377623053,20.89
721,1377623058,20.9
721,1377623063,20.89
721,1377623068,20.89
721,1377623073,20.88
721,1377623078,20.88
721,1377623083,20.9
721,1377623088,20.89
721,1377623093,20.9
721,1377623098,20.9
721,1377623103,20.9
721,1377623111,20.89
721,1377623113,20.89
721,1377623118,20.9
721,1377623123,20.89
721,1377623128,20.9
721,1377623133,20.9
721,1377623138,20.9
721,1377623143,20.89
721,1377623148,20.89
721,1377623153,20.9
721,1377623158,20.9
721,1377623163,20.9
721,1377623168,20.9
721,1377623173,20.9
721,1377623178,20.9
721,1377623183,20.9
721,1377623188,20.89
721,1377623193,20.9
721,1377623198,20.91
721,1377623203,20.91
721,1377623208,20.91
721,1377623213,20.9
721,1377623218,20.9
721,1377623223,20.91
721,1377623228,20.9
721,1377623233,20.9
721,1377623238,20.91
721,1377623243,20.91
721,1377623248,20.91
721,1377623253,20.91
721,1377623257,20.9
721,1377623263,20.89
721,1377623268,20.91
721,1377623273,20.9
721,1377623278,20.91
721,1377623283,20.9
721,1377623288,20.9
721,1377623293,20.9
721,1377623298,20.9
721,1377623303,20.9
721,1377623308,20.91
721,1377623313,20.91
721,1377623318,20.92
721,1377623323,20.91
721,1377623328,20.91
721,1377623333,20.91
721,1377623338,20.9
721,1377623343,20.91
721,1377623348,20.91
721,1377623353,20.92
721,1377623358,20.9
721,1377623363,20.91
721,1377623368,20.91
721,1377623373,20.92
721,1377623378,20.91
721,1377623383,20.92
721,1377623388,20.91
721,1377623393,20.92
721,1377623398,20.91
721,1377623403,20.92
721,1377623408,20.93
721,1377623413,20.92
721,1377623418,20.92
721,1377623423,20.92
721,1377623428,20.92
721,1377623433,20.92
721,1377623438,20.92
721,1377623443,20.93
721,1377623448,20.92
721,1377623453,20.92
721,1377623458,20.93
721,1377623463,20.92
721,1377623468,20.92
721,1377623473,20.92
721,1377623478,20.92
721,1377623483,20.92
721,1377623488,20.91
721,1377623493,20.92
721,1377623498,20.92
721,1377623503,20.91
721,1377623508,20.93
721,1377623513,20.93
721,1377623518,20.92
721,1377623523,20.93
721,1377623528,20.93
721,1377623533,20.92
721,1377623538,20.92
721,1377623543,20.92
721,1377623548,20.92
721,1377623553,20.92
721,1377623558,20.93
721,1377623563,20.94
721,1377623568,20.92
721,1377623573,20.92
721,1377623578,20.92
721,1377623583,20.93
721,1377623588,20.92
721,1377623593,20.93
721,1377623598,20.92
721,1377623603,20.94
721,1377623608,20.93
721,1377623613,20.93
721,1377623618,20.94
721,1377623623,20.94
721,1377623628,20.94
721,1377623633,20.93
721,1377623638,20.94
721,1377623643,20.93
721,1377623648,20.94
721,1377623653,20.94
721,1377623658,20.94
721,1377623663,20.94
721,1377623668,20.94
721,1377623673,20.95
721,1377623678,20.94
721,1377623683,20.94
721,1377623688,20.94
721,1377623693,20.95
721,1377623698,20.93
721,1377623703,20.94
721,1377623708,20.94
721,1377623713,20.94
721,1377623718,20.94
721,1377623723,20.94
721,1377623728,20.94
721,1377623733,20.95
721,1377623738,20.95
721,1377623743,20.94
721,1377623748,20.94
721,1377623753,20.95
721,1377623758,20.95
721,1377623763,20.94
721,1377623768,20.94
721,1377623773,20.95
721,1377623778,20.94
721,1377623783,20.95
721,1377623788,20.96
721,1377623793,20.94
721,1377623798,20.95
721,1377623803,20.95
721,1377623808,20.95
721,1377623813,20.96
721,1377623818,20.96
721,1377623823,20.95
721,1377623828,20.95
721,1377623833,20.95
721,1377623838,20.95
721,1377623843,20.95
721,1377623848,20.96
721,1377623852,20.96
721,1377623858,20.95
721,1377623863,20.96
721,1377623868,20.94
721,1377623873,20.96
721,1377623878,20.95
721,1377623883,20.94
721,1377623888,20.94
721,1377623893,20.96
721,1377623898,20.96
721,1377623903,20.96
721,1377623908,20.96
721,1377623913,20.95
721,1377623918,20.96
721,1377623923,20.96
721,1377623928,20.96
721,1377623933,20.96
721,1377623938,20.96
721,1377623943,20.96
721,1377623948,20.96
721,1377623953,20.95
721,1377623958,20.96
721,1377623963,20.97
721,1377623968,20.95
721,1377623973,20.95
721,1377623983,20.96
721,1377623988,20.96
721,1377623993,20.95
721,1377623998,20.96
721,1377624003,20.96
721,1377624008,20.95
721,1377624013,20.95
721,1377624018,20.96
721,1377624023,20.96
721,1377624028,20.96
721,1377624033,20.98
721,1377624038,20.96
721,1377624043,20.98
721,1377624048,20.96
721,1377624053,20.96
721,1377624058,20.97
721,1377624063,20.96
721,1377624068,20.96
721,1377624073,20.96
721,1377624078,20.96
721,1377624083,20.96
721,1377624088,20.97
721,1377624093,20.96
721,1377624098,20.98
721,1377624103,20.97
721,1377624108,20.96
721,1377624113,20.97
721,1377624118,20.96
721,1377624123,20.98
721,1377624128,20.98
721,1377624133,20.97
721,1377624138,20.97
721,1377624143,20.97
721,1377624148,20.97
721,1377624153,20.97
721,1377624158,20.98
721,1377624163,20.97
721,1377624168,20.98
721,1377624173,20.97
721,1377624178,20.98
721,1377624183,20.98
721,1377624188,20.98
721,1377624193,20.97
721,1377624198,20.97
721,1377624203,20.97
721,1377624208,20.98
721,1377624213,20.97
721,1377624218,20.98
721,1377624223,20.98
721,1377624228,20.98
721,1377624233,20.98
721,1377624238,20.97
721,1377624243,20.98
721,1377624248,20.98
721,1377624253,20.98
721,1377624258,20.98
721,1377624263,20.96
721,1377624268,20.97
721,1377624273,20.98
721,1377624278,20.98
721,1377624283,20.97
721,1377624288,20.97
721,1377624293,20.97
721,1377624298,20.97
721,1377624303,20.98
721,1377624308,20.98
721,1377624313,20.98
721,1377624318,20.97
721,1377624323,20.98
721,1377624328,20.97
721,1377624333,20.98
721,1377624338,20.98
721,1377624343,20.98
721,1377624348,20.98
721,1377624353,20.98
721,1377624358,20.98
721,1377624363,20.98
721,1377624368,20.98
721,1377624373,20.97
721,1377624378,20.98
721,1377624383,21.0
721,1377624388,20.98
721,1377624393,20.99
721,1377624398,20.98
721,1377624403,21.0
721,1377624408,21.0
721,1377624413,20.99
721,1377624418,20.98
721,1377624423,21.0
721,1377624428,20.99
721,1377624433,20.98
721,1377624438,20.99
721,1377624443,20.99
721,1377624448,21.0
721,1377624453,20.99
721,1377624458,20.98
721,1377624463,20.99
721,1377624468,20.99
721,1377624473,20.98
721,1377624478,21.0
721,1377624483,21.0
721,1377624488,20.99
721,1377624493,20.99
721,1377624498,21.0
721,1377624503,21.0
721,1377624508,20.99
721,1377624513,20.98
721,1377624518,21.0
721,1377624523,21.0
721,1377624528,20.99
721,1377624533,20.99
721,1377624538,20.99
721,1377624543,21.0
721,1377624548,21.0
721,1377624553,21.0
721,1377624558,21.0
721,1377624563,21.0
721,1377624568,21.0
721,1377624573,21.01
721,1377624578,21.0
721,1377624583,20.99
721,1377624588,21.01
721,1377624593,21.0
721,1377624598,21.0
721,1377624603,21.01
721,1377624608,21.0
721,1377624613,21.0
721,1377624618,21.0
721,1377624623,21.01
721,1377624628,21.01
721,1377624633,21.0
721,1377624638,21.0
721,1377624643,21.01
721,1377624648,21.0
721,1377624653,21.0
721,1377624658,21.0
721,1377624663,21.01
721,1377624668,20.99
721,1377624673,21.01
721,1377624678,21.0
721,1377624683,21.01
721,1377624688,21.01
721,1377624693,21.0
721,1377624698,21.01
721,1377624703,21.0
721,1377624708,21.0
721,1377624713,21.0
721,1377624718,21.0
721,1377624723,21.0
721,1377624728,21.0
721,1377624733,21.01
721,1377624738,21.0
721,1377624743,21.01
721,1377624748,21.02
721,1377624753,21.01
721,1377624758,21.0
721,1377624763,21.01
721,1377624768,21.0
721,1377624772,21.02
721,1377624778,21.02
721,1377624783,21.0
721,1377624788,21.01
721,1377624793,21.01
721,1377624798,21.02
721,1377624803,21.0
721,1377624808,21.0
721,1377624813,21.01
721,1377624818,21.02
721,1377624823,21.01
721,1377624828,21.02
721,1377624837,21.0
721,1377624838,21.01
721,1377624843,21.0
721,1377624848,21.01
721,1377624853,21.02
721,1377624858,21.01
721,1377624863,21.02
721,1377624868,21.01
721,1377624873,21.0
721,1377624878,21.0
721,1377624883,21.01
721,1377624888,21.01
721,1377624892,21.02
721,1377624897,21.01
721,1377624903,21.0
721,1377624907,21.01
721,1377624913,21.02
721,1377624918,21.01
721,1377624923,21.02
721,1377624928,21.02
721,1377624933,21.02
721,1377624938,21.02
721,1377624943,21.03
721,1377624948,21.02
721,1377624953,21.03
721,1377624958,21.02
721,1377624963,21.03
721,1377624968,21.03
721,1377624973,21.02
721,1377624978,21.02
721,1377624983,21.03
721,1377624988,21.03
721,1377624993,21.03
721,1377624998,21.04
721,1377625003,21.03
721,1377625007,21.04
721,1377625013,21.04
721,1377625018,21.03
721,1377625023,21.02
721,1377625028,21.03
721,1377625033,21.04
721,1377625038,21.05
721,1377625043,21.04
721,1377625048,21.05
721,1377625053,21.04
721,1377625058,21.04
721,1377625063,21.04
721,1377625068,21.04
721,1377625073,21.04
721,1377625078,21.04
721,1377625083,21.05
721,1377625088,21.05
721,1377625093,21.05
721,1377625098,21.05
721,1377625103,21.06
721,1377625108,21.05
721,1377625113,21.06
721,1377625118,21.05
721,1377625123,21.06
721,1377625128,21.06
721,1377625133,21.06
721,1377625138,21.05
721,1377625143,21.06
721,1377625148,21.06
721,1377625153,21.06
721,1377625158,21.07
721,1377625163,21.06
721,1377625168,21.06
721,1377625173,21.07
721,1377625178,21.07
721,1377625183,21.06
721,1377625188,21.06
721,1377625193,21.07
721,1377625198,21.07
721,1377625203,21.07
721,1377625208,21.07
721,1377625213,21.08
721,1377625218,21.08
721,1377625223,21.08
721,1377625228,21.07
721,1377625233,21.07
721,1377625238,21.07
721,1377625243,21.07
721,1377625248,21.07
721,1377625253,21.07
721,1377625257,21.07
721,1377625263,21.08
721,1377625268,21.07
721,1377625273,21.07
721,1377625278,21.07
721,1377625282,21.07
721,1377625287,21.08
721,1377625293,21.08
721,1377625298,21.08
721,1377625303,21.08
721,1377625308,21.07
721,1377625313,21.08
721,1377625317,21.07
721,1377625322,21.07
721,1377625327,21.07
721,1377625332,21.07
721,1377625338,21.08
721,1377625343,21.08
721,1377625348,21.07
721,1377625353,21.08
721,1377625357,21.08
721,1377625363,21.08
721,1377625368,21.08
721,1377625372,21.07
721,1377625378,21.08
721,1377625382,21.08
721,1377625388,21.08
721,1377625393,21.08
721,1377625398,21.08
721,1377625402,21.08
721,1377625408,21.08
721,1377625412,21.08
721,1377625417,21.09
721,1377625422,21.09
721,1377625428,21.08
721,1377625432,21.08
721,1377625437,21.08
721,1377625442,21.08
721,1377625448,21.08
721,1377625452,21.09
721,1377625458,21.08
721,1377625462,21.09
721,1377625467,21.08
721,1377625473,21.08
721,1377625478,21.1
721,1377625482,21.08
721,1377625487,21.08
721,1377625492,21.07
721,1377625498,21.08
721,1377625502,21.08
721,1377625508,21.09
721,1377625512,21.1
721,1377625518,21.09
721,1377625523,21.09
721,1377625527,21.09
721,1377625532,21.08
721,1377625537,21.08
721,1377625542,21.09
721,1377625548,21.09
721,1377625552,21.1
721,1377625557,21.09
721,1377625562,21.09
721,1377625567,21.1
721,1377625573,21.11
721,1377625577,21.1
721,1377625582,21.1
721,1377625587,21.09
721,1377625593,21.09
721,1377625598,21.09
721,1377625602,21.09
721,1377625607,21.09
721,1377625612,21.09
721,1377625618,21.09
721,1377625622,21.09
721,1377625627,21.1
721,1377625632,21.09
721,1377625638,21.1
721,1377625642,21.1
721,1377625647,21.09
721,1377625652,21.09
721,1377625657,21.09
721,1377625662,21.1
721,1377625668,21.1
721,1377625672,21.1
721,1377625677,21.1
721,1377625682,21.1
721,1377625687,21.1
721,1377625692,21.11
721,1377625703,21.1
721,1377625707,21.1
721,1377625712,21.1
721,1377625717,21.09
721,1377625722,21.11
721,1377625727,21.09
721,1377625732,21.1
721,1377625737,21.11
721,1377625742,21.09
721,1377625747,21.1
721,1377625752,21.1
721,1377625757,21.1
721,1377625762,21.11
721,1377625767,21.11
721,1377625772,21.11
721,1377625777,21.1
721,1377625782,21.1
721,1377625787,21.11
721,1377625792,21.1
721,1377625797,21.1
721,1377625802,21.1
721,1377625807,21.09
721,1377625812,21.11
721,1377625817,21.1
721,1377625822,21.11
721,1377625827,21.1
721,1377625832,21.11
721,1377625837,21.12
721,1377625842,21.11
721,1377625847,21.1
721,1377625852,21.1
721,1377625857,21.12
721,1377625862,21.12
721,1377625867,21.1
721,1377625872,21.12
721,1377625877,21.12
721,1377625882,21.12
721,1377625887,21.12
721,1377625892,21.11
721,1377625897,21.12
721,1377625902,21.12
721,1377625907,21.1
721,1377625912,21.12
721,1377625917,21.12
721,1377625922,21.12
721,1377625927,21.12
721,1377625932,21.12
721,1377625937,21.11
721,1377625942,21.12
721,1377625947,21.14
721,1377625952,21.12
721,1377625958,21.12
721,1377625962,21.12
721,1377625967,21.12
721,1377625972,21.12
721,1377625977,21.12
721,1377625982,21.13
721,1377625987,21.12
721,1377625992,21.12
721,1377625997,21.13
721,1377626002,21.13
721,1377626007,21.13
721,1377626012,21.13
721,1377626017,21.14
721,1377626022,21.13
721,1377626027,21.13
721,1377626032,21.14
721,1377626037,21.14
721,1377626042,21.13
721,1377626047,21.13
721,1377626052,21.14
721,1377626057,21.14
721,1377626062,21.14
721,1377626067,21.14
721,1377626072,21.14
721,1377626077,21.14
721,1377626082,21.14
721,1377626087,21.13
721,1377626092,21.14
721,1377626097,21.13
721,1377626102,21.15
721,1377626107,21.13
721,1377626112,21.14
721,1377626117,21.14
721,1377626122,21.14
721,1377626127,21.14
721,1377626132,21.14
721,1377626137,21.15
721,1377626142,21.14
721,1377626147,21.15
721,1377626152,21.14
721,1377626157,21.14
721,1377626162,21.14
721,1377626167,21.14
721,1377626172,21.15
721,1377626177,21.15
721,1377626182,21.14
721,1377626187,21.16
721,1377626192,21.14
721,1377626197,21.14
721,1377626202,21.16
721,1377626207,21.15
721,1377626212,21.15
721,1377626217,21.14
721,1377626222,21.16
721,1377626227,21.14
721,1377626232,21.15
721,1377626237,21.16
721,1377626242,21.14
721,1377626247,21.16
721,1377626252,21.16
721,1377626257,21.16
721,1377626262,21.16
721,1377626267,21.16
721,1377626272,21.16
721,1377626277,21.15
721,1377626282,21.15
721,1377626287,21.15
721,1377626292,21.15
721,1377626297,21.16
721,1377626302,21.16
721,1377626307,21.16
721,1377626312,21.16
721,1377626317,21.16
721,1377626322,21.16
721,1377626327,21.16
721,1377626332,21.16
721,1377626337,21.16
721,1377626342,21.17
721,1377626347,21.16
721,1377626352,21.15
721,1377626357,21.18
721,1377626362,21.17
721,1377626367,21.17
721,1377626372,21.18
721,1377626377,21.18
721,1377626382,21.16
721,1377626387,21.18
721,1377626392,21.18
721,1377626397,21.17
721,1377626402,21.16
721,1377626407,21.18
721,1377626412,21.18
721,1377626417,21.17
721,1377626422,21.17
721,1377626427,21.18
721,1377626432,21.17
721,1377626437,21.16
721,1377626442,21.17
721,1377626447,21.17
721,1377626452,21.18
721,1377626457,21.17
721,1377626462,21.18
721,1377626467,21.18
721,1377626472,21.18
721,1377626477,21.18
721,1377626482,21.18
721,1377626487,21.18
721,1377626492,21.17
721,1377626497,21.19
721,1377626502,21.18
721,1377626507,21.19
721,1377626512,21.17
721,1377626517,21.19
721,1377626528,21.18
721,1377626532,21.19
721,1377626537,21.18
721,1377626542,21.19
721,1377626547,21.19
721,1377626552,21.19
721,1377626557,21.19
721,1377626562,21.18
721,1377626567,21.2
721,1377626572,21.19
721,1377626577,21.2
721,1377626582,21.2
721,1377626587,21.19
721,1377626592,21.2
721,1377626597,21.19
721,1377626602,21.18
721,1377626607,21.2
721,1377626612,21.19
721,1377626617,21.2
721,1377626622,21.2
721,1377626627,21.2
721,1377626632,21.2
721,1377626637,21.2
721,1377626643,21.2
721,1377626647,21.2
721,1377626652,21.22
721,1377626657,21.2
721,1377626662,21.2
721,1377626667,21.2
721,1377626672,21.21
721,1377626677,21.21
721,1377626682,21.22
721,1377626687,21.2
721,1377626692,21.21
721,1377626697,21.2
721,1377626702,21.21
721,1377626707,21.21
721,1377626712,21.22
721,1377626717,21.22
721,1377626722,21.21
721,1377626727,21.21
721,1377626732,21.21
721,1377626737,21.21
721,1377626742,21.22
721,1377626747,21.23
721,1377626752,21.22
721,1377645743,22.62
721,1377645769,22.62
721,1377645782,22.61
721,1377645787,22.62
721,1377645792,22.62
721,1377645797,22.61
721,1377645802,22.63
721,1377645807,22.62
721,1377645812,22.62
721,1377645817,22.61
721,1377645822,22.61
721,1377645827,22.61
721,1377645832,22.62
721,1377645837,22.62
721,1377645842,22.62
721,1377645847,22.62
721,1377645852,22.62
721,1377645857,22.61
721,1377645862,22.62
721,1377645867,22.61
721,1377645872,22.62
721,1377645877,22.63
721,1377645882,22.62
721,1377645887,22.63
721,1377645892,22.63
721,1377645897,22.62
721,1377645902,22.63
721,1377645907,22.62
721,1377645912,22.62
721,1377645917,22.63
721,1377645922,22.62
721,1377645927,22.62
721,1377645932,22.62
721,1377645937,22.62
721,1377645942,22.63
721,1377645947,22.62
721,1377645952,22.62
721,1377645957,22.61
721,1377645962,22.62
721,1377645967,22.62
721,1377645972,22.62
721,1377645977,22.62
721,1377645982,22.62
721,1377645987,22.61
721,1377645992,22.62
721,1377645997,22.62
721,1377646002,22.62
721,1377646007,22.62
721,1377646012,22.6
721,1377646017,22.61
721,1377646022,22.62
721,1377646027,22.63
721,1377646032,22.62
721,1377646037,22.62
721,1377646042,22.62
721,1377646047,22.62
721,1377646052,22.62
721,1377646057,22.62
721,1377646062,22.62
721,1377646067,22.62
721,1377646072,22.64
721,1377646077,22.63
721,1377646082,22.63
721,1377646087,22.63
721,1377646092,22.62
721,1377646097,22.62
721,1377646102,22.62
721,1377646107,22.62
721,1377646112,22.62
721,1377646117,22.62
721,1377646122,22.62
721,1377646127,22.62
721,1377646132,22.62
721,1377646137,22.62
721,1377646142,22.63
721,1377646147,22.63
721,1377646152,22.62
721,1377646157,22.62
721,1377646162,22.62
721,1377646167,22.62
721,1377646172,22.62
721,1377646177,22.63
721,1377646182,22.62
721,1377646187,22.63
721,1377646192,22.62
721,1377646197,22.63
721,1377646202,22.62
721,1377646207,22.62
721,1377646212,22.62
721,1377646217,22.63
721,1377646222,22.63
721,1377646227,22.63
721,1377646232,22.63
721,1377646237,22.63
721,1377646242,22.62
721,1377646247,22.63
721,1377646252,22.62
721,1377646257,22.62
721,1377646262,22.62
721,1377646267,22.63
721,1377646272,22.63
721,1377646277,22.62
721,1377646282,22.63
721,1377646287,22.63
721,1377646292,22.61
721,1377646297,22.62
721,1377646302,22.62
721,1377646307,22.62
721,1377646312,22.62
721,1377646317,22.62
721,1377646322,22.63
721,1377646327,22.63
721,1377646332,22.62
721,1377646337,22.62
721,1377646342,22.61
721,1377646347,22.63
721,1377646352,22.62
721,1377646357,22.63
721,1377646362,22.64
721,1377646367,22.62
721,1377646372,22.63
721,1377646377,22.62
721,1377646382,22.62
721,1377646387,22.61
721,1377646392,22.62
721,1377646397,22.63
721,1377646402,22.62
721,1377646407,22.62
721,1377646412,22.62
721,1377646417,22.62
721,1377646422,22.62
721,1377646427,22.64
721,1377646432,22.62
721,1377646437,22.62
721,1377646442,22.62
721,1377646447,22.63
721,1377646452,22.61
721,1377646457,22.62
721,1377646462,22.62
721,1377646467,22.62
721,1377646472,22.62
721,1377646477,22.61
721,1377646482,22.62
721,1377646487,22.62
721,1377646492,22.62
721,1377646497,22.62
721,1377646502,22.62
721,1377646507,22.62
721,1377646512,22.63
721,1377646517,22.62
721,1377646522,22.62
721,1377646527,22.63
721,1377646532,22.62
721,1377646537,22.63
721,1377646542,22.62
721,1377646547,22.62
721,1377646552,22.62
721,1377646557,22.62
721,1377646562,22.62
721,1377646567,22.63
721,1377646572,22.64
721,1377646577,22.62
721,1377646582,22.62
721,1377646587,22.63
721,1377646592,22.62
721,1377646597,22.63
721,1377646602,22.62
721,1377646607,22.62
721,1377646612,22.63
721,1377646617,22.64
721,1377646622,22.62
721,1377646627,22.6
721,1377646632,22.63
721,1377646637,22.62
721,1377646642,22.62
721,1377646647,22.61
721,1377646652,22.63
721,1377646657,22.62
721,1377646662,22.61
721,1377646667,22.62
721,1377646672,22.62
721,1377646677,22.62
721,1377646682,22.62
721,1377646687,22.63
721,1377646692,22.62
721,1377646697,22.61
721,1377646702,22.62
721,1377646707,22.62
721,1377646712,22.61
721,1377646717,22.62
721,1377646722,22.62
721,1377646727,22.62
721,1377646732,22.62
721,1377646737,22.62
721,1377646742,22.61
721,1377646747,22.6
721,1377646752,22.61
721,1377646757,22.62
721,1377646762,22.63
721,1377646767,22.62
721,1377646772,22.62
721,1377646777,22.63
721,1377646782,22.63
721,1377646787,22.62
721,1377646792,22.62
721,1377646797,22.63
721,1377646802,22.62
721,1377646807,22.62
721,1377646812,22.62
721,1377646817,22.61
721,1377646822,22.63
721,1377646827,22.62
721,1377646832,22.62
721,1377646837,22.62
721,1377646842,22.62
721,1377646847,22.61
721,1377646852,22.61
721,1377646857,22.61
721,1377646862,22.62
721,1377646867,22.62
721,1377646872,22.62
721,1377646877,22.62
721,1377646882,22.62
721,1377646887,22.61
721,1377646892,22.61
721,1377646897,22.62
721,1377646902,22.63
721,1377646907,22.61
721,1377646912,22.62
721,1377646917,22.62
721,1377646922,22.62
721,1377646927,22.62
721,1377646932,22.62
721,1377646937,22.62
721,1377646942,22.61
721,1377646947,22.61
721,1377646952,22.62
721,1377646957,22.62
721,1377646962,22.62
721,1377646967,22.62
721,1377646972,22.61
721,1377646977,22.62
721,1377646982,22.62
721,1377646987,22.62
721,1377646992,22.62
721,1377646997,22.62
721,1377647002,22.62
721,1377647007,22.62
721,1377647012,22.62
721,1377647017,22.62
721,1377647022,22.62
721,1377647027,22.63
721,1377647032,22.64
721,1377647037,22.62
721,1377647042,22.63
721,1377647047,22.63
721,1377647052,22.62
721,1377647057,22.62
721,1377647062,22.64
721,1377647067,22.62
721,1377647072,22.63
721,1377647077,22.61
721,1377647082,22.64
721,1377647087,22.62
721,1377647092,22.63
721,1377647097,22.62
721,1377647102,22.62
721,1377647107,22.62
721,1377647112,22.63
721,1377647117,22.62
721,1377647122,22.62
721,1377647127,22.62
721,1377647132,22.62
721,1377647137,22.62
721,1377647142,22.62
721,1377647147,22.62
721,1377647152,22.62
721,1377647157,22.62
721,1377647162,22.63
721,1377647167,22.63
721,1377647172,22.62
721,1377647177,22.62
721,1377647182,22.64
721,1377647187,22.64
721,1377647192,22.62
721,1377647197,22.62
721,1377647202,22.63
721,1377647207,22.64
721,1377647212,22.62
721,1377647217,22.62
721,1377647222,22.62
721,1377647227,22.63
721,1377647232,22.62
721,1377647237,22.62
721,1377647242,22.64
721,1377647247,22.63
721,1377647252,22.62
721,1377647257,22.62
721,1377647262,22.63
721,1377647267,22.64
721,1377647272,22.63
721,1377647277,22.64
721,1377647282,22.63
721,1377647287,22.64
721,1377647292,22.63
721,1377647297,22.63
721,1377647302,22.63
721,1377647307,22.62
721,1377647312,22.62
721,1377647317,22.62
721,1377647322,22.64
721,1377647327,22.63
721,1377647332,22.63
721,1377647337,22.63
721,1377647342,22.62
721,1377647347,22.62
721,1377647352,22.63
721,1377647357,22.63
721,1377647362,22.64
721,1377647367,22.62
721,1377647372,22.63
721,1377647377,22.61
721,1377647382,22.62
721,1377647387,22.62
721,1377647392,22.61
721,1377647397,22.64
721,1377647402,22.63
721,1377647407,22.62
721,1377647412,22.62
721,1377647417,22.62
721,1377647422,22.62
721,1377647427,22.62
721,1377647432,22.62
721,1377647437,22.63
721,1377647442,22.63
721,1377647447,22.62
721,1377647452,22.63
721,1377647457,22.62
721,1377647462,22.62
721,1377647467,22.63
721,1377647472,22.62
721,1377647477,22.63
721,1377647482,22.62
721,1377647487,22.62
721,1377647492,22.62
721,1377647497,22.62
721,1377647502,22.63
721,1377647507,22.62
721,1377647512,22.63
721,1377647517,22.62
721,1377647522,22.62
721,1377647527,22.62
721,1377647532,22.63
721,1377647537,22.63
721,1377647542,22.62
721,1377647547,22.62
721,1377647552,22.62
721,1377647557,22.63
721,1377647562,22.62
721,1377647567,22.62
721,1377647572,22.62
721,1377647577,22.62
721,1377647582,22.62
721,1377647587,22.63
721,1377647592,22.62
721,1377647597,22.62
721,1377647602,22.62
721,1377647607,22.62
721,1377647612,22.63
721,1377647617,22.63
721,1377647622,22.63
721,1377647627,22.62
721,1377647632,22.62
721,1377647637,22.62
721,1377647642,22.62
721,1377647647,22.62
721,1377647652,22.63
721,1377647657,22.64
721,1377647662,22.64
721,1377647667,22.63
721,1377647672,22.63
721,1377647677,22.64
721,1377647682,22.63
721,1377647687,22.63
721,1377647692,22.63
721,1377647697,22.63
721,1377647702,22.63
721,1377647707,22.62
721,1377647712,22.62
721,1377647717,22.61
721,1377647722,22.62
721,1377647727,22.63
721,1377647732,22.62
721,1377647737,22.64
721,1377647742,22.63
721,1377647747,22.62
721,1377647752,22.62
721,1377647757,22.62
721,1377647762,22.62
721,1377647767,22.63
721,1377647772,22.62
721,1377647777,22.63
721,1377647782,22.62
721,1377647787,22.62
721,1377647792,22.63
721,1377647797,22.62
721,1377647802,22.63
721,1377647807,22.63
721,1377647812,22.63
721,1377647817,22.64
721,1377647822,22.62
721,1377647827,22.61
721,1377647832,22.62
721,1377647837,22.63
721,1377647842,22.62
721,1377647847,22.62
721,1377647852,22.62
721,1377647857,22.63
721,1377647862,22.62
721,1377647867,22.62
721,1377647872,22.62
721,1377647877,22.63
721,1377647882,22.62
721,1377647887,22.62
721,1377647892,22.62
721,1377647897,22.62
721,1377647902,22.64
721,1377647907,22.63
721,1377647912,22.63
721,1377647917,22.62
721,1377647922,22.63
721,1377647927,22.62
721,1377647932,22.63
721,1377647937,22.63
721,1377647942,22.63
721,1377647947,22.64
721,1377647952,22.63
721,1377647957,22.63
721,1377647962,22.62
721,1377647967,22.64
721,1377647972,22.63
721,1377647977,22.63
721,1377647982,22.62
721,1377647987,22.63
721,1377647992,22.64
721,1377647997,22.63
721,1377648002,22.63
721,1377648007,22.63
721,1377648012,22.63
721,1377648017,22.62
721,1377648022,22.63
721,1377648027,22.62
721,1377648032,22.63
721,1377648037,22.63
721,1377648042,22.63
721,1377648047,22.62
721,1377648052,22.62
721,1377648057,22.62
721,1377648062,22.64
721,1377648067,22.63
721,1377648072,22.62
721,1377648077,22.63
721,1377648082,22.64
721,1377648087,22.63
721,1377648092,22.63
721,1377648097,22.63
721,1377648102,22.62
721,1377648107,22.63
721,1377648112,22.62
721,1377648117,22.63
721,1377648122,22.62
721,1377648127,22.62
721,1377648132,22.62
721,1377648137,22.63
721,1377648142,22.64
721,1377648147,22.62
721,1377648152,22.64
721,1377648157,22.62
721,1377648162,22.62
721,1377648167,22.62
721,1377648172,22.62
721,1377648177,22.64
721,1377648182,22.64
721,1377648187,22.64
721,1377648192,22.62
721,1377648197,22.62
721,1377648202,22.63
721,1377648207,22.63
721,1377648212,22.62
721,1377648217,22.64
721,1377648222,22.64
721,1377648227,22.63
721,1377648232,22.63
721,1377648237,22.63
721,1377648242,22.63
721,1377648247,22.63
721,1377648252,22.64
721,1377648257,22.63
721,1377648262,22.64
721,1377648267,22.62
721,1377648272,22.63
721,1377648277,22.62
721,1377648282,22.63
721,1377648287,22.62
721,1377648292,22.63
721,1377648297,22.64
721,1377648302,22.63
721,1377648307,22.62
721,1377648312,22.62
721,1377648317,22.64
721,1377648322,22.62
721,1377648327,22.63
721,1377648332,22.62
721,1377648337,22.62
721,1377648342,22.64
721,1377648347,22.62
721,1377648352,22.63
721,1377648357,22.62
721,1377648362,22.63
721,1377648367,22.62
721,1377648372,22.64
721,1377648377,22.64
721,1377648382,22.64
721,1377648387,22.63
721,1377648392,22.63
721,1377648397,22.64
721,1377648402,22.63
721,1377648407,22.63
721,1377648412,22.63
721,1377648417,22.63
721,1377648422,22.62
721,1377648427,22.62
721,1377648432,22.62
721,1377648437,22.62
721,1377648442,22.64
721,1377648447,22.62
721,1377648452,22.63
721,1377648457,22.63
721,1377648462,22.62
721,1377648467,22.62
721,1377648472,22.64
721,1377648477,22.62
721,1377648482,22.63
721,1377648487,22.63
721,1377648492,22.63
721,1377648497,22.63
721,1377648502,22.63
721,1377648507,22.63
721,1377648512,22.63
721,1377648517,22.62
721,1377648522,22.63
721,1377648527,22.64
721,1377648532,22.63
721,1377648537,22.64
721,1377648542,22.63
721,1377648547,22.64
721,1377648552,22.63
721,1377648557,22.64
721,1377648562,22.63
721,1377648567,22.64
721,1377648572,22.64
721,1377648577,22.64
721,1377648582,22.63
721,1377648587,22.64
721,1377648592,22.63
721,1377648597,22.63
721,1377648602,22.64
721,1377648607,22.64
721,1377648612,22.64
721,1377648617,22.63
721,1377648622,22.64
721,1377648627,22.64
721,1377648632,22.63
721,1377648637,22.64
721,1377648642,22.63
721,1377648647,22.63
721,1377648652,22.64
721,1377648657,22.64
721,1377648662,22.64
721,1377648667,22.63
721,1377648672,22.64
721,1377648677,22.64
721,1377648682,22.63
721,1377648687,22.64
721,1377648692,22.63
721,1377648697,22.63
721,1377648702,22.64
721,1377648707,22.63
721,1377648712,22.63
721,1377648717,22.62
721,1377648722,22.64
721,1377648727,22.62
721,1377648732,22.62
721,1377648737,22.63
721,1377648742,22.63
721,1377648747,22.62
721,1377648752,22.62
721,1377648757,22.63
721,1377648762,22.63
721,1377648767,22.63
721,1377648772,22.62
721,1377648777,22.62
721,1377648782,22.62
721,1377648787,22.62
721,1377648792,22.63
721,1377648797,22.63
721,1377648802,22.64
721,1377648807,22.62
721,1377648812,22.63
721,1377648817,22.63
721,1377648822,22.64
721,1377648827,22.64
721,1377648832,22.63
721,1377648837,22.63
721,1377648842,22.63
721,1377648847,22.63
721,1377648852,22.64
721,1377648857,22.62
721,1377648862,22.63
721,1377648867,22.64
721,1377648872,22.64
721,1377648877,22.63
721,1377648882,22.63
721,1377648887,22.64
721,1377648892,22.63
721,1377648897,22.64
721,1377648902,22.64
721,1377648907,22.63
721,1377648912,22.63
721,1377648917,22.63
721,1377648922,22.64
721,1377648927,22.62
721,1377648932,22.64
721,1377648937,22.64
721,1377648942,22.64
721,1377648947,22.64
721,1377648952,22.64
721,1377648957,22.62
721,1377648962,22.64
721,1377648967,22.64
721,1377648972,22.63
721,1377648977,22.63
721,1377648982,22.62
721,1377648987,22.63
721,1377648992,22.62
721,1377648997,22.62
721,1377649002,22.63
721,1377649007,22.62
721,1377649012,22.62
721,1377649017,22.63
721,1377649022,22.63
721,1377649027,22.63
721,1377649032,22.63
721,1377649037,22.64
721,1377649042,22.64
721,1377649047,22.63
721,1377649052,22.64
721,1377649057,22.63
721,1377649062,22.63
721,1377649067,22.64
721,1377649072,22.64
721,1377649077,22.64
721,1377649082,22.63
721,1377649087,22.63
721,1377649092,22.64
721,1377649097,22.64
721,1377649102,22.63
721,1377649107,22.63
721,1377649112,22.62
721,1377649117,22.64
721,1377649122,22.63
721,1377649127,22.63
721,1377649132,22.63
721,1377649137,22.63
721,1377649142,22.64
721,1377649147,22.63
721,1377649152,22.62
721,1377649157,22.64
721,1377649162,22.64
721,1377649167,22.62
721,1377649172,22.63
721,1377649177,22.64
721,1377649182,22.63
721,1377649187,22.63
721,1377649192,22.64
721,1377649197,22.63
721,1377649202,22.63
721,1377649207,22.63
721,1377649212,22.62
721,1377649217,22.63
721,1377649222,22.63
721,1377649227,22.63
721,1377649232,22.64
721,1377649237,22.63
721,1377649242,22.62
721,1377649247,22.63
721,1377649252,22.63
721,1377649257,22.63
721,1377649262,22.62
721,1377649267,22.64
721,1377649272,22.64
721,1377649277,22.62
721,1377649282,22.63
721,1377649287,22.64
721,1377649292,22.64
721,1377649297,22.63
721,1377649302,22.63
721,1377649307,22.63
721,1377649312,22.62
721,1377649317,22.63
721,1377649322,22.63
721,1377649327,22.63
721,1377649332,22.64
721,1377649337,22.63
721,1377649342,22.63
721,1377649347,22.63
721,1377649352,22.63
721,1377649357,22.64
721,1377649362,22.64
721,1377649367,22.62
721,1377649372,22.62
721,1377649377,22.64
721,1377649382,22.63
721,1377649387,22.63
721,1377649392,22.63
721,1377649397,22.63
721,1377649402,22.64
721,1377649407,22.63
721,1377649412,22.64
721,1377649417,22.63
721,1377649422,22.63
721,1377649427,22.63
721,1377649432,22.64
721,1377649437,22.64
721,1377649442,22.63
721,1377649447,22.64
721,1377649452,22.64
721,1377649457,22.63
721,1377649462,22.63
721,1377649467,22.62
721,1377649472,22.63
721,1377649477,22.63
721,1377649482,22.64
721,1377649487,22.63
721,1377649492,22.62
721,1377649497,22.64
721,1377649502,22.63
721,1377649507,22.62
721,1377649512,22.62
721,1377649517,22.62
721,1377649522,22.63
721,1377649527,22.64
721,1377649532,22.63
721,1377649537,22.64
721,1377649542,22.62
721,1377649547,22.64
721,1377649552,22.64
721,1377649557,22.63
721,1377649562,22.63
721,1377649567,22.62
721,1377649572,22.63
721,1377649577,22.64
721,1377649582,22.64
721,1377649587,22.64
721,1377649592,22.63
721,1377649597,22.62
721,1377649602,22.63
721,1377649607,22.62
721,1377649612,22.62
721,1377649617,22.62
721,1377649622,22.62
721,1377649627,22.64
721,1377649632,22.64
721,1377649637,22.63
721,1377649642,22.63
721,1377649647,22.64
721,1377649652,22.64
721,1377649657,22.64
721,1377649662,22.64
721,1377649667,22.62
721,1377649672,22.63
721,1377649677,22.63
721,1377649682,22.64
721,1377649687,22.64
721,1377649692,22.63
721,1377649697,22.64
721,1377649702,22.63
721,1377649707,22.64
721,1377649712,22.64
721,1377649717,22.64
721,1377649722,22.64
721,1377649727,22.64
721,1377649732,22.64
721,1377649737,22.63
721,1377649742,22.63
721,1377649747,22.64
721,1377649752,22.63
721,1377649757,22.64
721,1377649762,22.63
721,1377649767,22.63
721,1377649772,22.64
721,1377649777,22.64
721,1377649782,22.63
721,1377649787,22.63
721,1377649792,22.62
721,1377649797,22.63
721,1377649802,22.64
721,1377649807,22.64
721,1377649812,22.63
721,1377649817,22.63
721,1377649822,22.64
721,1377649827,22.63
721,1377649832,22.63
721,1377649837,22.64
721,1377649842,22.63
721,1377649847,22.64
721,1377649852,22.63
721,1377649857,22.64
721,1377649862,22.63
721,1377649867,22.62
721,1377649872,22.62
721,1377649877,22.63
721,1377649882,22.63
721,1377649887,22.64
721,1377649892,22.63
721,1377649897,22.64
721,1377649902,22.62
721,1377649907,22.62
721,1377649912,22.62
721,1377649917,22.63
721,1377649922,22.63
721,1377649927,22.63
721,1377649932,22.63
721,1377649937,22.64
721,1377649942,22.64
721,1377649947,22.62
721,1377649952,22.63
721,1377649957,22.63
721,1377649962,22.63
721,1377649967,22.64
721,1377649972,22.63
721,1377649977,22.62
721,1377649982,22.63
721,1377649987,22.63
721,1377649992,22.63
721,1377649997,22.63
721,1377650002,22.64
721,1377650007,22.63
721,1377650012,22.64
721,1377650017,22.64
721,1377650022,22.63
721,1377650027,22.63
721,1377650032,22.64
721,1377650037,22.64
721,1377650042,22.63
721,1377650047,22.63
721,1377650052,22.64
721,1377650057,22.64
721,1377650062,22.62
721,1377650067,22.64
721,1377650072,22.64
721,1377650077,22.64
721,1377650082,22.63
721,1377650087,22.64
721,1377650092,22.63
721,1377650097,22.64
721,1377650102,22.65
721,1377650107,22.64
721,1377650112,22.64
721,1377650117,22.64
721,1377650122,22.63
721,1377650127,22.62
721,1377650132,22.63
721,1377650137,22.63
721,1377650142,22.63
721,1377650147,22.63
721,1377650152,22.63
721,1377650157,22.63
721,1377650162,22.64
721,1377650167,22.64
721,1377650172,22.64
721,1377650177,22.62
721,1377650182,22.62
721,1377650187,22.63
721,1377650192,22.64
721,1377650197,22.64
721,1377650202,22.63
721,1377650207,22.62
721,1377650212,22.63
721,1377650217,22.63
721,1377650222,22.64
721,1377650227,22.64
721,1377650232,22.64
721,1377650237,22.63
721,1377650242,22.62
721,1377650247,22.64
721,1377650252,22.63
721,1377650257,22.63
721,1377650262,22.62
721,1377650267,22.63
721,1377650272,22.64
721,1377650277,22.62
721,1377650282,22.63
721,1377650287,22.63
721,1377650292,22.64
721,1377650297,22.64
721,1377650302,22.64
721,1377650307,22.63
721,1377650312,22.64
721,1377650317,22.63
721,1377650322,22.64
721,1377650327,22.64
721,1377650332,22.64
721,1377650337,22.64
721,1377650342,22.64
721,1377650347,22.63
721,1377650352,22.62
721,1377650357,22.64
721,1377650362,22.63
721,1377650367,22.62
721,1377650372,22.62
721,1377650377,22.63
721,1377650382,22.62
721,1377650387,22.63
721,1377650392,22.62
721,1377650397,22.63
721,1377650402,22.63
721,1377650407,22.64
721,1377650412,22.64
721,1377650417,22.63
721,1377650422,22.62
721,1377650427,22.64
721,1377650432,22.64
721,1377650437,22.63
721,1377650442,22.64
721,1377650447,22.62
721,1377650452,22.63
721,1377650457,22.63
721,1377650462,22.63
721,1377650467,22.63
721,1377650472,22.63
721,1377650477,22.63
721,1377650482,22.63
721,1377650487,22.63
721,1377650492,22.63
721,1377650497,22.63
721,1377650502,22.64
721,1377650507,22.62
721,1377650512,22.62
721,1377650517,22.63
721,1377650522,22.63
721,1377650527,22.62
721,1377650532,22.63
721,1377650537,22.64
721,1377650542,22.62
721,1377650547,22.63
721,1377650552,22.62
721,1377650557,22.63
721,1377650562,22.64
721,1377650567,22.63
721,1377650572,22.63
721,1377650577,22.62
721,1377650582,22.63
721,1377650587,22.64
721,1377650592,22.63
721,1377650597,22.63
721,1377650602,22.62
721,1377650607,22.63
721,1377650612,22.62
721,1377650617,22.63
721,1377650622,22.64
721,1377650627,22.63
721,1377650632,22.64
721,1377650637,22.62
721,1377650642,22.62
721,1377650647,22.63
721,1377650652,22.64
721,1377650657,22.62
721,1377650662,22.64
721,1377650667,22.63
721,1377650672,22.64
721,1377650677,22.62
721,1377650682,22.63
721,1377650687,22.63
721,1377650692,22.64
721,1377650697,22.64
721,1377650702,22.64
721,1377650707,22.62
721,1377650712,22.62
721,1377650717,22.64
721,1377650722,22.63
721,1377650727,22.63
721,1377650732,22.64
721,1377650737,22.64
721,1377650742,22.63
721,1377650747,22.63
721,1377650752,22.62
721,1377650757,22.64
721,1377650762,22.64
721,1377650767,22.64
721,1377650772,22.64
721,1377650777,22.64
721,1377650782,22.64
721,1377650786,22.64
721,1377650792,22.64
721,1377650797,22.64
721,1377650802,22.64
721,1377650806,22.64
721,1377650812,22.64
721,1377650817,22.64
721,1377650822,22.64
721,1377650827,22.64
721,1377650831,22.63
721,1377650837,22.64
721,1377650842,22.63
721,1377650846,22.64
721,1377650851,22.63
721,1377650857,22.64
721,1377650861,22.64
721,1377650867,22.64
721,1377650872,22.64
721,1377650877,22.64
721,1377650881,22.64
721,1377650887,22.63
721,1377650892,22.64
721,1377650896,22.64
721,1377650901,22.65
721,1377650907,22.65
721,1377650912,22.64
721,1377650917,22.65
721,1377650921,22.64
721,1377650926,22.64
721,1377650931,22.64
721,1377650936,22.64
721,1377650942,22.64
721,1377650947,22.64
721,1377650952,22.65
721,1377650957,22.64
721,1377650961,22.64
721,1377650967,22.66
721,1377650972,22.66
721,1377650977,22.64
721,1377650982,22.66
721,1377650986,22.65
721,1377650991,22.65
721,1377650997,22.64
721,1377651001,22.65
721,1377651007,22.65
721,1377651011,22.65
721,1377651016,22.64
721,1377651022,22.64
721,1377651027,22.65
721,1377651032,22.64
721,1377651037,22.66
721,1377651041,22.65
721,1377651046,22.65
721,1377651051,22.65
721,1377651057,22.64
721,1377651061,22.65
721,1377651066,22.65
721,1377651071,22.65
721,1377651077,22.66
721,1377651082,22.64
721,1377651086,22.64
721,1377651091,22.65
721,1377651097,22.66
721,1377651102,22.65
721,1377651106,22.65
721,1377651111,22.67
721,1377651116,22.66
721,1377651121,22.66
721,1377651127,22.65
721,1377651132,22.65
721,1377651137,22.66
721,1377651141,22.66
721,1377651146,22.67
721,1377651151,22.64
721,1377651157,22.66
721,1377651162,22.67
721,1377651166,22.66
721,1377651171,22.65
721,1377651176,22.66
721,1377651181,22.66
721,1377651186,22.66
721,1377651192,22.66
721,1377651197,22.65
721,1377651201,22.66
721,1377651206,22.66
721,1377651211,22.67
721,1377651216,22.66
721,1377651221,22.65
721,1377651227,22.65
721,1377651231,22.65
721,1377651236,22.66
721,1377651242,22.66
721,1377651246,22.66
721,1377651251,22.66
721,1377651256,22.66
721,1377651261,22.66
721,1377651266,22.66
721,1377651271,22.66
721,1377651277,22.66
721,1377651281,22.66
721,1377651286,22.67
721,1377651291,22.66
721,1377651296,22.67
721,1377651301,22.67
721,1377651306,22.66
721,1377651311,22.66
721,1377651316,22.66
721,1377651321,22.68
721,1377651326,22.66
721,1377651331,22.66
721,1377651336,22.67
721,1377651341,22.66
721,1377651347,22.66
721,1377651351,22.66
721,1377651356,22.66
721,1377651361,22.66
721,1377651366,22.67
721,1377651371,22.67
721,1377651377,22.66
721,1377651381,22.66
721,1377651386,22.66
721,1377651391,22.67
721,1377651396,22.67
721,1377651402,22.66
721,1377651406,22.67
721,1377651411,22.67
721,1377651416,22.68
721,1377651421,22.66
721,1377651426,22.67
721,1377651431,22.67
721,1377651436,22.67
721,1377651441,22.67
721,1377651446,22.67
721,1377651451,22.67
721,1377651456,22.67
721,1377651461,22.68
721,1377651467,22.68
721,1377651471,22.68
721,1377651476,22.66
721,1377651481,22.68
721,1377651486,22.68
721,1377651491,22.68
721,1377651496,22.67
721,1377651501,22.67
721,1377651506,22.68
721,1377651511,22.68
721,1377651516,22.67
721,1377651521,22.67
721,1377651526,22.68
721,1377651531,22.67
721,1377651536,22.67
721,1377651541,22.68
721,1377651546,22.67
721,1377651551,22.68
721,1377651556,22.68
721,1377651561,22.68
721,1377651566,22.68
721,1377651571,22.67
721,1377651576,22.67
721,1377651581,22.68
721,1377651586,22.68
721,1377651591,22.68
721,1377651596,22.68
721,1377651601,22.68
721,1377651606,22.68
721,1377651611,22.68
721,1377651616,22.69
721,1377651621,22.69
721,1377651626,22.68
721,1377651631,22.68
721,1377651636,22.68
721,1377651641,22.68
721,1377651646,22.67
721,1377651651,22.68
721,1377651656,22.68
721,1377651661,22.68
721,1377651666,22.68
721,1377651671,22.68
721,1377651676,22.68
721,1377651681,22.68
721,1377651686,22.68
721,1377651691,22.67
721,1377651696,22.69
721,1377651701,22.67
721,1377651706,22.68
721,1377651711,22.68
721,1377651716,22.67
721,1377651721,22.68
721,1377651726,22.68
721,1377651731,22.69
721,1377651736,22.69
721,1377651741,22.69
721,1377651746,22.68
721,1377651751,22.68
721,1377651757,22.69
721,1377651761,22.68
721,1377651766,22.68
721,1377651771,22.69
721,1377651776,22.69
721,1377651781,22.69
721,1377651786,22.69
721,1377651791,22.69
721,1377651796,22.69
721,1377651801,22.7
721,1377651806,22.68
721,1377651811,22.7
721,1377651816,22.68
721,1377651821,22.68
721,1377651826,22.68
721,1377651831,22.68
721,1377651836,22.7
721,1377651841,22.69
721,1377651846,22.7
721,1377651851,22.69
721,1377651856,22.7
721,1377651861,22.7
721,1377651866,22.7
721,1377651871,22.7
721,1377651876,22.7
721,1377651881,22.7
721,1377651886,22.7
721,1377651891,22.7
721,1377651896,22.7
721,1377651901,22.7
721,1377651906,22.7
721,1377651911,22.7
721,1377651916,22.7
721,1377651921,22.7
721,1377651927,22.7
721,1377651931,22.7
721,1377651936,22.69
721,1377651941,22.68
721,1377651946,22.69
721,1377651951,22.7
721,1377651956,22.7
721,1377651961,22.7
721,1377651966,22.7
721,1377651971,22.7
721,1377651976,22.7
721,1377651981,22.7
721,1377651986,22.7
721,1377651991,22.69
721,1377651996,22.71
721,1377652001,22.7
721,1377652006,22.7
721,1377652011,22.7
721,1377652016,22.7
721,1377652021,22.71
721,1377652026,22.71
721,1377652031,22.71
721,1377652036,22.7
721,1377652041,22.71
721,1377652046,22.71
721,1377652051,22.71
721,1377652056,22.7
721,1377652061,22.7
721,1377652066,22.71
721,1377652071,22.72
721,1377652076,22.72
721,1377652081,22.71
721,1377652086,22.71
721,1377652091,22.71
721,1377652096,22.72
721,1377652101,22.72
721,1377652106,22.72
721,1377652111,22.71
721,1377652116,22.72
721,1377652121,22.72
721,1377652126,22.72
721,1377652131,22.72
721,1377652136,22.73
721,1377652141,22.72
721,1377652146,22.73
721,1377652151,22.72
721,1377652156,22.72
721,1377652161,22.72
721,1377652166,22.72
721,1377652171,22.73
721,1377652176,22.72
721,1377652181,22.72
721,1377652186,22.72
721,1377652191,22.72
721,1377652196,22.72
721,1377652201,22.72
721,1377652206,22.72
721,1377652211,22.73
721,1377652216,22.73
721,1377652221,22.72
721,1377652226,22.73
721,1377652231,22.72
721,1377652236,22.72
721,1377652241,22.73
721,1377652246,22.72
721,1377652251,22.71
721,1377652256,22.72
721,1377652261,22.74
721,1377652266,22.73
721,1377652271,22.73
721,1377652276,22.73
721,1377652281,22.74
721,1377652286,22.72
721,1377652291,22.73
721,1377652296,22.73
721,1377652301,22.74
721,1377652306,22.72
721,1377652312,22.74
721,1377652316,22.74
721,1377652321,22.74
721,1377652326,22.74
721,1377652331,22.74
721,1377652336,22.74
721,1377652341,22.74
721,1377652346,22.74
721,1377652351,22.74
721,1377652356,22.74
721,1377652361,22.75
721,1377652366,22.74
721,1377652371,22.74
721,1377652376,22.74
721,1377652381,22.75
721,1377652386,22.75
721,1377652391,22.74
721,1377652396,22.75
721,1377652401,22.75
721,1377652406,22.75
721,1377652411,22.75
721,1377652416,22.76
721,1377652421,22.75
721,1377652426,22.75
721,1377652431,22.74
721,1377652436,22.75
721,1377652441,22.74
721,1377652446,22.75
721,1377652451,22.74
721,1377652456,22.74
721,1377652461,22.75
721,1377652466,22.75
721,1377652471,22.75
721,1377652476,22.74
721,1377652481,22.75
721,1377652486,22.74
721,1377652491,22.75
721,1377652496,22.75
721,1377652501,22.74
721,1377652506,22.75
721,1377652511,22.76
721,1377652516,22.76
721,1377652521,22.74
721,1377652526,22.74
721,1377652531,22.75
721,1377652536,22.74
721,1377652541,22.76
721,1377652546,22.76
721,1377652551,22.76
721,1377652556,22.76
721,1377652561,22.75
721,1377652566,22.76
721,1377652571,22.76
721,1377652576,22.75
721,1377652581,22.76
721,1377652586,22.76
721,1377652591,22.76
721,1377652596,22.77
721,1377652601,22.75
721,1377652607,22.77
721,1377652611,22.76
721,1377652616,22.76
721,1377652621,22.75
721,1377652626,22.76
721,1377652631,22.76
721,1377652636,22.76
721,1377652641,22.77
721,1377652646,22.78
721,1377652651,22.76
721,1377652656,22.76
721,1377652661,22.76
721,1377652666,22.77
721,1377652671,22.76
721,1377652676,22.77
721,1377652681,22.76
721,1377652686,22.76
721,1377652691,22.76
721,1377652696,22.78
721,1377652701,22.76
721,1377652706,22.77
721,1377652711,22.77
721,1377652716,22.77
721,1377652721,22.77
721,1377652726,22.76
721,1377652731,22.77
721,1377652736,22.77
721,1377652741,22.78
721,1377652746,22.77
721,1377652751,22.78
721,1377652756,22.78
721,1377652761,22.77
721,1377652766,22.76
721,1377652771,22.79
721,1377652776,22.77
721,1377652781,22.78
721,1377652786,22.77
721,1377652791,22.78
721,1377652796,22.78
721,1377652801,22.78
721,1377652806,22.78
721,1377652811,22.8
721,1377652816,22.79
721,1377652821,22.78
721,1377652826,22.78
721,1377652831,22.78
721,1377652836,22.78
721,1377652841,22.78
721,1377652846,22.77
721,1377652851,22.78
721,1377652856,22.78
721,1377652861,22.8
721,1377652866,22.78
721,1377652871,22.79
721,1377652876,22.78
721,1377652881,22.79
721,1377652886,22.8
721,1377652891,22.79
721,1377652896,22.78
721,1377652901,22.79
721,1377652906,22.79
721,1377652911,22.79
721,1377652916,22.8
721,1377652921,22.79
721,1377652926,22.8
721,1377652931,22.79
721,1377652936,22.79
721,1377652941,22.8
721,1377652946,22.79
721,1377652951,22.79
721,1377652956,22.78
721,1377652961,22.79
721,1377652966,22.8
721,1377652971,22.8
721,1377652976,22.79
721,1377652981,22.8
721,1377652986,22.8
721,1377652991,22.8
721,1377652996,22.8
721,1377653001,22.8
721,1377653006,22.8
721,1377653011,22.79
721,1377653016,22.81
721,1377653021,22.81
721,1377653026,22.8
721,1377653031,22.8
721,1377653036,22.82
721,1377653041,22.8
721,1377653046,22.8
721,1377653051,22.8
721,1377653056,22.8
721,1377653061,22.81
721,1377653066,22.82
721,1377653071,22.82
721,1377653076,22.82
721,1377653081,22.82
721,1377653086,22.81
721,1377653091,22.81
721,1377653096,22.8
721,1377653101,22.82
721,1377653106,22.82
721,1377653111,22.82
721,1377653116,22.82
721,1377653121,22.82
721,1377653126,22.82
721,1377653131,22.82
721,1377653136,22.82
721,1377653141,22.81
721,1377653146,22.82
721,1377653151,22.82
721,1377653156,22.82
721,1377653161,22.82
721,1377653166,22.82
721,1377653171,22.83
721,1377653176,22.83
721,1377653181,22.82
721,1377653186,22.82
721,1377653191,22.83
721,1377653196,22.82
721,1377653202,22.83
721,1377653206,22.82
721,1377653211,22.82
721,1377653216,22.82
721,1377653221,22.83
721,1377653226,22.82
721,1377653231,22.83
721,1377653236,22.83
721,1377653241,22.83
721,1377653246,22.83
721,1377653251,22.82
721,1377653256,22.82
721,1377653261,22.84
721,1377653266,22.84
721,1377653271,22.84
721,1377653276,22.83
721,1377653281,22.84
721,1377653286,22.83
721,1377653291,22.84
721,1377653296,22.83
721,1377653301,22.84
721,1377653306,22.84
721,1377653311,22.84
721,1377653316,22.84
721,1377653321,22.84
721,1377653326,22.84
721,1377653331,22.84
721,1377653336,22.84
721,1377653341,22.85
721,1377653346,22.84
721,1377653351,22.84
721,1377653356,22.84
721,1377653361,22.84
721,1377653366,22.84
721,1377653371,22.83
721,1377653376,22.84
721,1377653381,22.85
721,1377653386,22.84
721,1377653391,22.85
721,1377653396,22.84
721,1377653401,22.84
721,1377653406,22.84
721,1377653411,22.84
721,1377653416,22.85
721,1377653421,22.84
721,1377653426,22.86
721,1377653431,22.84
721,1377653436,22.84
721,1377653441,22.85
721,1377653446,22.85
721,1377653451,22.85
721,1377653456,22.85
721,1377653461,22.85
721,1377653466,22.84
721,1377653471,22.86
721,1377653476,22.86
721,1377653481,22.86
721,1377653486,22.85
721,1377653491,22.85
721,1377653496,22.86
721,1377653501,22.86
721,1377653506,22.86
721,1377653511,22.86
721,1377653516,22.86
721,1377653521,22.86
721,1377653526,22.85
721,1377653531,22.86
721,1377653536,22.86
721,1377653541,22.86
721,1377653546,22.87
721,1377653551,22.86
721,1377653556,22.86
721,1377653561,22.86
721,1377653566,22.87
721,1377653571,22.87
721,1377653576,22.85
721,1377653581,22.86
721,1377653586,22.87
721,1377653591,22.87
721,1377653596,22.86
721,1377653601,22.87
721,1377653606,22.88
721,1377653611,22.86
721,1377653616,22.87
721,1377653621,22.86
721,1377653626,22.86
721,1377653631,22.88
721,1377653636,22.87
721,1377653641,22.87
721,1377653646,22.88
721,1377653651,22.87
721,1377653656,22.88
721,1377653661,22.88
721,1377653666,22.88
721,1377653671,22.88
721,1377653676,22.87
721,1377653681,22.87
721,1377653686,22.88
721,1377653691,22.87
721,1377653696,22.88
721,1377653701,22.88
721,1377653706,22.87
721,1377653711,22.88
721,1377653716,22.87
721,1377653721,22.89
721,1377653726,22.88
721,1377653731,22.88
721,1377653736,22.88
721,1377653741,22.88
721,1377653746,22.89
721,1377653751,22.87
721,1377653756,22.89
721,1377653761,22.88
721,1377653766,22.88
721,1377653771,22.88
721,1377653776,22.89
721,1377653781,22.89
721,1377653786,22.88
721,1377653791,22.89
721,1377653796,22.89
721,1377653801,22.89
721,1377653806,22.89
721,1377653811,22.88
721,1377653816,22.89
721,1377653821,22.89
721,1377653826,22.88
721,1377653831,22.88
721,1377653836,22.89
721,1377653841,22.88
721,1377653846,22.89
721,1377653851,22.89
721,1377653856,22.89
721,1377653861,22.9
721,1377653866,22.89
721,1377653871,22.9
721,1377653876,22.89
721,1377653881,22.89
721,1377653886,22.89
721,1377653891,22.9
721,1377653896,22.89
721,1377653901,22.9
721,1377653906,22.9
721,1377653911,22.89
721,1377653916,22.89
721,1377653921,22.9
721,1377653926,22.9
721,1377653931,22.9
721,1377653936,22.89
721,1377653941,22.89
721,1377653946,22.9
721,1377653951,22.9
721,1377653956,22.9
721,1377653961,22.89
721,1377653966,22.9
721,1377653971,22.9
721,1377653976,22.9
721,1377653981,22.9
721,1377653986,22.9
721,1377653991,22.9
721,1377653996,22.91
721,1377654001,22.91
721,1377654006,22.9
721,1377654011,22.9
721,1377654016,22.9
721,1377654021,22.91
721,1377654026,22.91
721,1377654031,22.92
721,1377654036,22.91
721,1377654041,22.9
721,1377654046,22.91
721,1377654051,22.91
721,1377654056,22.91
721,1377654061,22.91
721,1377654066,22.92
721,1377654071,22.92
721,1377654076,22.91
721,1377654081,22.91
721,1377654086,22.91
721,1377654091,22.91
721,1377654096,22.92
721,1377654101,22.9
721,1377654106,22.91
721,1377654111,22.92
721,1377654116,22.91
721,1377654121,22.91
721,1377654126,22.91
721,1377654131,22.92
721,1377654136,22.91
721,1377654141,22.93
721,1377654146,22.92
721,1377654151,22.92
721,1377654156,22.93
721,1377654161,22.94
721,1377654166,22.93
721,1377654171,22.94
721,1377654176,22.93
721,1377654181,22.93
721,1377654186,22.92
721,1377654191,22.93
721,1377654196,22.92
721,1377654201,22.94
721,1377654206,22.93
721,1377654211,22.93
721,1377654216,22.93
721,1377654221,22.93
721,1377654226,22.94
721,1377654231,22.92
721,1377654236,22.94
721,1377654241,22.94
721,1377654246,22.95
721,1377654251,22.94
721,1377654256,22.94
721,1377654261,22.94
721,1377654266,22.94
721,1377654271,22.93
721,1377654276,22.93
721,1377654281,22.94
721,1377654286,22.93
721,1377654291,22.94
721,1377654296,22.93
721,1377654301,22.94
721,1377654306,22.93
721,1377654311,22.93
721,1377654316,22.93
721,1377654321,22.93
721,1377654326,22.93
721,1377654331,22.94
721,1377654336,22.94
721,1377654341,22.94
721,1377654346,22.94
721,1377654351,22.94
721,1377654356,22.94
721,1377654361,22.94
721,1377654366,22.94
721,1377654371,22.95
721,1377654376,22.94
721,1377654381,22.95
721,1377654386,22.94
721,1377654391,22.94
721,1377654396,22.95
721,1377654401,22.95
721,1377654406,22.96
721,1377654411,22.94
721,1377654416,22.95
721,1377654421,22.94
721,1377654426,22.95
721,1377654431,22.95
721,1377654436,22.95
721,1377654441,22.96
721,1377654446,22.96
721,1377654451,22.95
721,1377654456,22.95
721,1377654461,22.96
721,1377654466,22.95
721,1377654471,22.95
721,1377654476,22.95
721,1377654481,22.96
721,1377654486,22.94
721,1377654491,22.96
721,1377654496,22.97
721,1377654501,22.96
721,1377654506,22.96
721,1377654511,22.96
721,1377654516,22.97
721,1377654521,22.96
721,1377654526,22.97
721,1377654531,22.96
721,1377654536,22.97
721,1377654541,22.96
721,1377654546,22.96
721,1377654551,22.96
721,1377654556,22.96
721,1377654561,22.97
721,1377654566,22.96
721,1377654571,22.97
721,1377654576,22.97
721,1377654581,22.98
721,1377654586,22.96
721,1377654591,22.97
721,1377654596,22.97
721,1377654601,22.95
721,1377654606,22.97
721,1377654611,22.97
721,1377654616,22.97
721,1377654621,22.96
721,1377654626,22.96
721,1377654631,22.97
721,1377654636,22.97
721,1377654641,22.98
721,1377654646,22.98
721,1377654651,22.97
721,1377654656,22.98
721,1377654661,22.97
721,1377654666,22.98
721,1377654671,22.98
721,1377654676,22.98
721,1377654681,22.98
721,1377654686,22.98
721,1377654691,22.98
721,1377654696,22.98
721,1377654701,22.98
721,1377654706,22.98
721,1377654711,22.99
721,1377654716,22.99
721,1377654721,22.98
721,1377654726,22.98
721,1377654731,22.99
721,1377654736,22.98
721,1377654741,22.99
721,1377654746,22.99
721,1377654751,22.99
721,1377654756,22.98
721,1377654761,22.98
721,1377654766,22.98
721,1377654771,23.0
721,1377654776,23.0
721,1377654781,22.99
721,1377654786,22.99
721,1377654791,22.99
721,1377654797,22.99
721,1377654801,23.0
721,1377654806,23.0
721,1377654811,22.99
721,1377654816,23.0
721,1377654821,23.0
721,1377654826,22.99
721,1377654831,23.0
721,1377654836,23.01
721,1377654841,23.0
721,1377654846,23.0
721,1377654851,23.0
721,1377654856,23.0
721,1377654861,23.0
721,1377654866,23.0
721,1377654871,23.0
721,1377654876,23.0
721,1377654881,23.0
721,1377654886,23.0
721,1377654891,23.01
721,1377654896,23.0
721,1377654901,23.01
721,1377654906,23.01
721,1377654911,23.0
721,1377654916,23.02
721,1377654921,23.01
721,1377654926,23.01
721,1377654931,23.01
721,1377654936,23.01
721,1377654941,23.02
721,1377654946,23.0
721,1377654951,23.02
721,1377654956,23.01
721,1377654961,23.02
721,1377654966,23.01
721,1377654971,23.01
721,1377654976,23.01
721,1377654981,23.02
721,1377654986,23.02
721,1377654991,23.02
721,1377654996,23.02
721,1377655001,23.02
721,1377655006,23.02
721,1377655011,23.02
721,1377655016,23.02
721,1377655021,23.02
721,1377655026,23.02
721,1377655031,23.03
721,1377655036,23.02
721,1377655041,23.03
721,1377655046,23.02
721,1377655051,23.02
721,1377655056,23.02
721,1377655061,23.02
721,1377655066,23.03
721,1377655071,23.03
721,1377655076,23.04
721,1377655081,23.04
721,1377655086,23.03
721,1377655091,23.04
721,1377655096,23.03
721,1377655101,23.03
721,1377655106,23.04
721,1377655111,23.03
721,1377655116,23.03
721,1377655121,23.03
721,1377655126,23.03
721,1377655131,23.04
721,1377655136,23.04
721,1377655141,23.06
721,1377655146,23.04
721,1377655151,23.05
721,1377655156,23.04
721,1377655161,23.04
721,1377655166,23.04
721,1377655171,23.04
721,1377655176,23.04
721,1377655181,23.03
721,1377655186,23.04
721,1377655191,23.04
721,1377655196,23.04
721,1377655201,23.04
721,1377655206,23.03
721,1377655211,23.04
721,1377655216,23.05
721,1377655221,23.04
721,1377655226,23.04
721,1377655232,23.05
721,1377655236,23.05
721,1377655241,23.04
721,1377655246,23.04
721,1377655251,23.05
721,1377655256,23.06
721,1377655261,23.04
721,1377655266,23.05
721,1377655271,23.05
721,1377655276,23.05
721,1377655281,23.05
721,1377655286,23.05
721,1377655291,23.05
721,1377655296,23.04
721,1377655301,23.06
721,1377655306,23.05
721,1377655311,23.05
721,1377655316,23.07
721,1377655321,23.06
721,1377655326,23.05
721,1377655331,23.05
721,1377655336,23.05
721,1377655341,23.06
721,1377655346,23.06
721,1377655351,23.06
721,1377655356,23.07
721,1377655361,23.06
721,1377655366,23.06
721,1377655371,23.06
721,1377655376,23.06
721,1377655381,23.06
721,1377655386,23.06
721,1377655391,23.07
721,1377655396,23.07
721,1377655401,23.06
721,1377655406,23.06
721,1377655411,23.07
721,1377655416,23.06
721,1377655421,23.06
721,1377655426,23.06
721,1377655431,23.07
721,1377655436,23.08
721,1377655441,23.07
721,1377655446,23.07
721,1377655451,23.07
721,1377655456,23.08
721,1377655461,23.08
721,1377655466,23.06
721,1377655471,23.07
721,1377655476,23.08
721,1377655481,23.06
721,1377655486,23.07
721,1377655491,23.08
721,1377655496,23.08
721,1377655501,23.08
721,1377655506,23.06
721,1377655511,23.07
721,1377655516,23.08
721,1377655521,23.07
721,1377655526,23.08
721,1377655531,23.07
721,1377655536,23.08
721,1377655541,23.08
721,1377655546,23.09
721,1377655551,23.08
721,1377655556,23.08
721,1377655561,23.08
721,1377655566,23.08
721,1377655571,23.09
721,1377655576,23.08
721,1377655581,23.08
721,1377655586,23.08
721,1377655591,23.08
721,1377655596,23.08
721,1377655601,23.08
721,1377655606,23.09
721,1377655611,23.1
721,1377655616,23.1
721,1377655621,23.08
721,1377655626,23.08
721,1377655631,23.09
721,1377655636,23.08
721,1377655641,23.09
721,1377655646,23.09
721,1377655651,23.08
721,1377655656,23.1
721,1377655661,23.09
721,1377655666,23.09
721,1377655671,23.08
721,1377655676,23.1
721,1377655681,23.1
721,1377655686,23.09
721,1377655691,23.09
721,1377655696,23.1
721,1377655701,23.09
721,1377655706,23.1
721,1377655711,23.1
721,1377655716,23.09
721,1377655721,23.1
721,1377655726,23.09
721,1377655731,23.11
721,1377655736,23.09
721,1377655741,23.1
721,1377655746,23.1
721,1377655751,23.1
721,1377655756,23.09
721,1377655761,23.1
721,1377655766,23.1
721,1377655771,23.1
721,1377655776,23.1
721,1377655781,23.1
721,1377655786,23.1
721,1377655791,23.1
721,1377655796,23.1
721,1377655801,23.1
721,1377655806,23.1
721,1377655811,23.1
721,1377655816,23.1
721,1377655821,23.1
721,1377655826,23.11
721,1377655831,23.11
721,1377655836,23.1
721,1377655841,23.12
721,1377655846,23.11
721,1377655851,23.12
721,1377655856,23.1
721,1377655861,23.12
721,1377655866,23.11
721,1377655871,23.11
721,1377655876,23.11
721,1377655881,23.1
721,1377655886,23.1
721,1377655891,23.11
721,1377655896,23.13
721,1377655901,23.12
721,1377655906,23.12
721,1377655911,23.11
721,1377655916,23.12
721,1377655921,23.1
721,1377655926,23.11
721,1377655931,23.1
721,1377655936,23.11
721,1377655941,23.12
721,1377655946,23.1
721,1377655951,23.12
721,1377655956,23.12
721,1377655961,23.1
721,1377655966,23.13
721,1377655971,23.12
721,1377655976,23.12
721,1377655981,23.12
721,1377655986,23.12
721,1377655991,23.12
721,1377655996,23.12
721,1377656001,23.11
721,1377656006,23.12
721,1377656011,23.13
721,1377656016,23.12
721,1377656021,23.12
721,1377656026,23.11
721,1377656031,23.12
721,1377656036,23.12
721,1377656041,23.12
721,1377656046,23.12
721,1377656051,23.13
721,1377656056,23.12
721,1377656061,23.13
721,1377656066,23.13
721,1377656071,23.12
721,1377656076,23.14
721,1377656081,23.12
721,1377656086,23.13
721,1377656091,23.12
721,1377656096,23.13
721,1377656101,23.13
721,1377656106,23.13
721,1377656111,23.13
721,1377656116,23.12
721,1377656121,23.13
721,1377656126,23.12
721,1377656131,23.13
721,1377656136,23.14
721,1377656141,23.13
721,1377656146,23.13
721,1377656151,23.12
721,1377656156,23.13
721,1377656161,23.13
721,1377656166,23.13
721,1377656171,23.14
721,1377656176,23.13
721,1377656181,23.13
721,1377656186,23.13
721,1377656191,23.12
721,1377656196,23.14
721,1377656201,23.14
721,1377656206,23.13
721,1377656211,23.14
721,1377656216,23.14
721,1377656221,23.14
721,1377656226,23.14
721,1377656231,23.14
721,1377656236,23.14
721,1377656241,23.14
721,1377656246,23.14
721,1377656251,23.15
721,1377656256,23.15
721,1377656261,23.14
721,1377656266,23.14
721,1377656271,23.15
721,1377656276,23.15
721,1377656281,23.15
721,1377656286,23.14
721,1377656291,23.14
721,1377656296,23.14
721,1377656301,23.15
721,1377656306,23.16
721,1377656311,23.15
721,1377656316,23.15
721,1377656321,23.16
721,1377656326,23.16
721,1377656331,23.16
721,1377656336,23.14
721,1377656341,23.14
721,1377656346,23.15
721,1377656351,23.14
721,1377656356,23.15
721,1377656361,23.16
721,1377656366,23.16
721,1377656371,23.16
721,1377656376,23.15
721,1377656381,23.16
721,1377656386,23.16
721,1377656391,23.16
721,1377656396,23.16
721,1377656401,23.16
721,1377656406,23.16
721,1377656411,23.16
721,1377656416,23.15
721,1377656421,23.16
721,1377656426,23.16
721,1377656431,23.16
721,1377656436,23.16
721,1377656441,23.16
721,1377656446,23.16
721,1377656451,23.16
721,1377656456,23.16
721,1377656461,23.17
721,1377656466,23.16
721,1377656471,23.16
721,1377656476,23.17
721,1377656481,23.17
721,1377656486,23.17
721,1377656491,23.16
721,1377656496,23.16
721,1377656501,23.17
721,1377656506,23.16
721,1377656511,23.17
721,1377656516,23.16
721,1377656521,23.16
721,1377656526,23.16
721,1377656531,23.17
721,1377656536,23.17
721,1377656541,23.16
721,1377656546,23.16
721,1377656551,23.17
721,1377656556,23.16
721,1377656561,23.17
721,1377656566,23.18
721,1377656571,23.16
721,1377656576,23.17
721,1377656581,23.16
721,1377656586,23.18
721,1377656591,23.17
721,1377656596,23.17
721,1377656601,23.18
721,1377656606,23.17
721,1377656611,23.18
721,1377656616,23.18
721,1377656621,23.17
721,1377656626,23.17
721,1377656631,23.18
721,1377656636,23.18
721,1377656641,23.17
721,1377656646,23.17
721,1377656651,23.18
721,1377656656,23.18
721,1377656661,23.17
721,1377656666,23.18
721,1377656671,23.17
721,1377656676,23.16
721,1377656681,23.18
721,1377656686,23.17
721,1377656691,23.17
721,1377656696,23.19
721,1377656701,23.18
721,1377656706,23.18
721,1377656711,23.18
721,1377656716,23.18
721,1377656721,23.18
721,1377656726,23.18
721,1377656731,23.18
721,1377656736,23.19
721,1377656741,23.18
721,1377656746,23.18
721,1377656751,23.19
721,1377656756,23.18
721,1377656761,23.18
721,1377656766,23.19
721,1377656771,23.18
721,1377656776,23.2
721,1377656781,23.18
721,1377656786,23.18
721,1377656791,23.18
721,1377656796,23.17
721,1377656801,23.19
721,1377656806,23.18
721,1377656811,23.18
721,1377656816,23.18
721,1377656821,23.19
721,1377656826,23.18
721,1377656831,23.19
721,1377656836,23.19
721,1377656841,23.19
721,1377656846,23.19
721,1377656851,23.18
721,1377656856,23.19
721,1377656861,23.18
721,1377656866,23.2
721,1377656871,23.19
721,1377656876,23.19
721,1377656881,23.2
721,1377656886,23.18
721,1377656891,23.2
721,1377656896,23.18
721,1377656901,23.19
721,1377656906,23.19
721,1377656911,23.19
721,1377656916,23.19
721,1377656921,23.18
721,1377656926,23.18
721,1377656931,23.2
721,1377656936,23.18
721,1377656941,23.19
721,1377656946,23.19
721,1377656951,23.18
721,1377656956,23.19
721,1377656961,23.2
721,1377656966,23.19
721,1377656971,23.2
721,1377656976,23.19
721,1377656981,23.19
721,1377656986,23.19
721,1377656991,23.2
721,1377656996,23.2
721,1377657001,23.19
721,1377657006,23.19
721,1377657011,23.2
721,1377657016,23.19
721,1377657021,23.19
721,1377657026,23.18
721,1377657031,23.2
721,1377657036,23.2
721,1377657041,23.2
721,1377657046,23.18
721,1377657051,23.19
721,1377657056,23.2
721,1377657061,23.2
721,1377657066,23.2
721,1377657071,23.2
721,1377657076,23.2
721,1377657081,23.19
721,1377657086,23.2
721,1377657091,23.2
721,1377657096,23.19
721,1377657101,23.19
721,1377657106,23.2
721,1377657111,23.2
721,1377657116,23.2
721,1377657121,23.19
721,1377657126,23.19
721,1377657131,23.2
721,1377657136,23.2
721,1377657141,23.19
721,1377657146,23.19
721,1377657151,23.2
721,1377657156,23.2
721,1377657161,23.19
721,1377657166,23.2
721,1377657171,23.2
721,1377657176,23.19
721,1377657181,23.19
721,1377657186,23.19
721,1377657191,23.2
721,1377657196,23.2
721,1377657201,23.2
721,1377657206,23.2
721,1377657211,23.2
721,1377657216,23.2
721,1377657221,23.2
721,1377657226,23.2
721,1377657231,23.21
721,1377657236,23.2
721,1377657241,23.21
721,1377657246,23.21
721,1377657251,23.2
721,1377657256,23.19
721,1377657261,23.18
721,1377657266,23.2
721,1377657271,23.2
721,1377657276,23.2
721,1377657281,23.2
721,1377657286,23.22
721,1377657291,23.21
721,1377657296,23.2
721,1377657301,23.2
721,1377657306,23.2
721,1377657311,23.2
721,1377657316,23.2
721,1377657321,23.21
721,1377657326,23.2
721,1377657331,23.21
721,1377657336,23.2
721,1377657341,23.21
721,1377657346,23.2
721,1377657351,23.2
721,1377657356,23.2
721,1377657361,23.2
721,1377657366,23.21
721,1377657371,23.21
721,1377657376,23.21
721,1377657381,23.2
721,1377657386,23.2
721,1377657391,23.2
721,1377657396,23.2
721,1377657401,23.21
721,1377657406,23.21
721,1377657411,23.2
721,1377657416,23.2
721,1377657421,23.2
721,1377657426,23.2
721,1377657431,23.19
721,1377657436,23.2
721,1377657441,23.2
721,1377657446,23.2
721,1377657451,23.2
721,1377657456,23.21
721,1377657461,23.2
721,1377657466,23.2
721,1377657471,23.2
721,1377657476,23.21
721,1377657481,23.21
721,1377657486,23.2
721,1377657491,23.2
721,1377657496,23.21
721,1377657501,23.2
721,1377657506,23.21
721,1377657511,23.2
721,1377657516,23.21
721,1377657521,23.2
721,1377657526,23.2
721,1377657531,23.21
721,1377657536,23.21
721,1377657541,23.2
721,1377657546,23.2
721,1377657551,23.2
721,1377657556,23.2
721,1377657561,23.21
721,1377657566,23.2
721,1377657571,23.21
721,1377657576,23.2
721,1377657581,23.21
721,1377657586,23.2
721,1377657591,23.2
721,1377657596,23.2
721,1377657601,23.21
721,1377657606,23.19
721,1377657611,23.21
721,1377657616,23.2
721,1377657621,23.21
721,1377657626,23.22
721,1377657631,23.2
721,1377657636,23.2
721,1377657641,23.21
721,1377657646,23.21
721,1377657651,23.21
721,1377657656,23.2
721,1377657661,23.2
721,1377657666,23.2
721,1377657671,23.21
721,1377657676,23.2
721,1377657681,23.22
721,1377657686,23.2
721,1377657691,23.21
721,1377657696,23.2
721,1377657701,23.22
721,1377657706,23.21
721,1377657711,23.21
721,1377657716,23.21
721,1377657721,23.2
721,1377657726,23.2
721,1377657731,23.2
721,1377657736,23.2
721,1377657741,23.2
721,1377657746,23.2
721,1377657751,23.21
721,1377657756,23.2
721,1377657761,23.2
721,1377657766,23.2
721,1377657771,23.2
721,1377657776,23.2
721,1377657781,23.2
721,1377657786,23.19
721,1377657791,23.2
721,1377657796,23.19
721,1377657801,23.2
721,1377657806,23.2
721,1377657811,23.21
721,1377657816,23.2
721,1377657821,23.19
721,1377657826,23.19
721,1377657831,23.2
721,1377657836,23.2
721,1377657841,23.2
721,1377657846,23.21
721,1377657851,23.2
721,1377657856,23.2
721,1377657861,23.2
721,1377657866,23.2
721,1377657871,23.2
721,1377657876,23.2
721,1377657881,23.2
721,1377657886,23.2
721,1377657891,23.2
721,1377657896,23.2
721,1377657901,23.2
721,1377657906,23.2
721,1377657911,23.19
721,1377657916,23.2
721,1377657921,23.2
721,1377657926,23.2
721,1377657931,23.19
721,1377657936,23.2
721,1377657941,23.2
721,1377657946,23.2
721,1377657951,23.2
721,1377657956,23.19
721,1377657961,23.18
721,1377657966,23.2
721,1377657971,23.2
721,1377657976,23.2
721,1377657981,23.18
721,1377657986,23.19
721,1377657991,23.19
721,1377657996,23.19
721,1377658001,23.18
721,1377658006,23.19
721,1377658011,23.19
721,1377658016,23.18
721,1377658021,23.19
721,1377658026,23.19
721,1377658031,23.19
721,1377658036,23.19
721,1377658041,23.18
721,1377658046,23.2
721,1377658051,23.19
721,1377658056,23.19
721,1377658061,23.19
721,1377658066,23.19
721,1377658071,23.19
721,1377658076,23.18
721,1377658081,23.19
721,1377658086,23.19
721,1377658091,23.19
721,1377658096,23.19
721,1377658101,23.19
721,1377658106,23.19
721,1377658111,23.18
721,1377658116,23.18
721,1377658121,23.18
721,1377658126,23.18
721,1377658131,23.18
721,1377658136,23.18
721,1377658141,23.19
721,1377658146,23.18
721,1377658151,23.17
721,1377658156,23.18
721,1377658161,23.18
721,1377658166,23.19
721,1377658171,23.19
721,1377658176,23.18
721,1377658181,23.18
721,1377658186,23.18
721,1377658191,23.17
721,1377658196,23.18
721,1377658201,23.17
721,1377658206,23.17
721,1377658211,23.18
721,1377658216,23.18
721,1377658221,23.18
721,1377658226,23.17
721,1377658231,23.17
721,1377658236,23.18
721,1377658241,23.17
721,1377658246,23.17
721,1377658251,23.17
721,1377658256,23.17
721,1377658261,23.17
721,1377658266,23.18
721,1377658271,23.18
721,1377658276,23.17
721,1377658281,23.17
721,1377658286,23.17
721,1377658291,23.18
721,1377658296,23.17
721,1377658301,23.17
721,1377658306,23.17
721,1377658311,23.17
721,1377658316,23.18
721,1377658321,23.18
721,1377658326,23.16
721,1377658331,23.16
721,1377658336,23.17
721,1377658341,23.16
721,1377658346,23.18
721,1377658351,23.17
721,1377658356,23.17
721,1377658361,23.17
721,1377658366,23.18
721,1377658371,23.16
721,1377658376,23.17
721,1377658381,23.17
721,1377658386,23.17
721,1377658391,23.16
721,1377658396,23.16
721,1377658401,23.16
721,1377658406,23.16
721,1377658411,23.17
721,1377658416,23.16
721,1377658421,23.16
721,1377658426,23.17
721,1377658431,23.16
721,1377658436,23.16
721,1377658441,23.16
721,1377658446,23.16
721,1377658451,23.17
721,1377658456,23.17
721,1377658461,23.16
721,1377658466,23.17
721,1377658471,23.17
721,1377658476,23.17
721,1377658481,23.17
721,1377658486,23.17
721,1377658491,23.16
721,1377658496,23.17
721,1377658501,23.16
721,1377658506,23.17
721,1377658511,23.16
721,1377658516,23.16
721,1377658521,23.16
721,1377658526,23.18
721,1377658531,23.17
721,1377658536,23.17
721,1377658541,23.16
721,1377658546,23.16
721,1377658551,23.16
721,1377658556,23.17
721,1377658561,23.16
721,1377658566,23.17
721,1377658571,23.16
721,1377658576,23.16
721,1377658581,23.16
721,1377658586,23.16
721,1377658591,23.16
721,1377658596,23.16
721,1377658601,23.16
721,1377658606,23.15
721,1377658611,23.16
721,1377658616,23.16
721,1377658621,23.16
721,1377658626,23.16
721,1377658631,23.17
721,1377658636,23.16
721,1377658641,23.16
721,1377658646,23.16
721,1377658651,23.16
721,1377658656,23.15
721,1377658661,23.14
721,1377658666,23.16
721,1377658671,23.15
721,1377658676,23.16
721,1377658681,23.15
721,1377658686,23.14
721,1377658691,23.15
721,1377658696,23.16
721,1377658701,23.15
721,1377658706,23.15
721,1377658711,23.15
721,1377658716,23.14
721,1377658721,23.15
721,1377658726,23.15
721,1377658731,23.14
721,1377658736,23.15
721,1377658741,23.16
721,1377658746,23.15
721,1377658751,23.15
721,1377658756,23.14
721,1377658761,23.14
721,1377658766,23.15
721,1377658771,23.15
721,1377658776,23.15
721,1377658781,23.15
721,1377658786,23.14
721,1377658791,23.15
721,1377658797,23.14
721,1377658801,23.14
721,1377658806,23.16
721,1377658811,23.14
721,1377658816,23.15
721,1377658821,23.14
721,1377658826,23.14
721,1377658831,23.15
721,1377658836,23.15
721,1377658841,23.14
721,1377658846,23.14
721,1377658851,23.14
721,1377658856,23.14
721,1377658861,23.14
721,1377658866,23.13
721,1377658871,23.14
721,1377658876,23.14
721,1377658881,23.14
721,1377658886,23.14
721,1377658891,23.14
721,1377658896,23.14
721,1377658901,23.14
721,1377658906,23.13
721,1377658911,23.13
721,1377658916,23.14
721,1377658921,23.14
721,1377658926,23.14
721,1377658931,23.14
721,1377658936,23.14
721,1377658941,23.14
721,1377658946,23.14
721,1377658951,23.14
721,1377658956,23.14
721,1377658961,23.13
721,1377658966,23.12
721,1377658971,23.13
721,1377658976,23.13
721,1377658981,23.12
721,1377658986,23.12
721,1377658991,23.12
721,1377658996,23.12
721,1377659001,23.12
721,1377659006,23.13
721,1377659011,23.11
721,1377659016,23.13
721,1377659021,23.12
721,1377659026,23.12
721,1377659031,23.12
721,1377659036,23.12
721,1377659041,23.12
721,1377659046,23.12
721,1377659051,23.12
721,1377659056,23.12
721,1377659061,23.12
721,1377659066,23.12
721,1377659071,23.12
721,1377659076,23.12
721,1377659081,23.11
721,1377659086,23.11
721,1377659091,23.11
721,1377659096,23.12
721,1377659101,23.13
721,1377659106,23.12
721,1377659111,23.1
721,1377659116,23.12
721,1377659121,23.12
721,1377659126,23.12
721,1377659131,23.1
721,1377659136,23.11
721,1377659141,23.11
721,1377659146,23.12
721,1377659151,23.1
721,1377659156,23.11
721,1377659161,23.1
721,1377659166,23.1
721,1377659171,23.1
721,1377659176,23.1
721,1377659181,23.12
721,1377659186,23.11
721,1377659191,23.1
721,1377659196,23.1
721,1377659201,23.1
721,1377659206,23.1
721,1377659211,23.1
721,1377659216,23.11
721,1377659221,23.11
721,1377659226,23.11
721,1377659231,23.1
721,1377659236,23.1
721,1377659241,23.09
721,1377659246,23.09
721,1377659251,23.1
721,1377659256,23.1
721,1377659261,23.1
721,1377659266,23.09
721,1377659271,23.1
721,1377659276,23.1
721,1377659281,23.1
721,1377659286,23.08
721,1377659291,23.09
721,1377659296,23.09
721,1377659301,23.08
721,1377659306,23.08
721,1377659311,23.09
721,1377659316,23.08
721,1377659321,23.1
721,1377659326,23.08
721,1377659331,23.08
721,1377659336,23.08
721,1377659341,23.08
721,1377659346,23.08
721,1377659351,23.08
721,1377659356,23.09
721,1377659361,23.09
721,1377659366,23.08
721,1377659371,23.1
721,1377659376,23.08
721,1377659381,23.08
721,1377659386,23.08
721,1377659391,23.08
721,1377659396,23.08
721,1377659401,23.07
721,1377659406,23.08
721,1377659411,23.08
721,1377659416,23.08
721,1377659421,23.08
721,1377659426,23.08
721,1377659431,23.08
721,1377659436,23.08
721,1377659441,23.06
721,1377659446,23.07
721,1377659451,23.08
721,1377659456,23.08
721,1377659461,23.08
721,1377659466,23.07
721,1377659471,23.06
721,1377659476,23.08
721,1377659481,23.08
721,1377659486,23.08
721,1377659491,23.08
721,1377659496,23.07
721,1377659501,23.06
721,1377659506,23.07
721,1377659511,23.07
721,1377659516,23.06
721,1377659521,23.06
721,1377659526,23.06
721,1377659531,23.05
721,1377659536,23.07
721,1377659541,23.06
721,1377659546,23.06
721,1377659551,23.07
721,1377659556,23.07
721,1377659561,23.06
721,1377659566,23.07
721,1377659571,23.06
721,1377659576,23.06
721,1377659581,23.07
721,1377659586,23.06
721,1377659591,23.07
721,1377659596,23.06
721,1377659601,23.05
721,1377659606,23.06
721,1377659611,23.06
721,1377659616,23.05
721,1377659621,23.06
721,1377659626,23.05
721,1377659631,23.05
721,1377659636,23.06
721,1377659641,23.06
721,1377659646,23.06
721,1377659651,23.06
721,1377659656,23.05
721,1377659661,23.05
721,1377659666,23.05
721,1377659671,23.06
721,1377659676,23.05
721,1377659681,23.06
721,1377659686,23.05
721,1377659691,23.06
721,1377659696,23.05
721,1377659701,23.05
721,1377659706,23.05
721,1377659711,23.04
721,1377659716,23.04
721,1377659721,23.05
721,1377659726,23.05
721,1377659731,23.05
721,1377659736,23.04
721,1377659741,23.06
721,1377659746,23.05
721,1377659751,23.03
721,1377659756,23.04
721,1377659761,23.05
721,1377659766,23.03
721,1377659771,23.05
721,1377659776,23.04
721,1377659781,23.05
721,1377659786,23.04
721,1377659791,23.03
721,1377659796,23.04
721,1377659801,23.04
721,1377659806,23.04
721,1377659811,23.03
721,1377659816,23.04
721,1377659821,23.04
721,1377659826,23.03
721,1377659831,23.03
721,1377659836,23.03
721,1377659841,23.04
721,1377659846,23.03
721,1377659851,23.04
721,1377659856,23.04
721,1377659861,23.03
721,1377659866,23.04
721,1377659871,23.02
721,1377659876,23.02
721,1377659881,23.02
721,1377659886,23.03
721,1377659891,23.03
721,1377659896,23.02
721,1377659901,23.02
721,1377659906,23.03
721,1377659911,23.03
721,1377659916,23.02
721,1377659921,23.03
721,1377659926,23.02
721,1377659931,23.03
721,1377659936,23.02
721,1377659941,23.02
721,1377659946,23.03
721,1377659951,23.01
721,1377659956,23.02
721,1377659961,23.02
721,1377659966,23.01
721,1377659971,23.02
721,1377659976,23.02
721,1377659981,23.02
721,1377659986,23.02
721,1377659991,23.01
721,1377659996,23.01
721,1377660001,23.01
721,1377660006,23.02
721,1377660011,23.02
721,1377660016,23.01
721,1377660021,23.01
721,1377660026,23.01
721,1377660031,23.0
721,1377660036,23.0
721,1377660041,23.0
721,1377660046,23.02
721,1377660051,23.01
721,1377660056,23.0
721,1377660061,23.01
721,1377660066,23.01
721,1377660071,23.0
721,1377660076,22.99
721,1377660081,23.0
721,1377660086,23.0
721,1377660091,23.0
721,1377660096,23.01
721,1377660101,23.0
721,1377660106,23.0
721,1377660111,23.0
721,1377660116,23.0
721,1377660121,23.0
721,1377660126,23.0
721,1377660131,23.0
721,1377660136,23.0
721,1377660141,23.0
721,1377660146,23.0
721,1377660151,22.99
721,1377660156,23.0
721,1377660161,22.98
721,1377660166,23.0
721,1377660171,22.98
721,1377660176,22.99
721,1377660181,23.0
721,1377660186,22.99
721,1377660191,22.99
721,1377660196,22.99
721,1377660201,22.98
721,1377660206,22.99
721,1377660211,22.98
721,1377660216,22.98
721,1377660221,22.98
721,1377660226,22.98
721,1377660231,22.98
721,1377660236,22.99
721,1377660241,22.99
721,1377660246,22.98
721,1377660251,22.98
721,1377660256,22.99
721,1377660261,22.98
721,1377660266,22.98
721,1377660271,22.98
721,1377660276,22.98
721,1377660281,22.97
721,1377660286,22.98
721,1377660291,22.98
721,1377660296,22.98
721,1377660301,22.98
721,1377660306,22.98
721,1377660311,22.98
721,1377660316,22.98
721,1377660321,22.96
721,1377660326,22.96
721,1377660331,22.98
721,1377660336,22.97
721,1377660341,22.98
721,1377660346,22.97
721,1377660351,22.97
721,1377660356,22.97
721,1377660361,22.96
721,1377660366,22.96
721,1377660371,22.97
721,1377660376,22.98
721,1377660381,22.98
721,1377660386,22.96
721,1377660391,22.97
721,1377660396,22.95
721,1377660401,22.96
721,1377660406,22.97
721,1377660411,22.96
721,1377660416,22.96
721,1377660421,22.96
721,1377660426,22.96
721,1377660431,22.96
721,1377660436,22.97
721,1377660441,22.96
721,1377660446,22.96
721,1377660451,22.96
721,1377660456,22.95
721,1377660461,22.95
721,1377660466,22.95
721,1377660471,22.95
721,1377660476,22.96
721,1377660481,22.95
721,1377660486,22.94
721,1377660491,22.95
721,1377660496,22.95
721,1377660501,22.95
721,1377660506,22.96
721,1377660511,22.96
721,1377660516,22.95
721,1377660521,22.94
721,1377660526,22.96
721,1377660531,22.96
721,1377660536,22.95
721,1377660541,22.96
721,1377660546,22.95
721,1377660551,22.94
721,1377660556,22.94
721,1377660561,22.95
721,1377660566,22.95
721,1377660571,22.94
721,1377660576,22.94
721,1377660581,22.93
721,1377660586,22.95
721,1377660591,22.94
721,1377660596,22.94
721,1377660601,22.93
721,1377660606,22.93
721,1377660611,22.94
721,1377660616,22.94
721,1377660621,22.93
721,1377660631,22.94
721,1377660636,22.93
721,1377660641,22.94
721,1377660646,22.94
721,1377660651,22.94
721,1377660656,22.94
721,1377660661,22.93
721,1377660666,22.93
721,1377660671,22.93
721,1377660676,22.93
721,1377660681,22.93
721,1377660686,22.92
721,1377660691,22.92
721,1377660696,22.93
721,1377660701,22.92
721,1377660706,22.92
721,1377660711,22.92
721,1377660716,22.91
721,1377660721,22.93
721,1377660726,22.92
721,1377660731,22.91
721,1377660736,22.92
721,1377660741,22.93
721,1377660751,22.92
721,1377660756,22.92
721,1377660761,22.92
721,1377660766,22.92
721,1377660771,22.92
721,1377660776,22.92
721,1377660781,22.92
721,1377660791,22.92
721,1377660796,22.91
721,1377660801,22.92
721,1377660806,22.9
721,1377660811,22.91
721,1377660816,22.92
721,1377660821,22.9
721,1377660826,22.91
721,1377660831,22.91
721,1377660836,22.9
721,1377660846,22.91
721,1377660851,22.91
721,1377660856,22.91
721,1377660861,22.91
721,1377660866,22.91
721,1377660876,22.9
721,1377660881,22.91
721,1377660886,22.9
721,1377660891,22.9
721,1377660896,22.9
721,1377660901,22.9
721,1377660906,22.9
721,1377660911,22.9
721,1377660916,22.9
721,1377660921,22.9
721,1377660926,22.91
721,1377660931,22.9
721,1377660936,22.9
721,1377660941,22.9
721,1377660946,22.89
721,1377660951,22.9
721,1377660956,22.9
721,1377660966,22.89
721,1377660971,22.89
721,1377660976,22.9
721,1377660981,22.9
721,1377660986,22.89
721,1377660991,22.89
721,1377660996,22.9
721,1377661001,22.89
721,1377661006,22.88
721,1377661011,22.9
721,1377661021,22.89
721,1377661026,22.88
721,1377661031,22.88
721,1377661036,22.88
721,1377661041,22.88
721,1377661051,22.87
721,1377661056,22.88
721,1377661061,22.88
721,1377661066,22.88
721,1377661071,22.89
721,1377661076,22.88
721,1377661081,22.88
721,1377661086,22.87
721,1377661091,22.87
721,1377661096,22.87
721,1377661101,22.88
721,1377661106,22.88
721,1377661111,22.88
721,1377661116,22.86
721,1377661121,22.88
721,1377661126,22.86
721,1377661131,22.87
721,1377661136,22.86
721,1377661141,22.88
721,1377661146,22.86
721,1377661151,22.86
721,1377661156,22.88
721,1377661161,22.87
721,1377661166,22.87
721,1377661171,22.86
721,1377661176,22.86
721,1377661181,22.86
721,1377661186,22.87
721,1377661191,22.85
721,1377661196,22.85
721,1377661201,22.86
721,1377661206,22.86
721,1377661211,22.85
721,1377661216,22.85
721,1377661221,22.86
721,1377661226,22.86
721,1377661231,22.86
721,1377661236,22.85
721,1377661241,22.86
721,1377661246,22.86
721,1377661251,22.84
721,1377661256,22.85
721,1377661261,22.86
721,1377661266,22.84
721,1377661271,22.84
721,1377661276,22.84
721,1377661281,22.85
721,1377661286,22.83
721,1377661291,22.84
721,1377661296,22.84
721,1377661301,22.83
721,1377661306,22.83
721,1377661311,22.84
721,1377661316,22.84
721,1377661321,22.85
721,1377661326,22.84
721,1377661331,22.84
721,1377661336,22.83
721,1377661341,22.84
721,1377661346,22.84
721,1377661351,22.84
721,1377661356,22.84
721,1377661361,22.85
721,1377661366,22.83
721,1377661371,22.84
721,1377661376,22.84
721,1377661381,22.84
721,1377661386,22.84
721,1377661391,22.82
721,1377661396,22.84
721,1377661401,22.84
721,1377661406,22.83
721,1377661411,22.83
721,1377661416,22.82
721,1377661421,22.83
721,1377661426,22.83
721,1377661431,22.83
721,1377661436,22.83
721,1377661441,22.82
721,1377661446,22.83
721,1377661451,22.82
721,1377661456,22.83
721,1377661461,22.84
721,1377661466,22.83
721,1377661471,22.82
721,1377661476,22.83
721,1377661481,22.83
721,1377661486,22.83
721,1377661491,22.82
721,1377661496,22.82
721,1377661501,22.83
721,1377661506,22.82
721,1377661511,22.81
721,1377661516,22.82
721,1377661521,22.83
721,1377661526,22.82
721,1377661531,22.83
721,1377661536,22.82
721,1377661541,22.81
721,1377661546,22.82
721,1377661551,22.81
721,1377661556,22.82
721,1377661561,22.82
721,1377661566,22.81
721,1377661571,22.81
721,1377661576,22.8
721,1377661581,22.81
721,1377661586,22.81
721,1377661591,22.81
721,1377661596,22.8
721,1377661601,22.8
721,1377661606,22.8
721,1377661611,22.82
721,1377661616,22.81
721,1377661621,22.8
721,1377661626,22.81
721,1377661631,22.8
721,1377661636,22.81
721,1377661641,22.81
721,1377661646,22.81
721,1377661651,22.8
721,1377661656,22.8
721,1377661661,22.81
721,1377661666,22.82
721,1377661671,22.8
721,1377661676,22.8
721,1377661681,22.8
721,1377661686,22.8
721,1377661691,22.8
721,1377661696,22.8
721,1377661701,22.8
721,1377661706,22.8
721,1377661711,22.8
721,1377661716,22.8
721,1377661721,22.79
721,1377661726,22.79
721,1377661731,22.8
721,1377661736,22.79
721,1377661741,22.79
721,1377661746,22.79
721,1377661751,22.78
721,1377661756,22.79
721,1377661761,22.78
721,1377661766,22.8
721,1377661771,22.79
721,1377661776,22.8
721,1377661781,22.79
721,1377661786,22.78
721,1377661791,22.78
721,1377661796,22.78
721,1377661801,22.78
721,1377661806,22.78
721,1377661811,22.78
721,1377661816,22.8
721,1377661821,22.79
721,1377661826,22.79
721,1377661831,22.78
721,1377661836,22.78
721,1377661841,22.78
721,1377661846,22.78
721,1377661851,22.78
721,1377661856,22.78
721,1377661861,22.78
721,1377661866,22.78
721,1377661871,22.78
721,1377661876,22.78
721,1377661881,22.77
721,1377661886,22.78
721,1377661891,22.77
721,1377661896,22.77
721,1377661901,22.77
721,1377661906,22.77
721,1377661911,22.77
721,1377661916,22.77
721,1377661921,22.78
721,1377661926,22.77
721,1377661931,22.76
721,1377661936,22.77
721,1377661941,22.76
721,1377661946,22.76
721,1377661951,22.77
721,1377661956,22.76
721,1377661961,22.77
721,1377661966,22.76
721,1377661971,22.76
721,1377661976,22.76
721,1377661981,22.76
721,1377661986,22.76
721,1377661991,22.76
721,1377661996,22.77
721,1377662001,22.75
721,1377662006,22.76
721,1377662011,22.76
721,1377662016,22.76
721,1377662021,22.76
721,1377662026,22.77
721,1377662031,22.76
721,1377662036,22.76
721,1377662041,22.76
721,1377662046,22.76
721,1377662051,22.76
721,1377662056,22.75
721,1377662061,22.75
721,1377662066,22.75
721,1377662071,22.75
721,1377662076,22.76
721,1377662081,22.75
721,1377662086,22.75
721,1377662091,22.75
721,1377662096,22.76
721,1377662101,22.75
721,1377662106,22.74
721,1377662111,22.75
721,1377662116,22.74
721,1377662121,22.75
721,1377662126,22.75
721,1377662131,22.74
721,1377662136,22.74
721,1377662141,22.74
721,1377662146,22.74
721,1377662151,22.74
721,1377662156,22.75
721,1377662161,22.75
721,1377662166,22.74
721,1377662171,22.74
721,1377662176,22.75
721,1377662181,22.74
721,1377662186,22.74
721,1377662191,22.74
721,1377662196,22.73
721,1377662201,22.75
721,1377662206,22.74
721,1377662211,22.73
721,1377662216,22.74
721,1377662221,22.74
721,1377662226,22.73
721,1377662231,22.74
721,1377662236,22.73
721,1377662241,22.74
721,1377662246,22.73
721,1377662251,22.74
721,1377662256,22.73
721,1377662261,22.72
721,1377662266,22.72
721,1377662271,22.72
721,1377662276,22.72
721,1377662281,22.72
721,1377662286,22.71
721,1377662291,22.72
721,1377662296,22.72
721,1377662301,22.72
721,1377662306,22.71
721,1377662311,22.72
721,1377662316,22.72
721,1377662321,22.72
721,1377662326,22.72
721,1377662331,22.72
721,1377662336,22.71
721,1377662341,22.71
721,1377662346,22.72
721,1377662351,22.71
721,1377662356,22.71
721,1377662361,22.72
721,1377662366,22.7
721,1377662371,22.7
721,1377662376,22.72
721,1377662381,22.7
721,1377662386,22.7
721,1377662391,22.7
721,1377662396,22.7
721,1377662401,22.71
721,1377662406,22.7
721,1377662411,22.7
721,1377662416,22.7
721,1377662421,22.69
721,1377662426,22.7
721,1377662431,22.7
721,1377662436,22.7
721,1377662441,22.7
721,1377662446,22.7
721,1377662451,22.69
721,1377662456,22.7
721,1377662461,22.69
721,1377662466,22.69
721,1377662471,22.69
721,1377662476,22.69
721,1377662481,22.68
721,1377662486,22.69
721,1377662491,22.68
721,1377662496,22.68
721,1377662501,22.69
721,1377662506,22.69
721,1377662511,22.68
721,1377662516,22.69
721,1377662521,22.68
721,1377662526,22.68
721,1377662531,22.68
721,1377662536,22.69
721,1377662541,22.69
721,1377662546,22.68
721,1377662551,22.68
721,1377662556,22.69
721,1377662561,22.68
721,1377662566,22.69
721,1377662571,22.69
721,1377662576,22.67
721,1377662581,22.68
721,1377662586,22.68
721,1377662591,22.66
721,1377662596,22.67
721,1377662601,22.68
721,1377662606,22.66
721,1377662611,22.66
721,1377662616,22.68
721,1377662621,22.67
721,1377662626,22.67
721,1377662631,22.67
721,1377662636,22.66
721,1377662641,22.67
721,1377662646,22.66
721,1377662651,22.66
721,1377662656,22.66
721,1377662661,22.66
721,1377662666,22.66
721,1377662671,22.66
721,1377662676,22.66
721,1377662681,22.66
721,1377662686,22.66
721,1377662691,22.65
721,1377662696,22.66
721,1377662701,22.66
721,1377662706,22.65
721,1377662711,22.65
721,1377662716,22.65
721,1377662721,22.66
721,1377662726,22.66
721,1377662731,22.65
721,1377662736,22.65
721,1377662741,22.65
721,1377662746,22.66
721,1377662751,22.65
721,1377662756,22.65
721,1377662761,22.65
721,1377662766,22.64
721,1377662771,22.66
721,1377662776,22.65
721,1377662781,22.65
721,1377662786,22.64
721,1377662791,22.64
721,1377662796,22.64
721,1377662801,22.64
721,1377662806,22.65
721,1377662811,22.64
721,1377662816,22.64
721,1377662821,22.64
721,1377662826,22.64
721,1377662831,22.64
721,1377662836,22.64
721,1377662841,22.63
721,1377662846,22.64
721,1377662851,22.64
721,1377662856,22.64
721,1377662861,22.64
721,1377662866,22.63
721,1377662871,22.63
721,1377662876,22.64
721,1377662881,22.64
721,1377662886,22.64
721,1377662891,22.64
721,1377662896,22.62
721,1377662901,22.63
721,1377662906,22.63
721,1377662911,22.64
721,1377662916,22.64
721,1377662921,22.64
721,1377662926,22.63
721,1377662931,22.63
721,1377662936,22.62
721,1377662941,22.63
721,1377662946,22.62
721,1377662951,22.63
721,1377662956,22.62
721,1377662961,22.62
721,1377662966,22.63
721,1377662971,22.62
721,1377662976,22.63
721,1377662981,22.62
721,1377662986,22.63
721,1377662991,22.62
721,1377662996,22.62
721,1377663001,22.62
721,1377663006,22.62
721,1377663011,22.62
721,1377663016,22.62
721,1377663021,22.62
721,1377663026,22.62
721,1377663031,22.62
721,1377663036,22.62
721,1377663041,22.62
721,1377663046,22.62
721,1377663051,22.61
721,1377663056,22.62
721,1377663061,22.61
721,1377663066,22.61
721,1377663071,22.62
721,1377663076,22.61
721,1377663081,22.6
721,1377663086,22.61
721,1377663091,22.61
721,1377663096,22.61
721,1377663101,22.6
721,1377663106,22.61
721,1377663111,22.6
721,1377663116,22.6
721,1377663121,22.6
721,1377663126,22.59
721,1377663131,22.6
721,1377663136,22.6
721,1377663141,22.6
721,1377663146,22.6
721,1377663151,22.59
721,1377663156,22.59
721,1377663161,22.6
721,1377663166,22.59
721,1377663171,22.6
721,1377663176,22.6
721,1377663181,22.59
721,1377663186,22.6
721,1377663191,22.59
721,1377663196,22.59
721,1377663201,22.59
721,1377663206,22.58
721,1377663211,22.59
721,1377663216,22.58
721,1377663221,22.58
721,1377663226,22.58
721,1377663231,22.58
721,1377663236,22.58
721,1377663241,22.59
721,1377663246,22.59
721,1377663251,22.58
721,1377663256,22.59
721,1377663261,22.58
721,1377663266,22.58
721,1377663271,22.56
721,1377663276,22.58
721,1377663281,22.59
721,1377663286,22.58
721,1377663291,22.58
721,1377663296,22.57
721,1377663301,22.57
721,1377663306,22.56
721,1377663311,22.56
721,1377663316,22.57
721,1377663321,22.58
721,1377663326,22.57
721,1377663331,22.56
721,1377663336,22.56
721,1377663341,22.56
721,1377663346,22.58
721,1377663351,22.56
721,1377663356,22.56
721,1377663361,22.56
721,1377663366,22.56
721,1377663371,22.55
721,1377663376,22.55
721,1377663381,22.56
721,1377663386,22.56
721,1377663391,22.56
721,1377663396,22.54
721,1377663401,22.56
721,1377663406,22.56
721,1377663411,22.56
721,1377663416,22.56
721,1377663421,22.54
721,1377663426,22.55
721,1377663431,22.54
721,1377663436,22.55
721,1377663441,22.56
721,1377663446,22.55
721,1377663451,22.54
721,1377663456,22.55
721,1377663461,22.55
721,1377663466,22.54
721,1377663471,22.54
721,1377663476,22.54
721,1377663481,22.54
721,1377663486,22.54
721,1377663491,22.54
721,1377663496,22.54
721,1377663501,22.54
721,1377663506,22.54
721,1377663511,22.54
721,1377663516,22.53
721,1377663521,22.54
721,1377663526,22.54
721,1377663531,22.54
721,1377663536,22.52
721,1377663541,22.54
721,1377663546,22.54
721,1377663551,22.55
721,1377663556,22.53
721,1377663561,22.53
721,1377663566,22.54
721,1377663571,22.52
721,1377663576,22.52
721,1377663581,22.52
721,1377663586,22.53
721,1377663591,22.52
721,1377663596,22.53
721,1377663601,22.52
721,1377663606,22.54
721,1377663611,22.52
721,1377663616,22.52
721,1377663621,22.52
721,1377663626,22.51
721,1377663631,22.52
721,1377663636,22.52
721,1377663641,22.51
721,1377663646,22.52
721,1377663651,22.5
721,1377663656,22.51
721,1377663661,22.51
721,1377663666,22.52
721,1377663671,22.51
721,1377663676,22.51
721,1377663681,22.52
721,1377663686,22.52
721,1377663691,22.5
721,1377663696,22.5
721,1377663701,22.51
721,1377663706,22.5
721,1377663711,22.5
721,1377663716,22.5
721,1377663721,22.51
721,1377663726,22.5
721,1377663731,22.52
721,1377663736,22.5
721,1377663741,22.5
721,1377663746,22.5
721,1377663751,22.5
721,1377663756,22.5
721,1377663761,22.5
721,1377663766,22.5
721,1377663771,22.5
721,1377663776,22.5
721,1377663781,22.48
721,1377663786,22.5
721,1377663791,22.49
721,1377663796,22.49
721,1377663801,22.5
721,1377663806,22.5
721,1377663811,22.49
721,1377663816,22.5
721,1377663821,22.49
721,1377663826,22.48
721,1377663831,22.48
721,1377663836,22.5
721,1377663841,22.48
721,1377663846,22.49
721,1377663851,22.49
721,1377663856,22.5
721,1377663861,22.48
721,1377663866,22.49
721,1377663871,22.48
721,1377663876,22.48
721,1377663881,22.48
721,1377663886,22.48
721,1377663891,22.48
721,1377663896,22.48
721,1377663901,22.47
721,1377663906,22.48
721,1377663911,22.48
721,1377663916,22.47
721,1377663921,22.48
721,1377663926,22.48
721,1377663931,22.48
721,1377663936,22.48
721,1377663941,22.47
721,1377663946,22.46
721,1377663951,22.48
721,1377663956,22.47
721,1377663961,22.47
721,1377663966,22.47
721,1377663971,22.47
721,1377663976,22.46
721,1377663981,22.48
721,1377663986,22.47
721,1377663991,22.47
721,1377663996,22.46
721,1377664001,22.47
721,1377664006,22.46
721,1377664011,22.47
721,1377664016,22.47
721,1377664021,22.46
721,1377664026,22.47
721,1377664031,22.46
721,1377664036,22.47
721,1377664041,22.46
721,1377664046,22.47
721,1377664051,22.46
721,1377664056,22.46
721,1377664061,22.46
721,1377664066,22.45
721,1377664071,22.46
721,1377664076,22.47
721,1377664081,22.45
721,1377664086,22.45
721,1377664091,22.46
721,1377664096,22.45
721,1377664101,22.46
721,1377664106,22.46
721,1377664111,22.46
721,1377664116,22.45
721,1377664121,22.46
721,1377664126,22.45
721,1377664131,22.45
721,1377664136,22.45
721,1377664141,22.45
721,1377664146,22.44
721,1377664151,22.44
721,1377664156,22.44
721,1377664161,22.44
721,1377664166,22.45
721,1377664171,22.44
721,1377664176,22.45
721,1377664181,22.44
721,1377664186,22.44
721,1377664191,22.44
721,1377664196,22.44
721,1377664201,22.44
721,1377664206,22.44
721,1377664211,22.44
721,1377664216,22.44
721,1377664221,22.44
721,1377664226,22.42
721,1377664231,22.45
721,1377664236,22.43
721,1377664241,22.44
721,1377664246,22.43
721,1377664251,22.43
721,1377664256,22.42
721,1377664261,22.43
721,1377664266,22.42
721,1377664271,22.43
721,1377664276,22.41
721,1377664281,22.42
721,1377664286,22.42
721,1377664291,22.43
721,1377664296,22.42
721,1377664301,22.41
721,1377664306,22.42
721,1377664311,22.42
721,1377664316,22.42
721,1377664321,22.42
721,1377664326,22.42
721,1377664331,22.41
721,1377664336,22.4
721,1377664341,22.41
721,1377664346,22.41
721,1377664351,22.42
721,1377664356,22.42
721,1377664361,22.4
721,1377664366,22.41
721,1377664371,22.4
721,1377664376,22.41
721,1377664381,22.41
721,1377664386,22.4
721,1377664391,22.4
721,1377664396,22.42
721,1377664401,22.4
721,1377664406,22.41
721,1377664411,22.4
721,1377664416,22.41
721,1377664421,22.4
721,1377664426,22.4
721,1377664431,22.4
721,1377664436,22.39
721,1377664441,22.4
721,1377664446,22.4
721,1377664451,22.4
721,1377664456,22.4
721,1377664461,22.4
721,1377664466,22.4
721,1377664471,22.39
721,1377664476,22.4
721,1377664481,22.39
721,1377664486,22.38
721,1377664491,22.39
721,1377664496,22.39
721,1377664501,22.39
721,1377664506,22.4
721,1377664511,22.38
721,1377664516,22.4
721,1377664521,22.38
721,1377664526,22.39
721,1377664531,22.38
721,1377664536,22.38
721,1377664541,22.38
721,1377664546,22.39
721,1377664551,22.39
721,1377664556,22.38
721,1377664561,22.38
721,1377664566,22.38
721,1377664571,22.39
721,1377664576,22.38
721,1377664581,22.38
721,1377664586,22.38
721,1377664591,22.36
721,1377664596,22.39
721,1377664601,22.38
721,1377664606,22.38
721,1377664611,22.37
721,1377664616,22.38
721,1377664621,22.36
721,1377664626,22.37
721,1377664631,22.35
721,1377664636,22.36
721,1377664641,22.36
721,1377664646,22.36
721,1377664651,22.35
721,1377664656,22.36
721,1377664661,22.36
721,1377664666,22.36
721,1377664671,22.36
721,1377664676,22.36
721,1377664681,22.36
721,1377664686,22.36
721,1377664691,22.36
721,1377664696,22.36
721,1377664701,22.36
721,1377664706,22.35
721,1377664711,22.36
721,1377664716,22.35
721,1377664721,22.36
721,1377664726,22.36
721,1377664731,22.36
721,1377664736,22.36
721,1377664741,22.36
721,1377664746,22.36
721,1377664751,22.34
721,1377664756,22.36
721,1377664761,22.36
721,1377664766,22.36
721,1377664771,22.35
721,1377664776,22.36
721,1377664781,22.34
721,1377664786,22.34
721,1377664791,22.35
721,1377664796,22.36
721,1377664801,22.36
721,1377664806,22.34
721,1377664811,22.34
721,1377664816,22.35
721,1377664821,22.35
721,1377664826,22.33
721,1377664831,22.34
721,1377664836,22.34
721,1377664841,22.36
721,1377664846,22.34
721,1377664851,22.34
721,1377664856,22.36
721,1377664861,22.35
721,1377664866,22.34
721,1377664871,22.35
721,1377664876,22.34
721,1377664881,22.34
721,1377664886,22.34
721,1377664891,22.34
721,1377664896,22.34
721,1377664901,22.35
721,1377664906,22.34
721,1377664911,22.34
721,1377664916,22.34
721,1377664921,22.33
721,1377664926,22.34
721,1377664931,22.34
721,1377664936,22.33
721,1377664941,22.34
721,1377664946,22.33
721,1377664951,22.34
721,1377664956,22.33
721,1377664961,22.34
721,1377664966,22.33
721,1377664971,22.34
721,1377664976,22.34
721,1377664981,22.33
721,1377664986,22.32
721,1377664991,22.33
721,1377664996,22.33
721,1377665001,22.32
721,1377665006,22.32
721,1377665011,22.33
721,1377665016,22.32
721,1377665021,22.32
721,1377665026,22.33
721,1377665031,22.32
721,1377665036,22.33
721,1377665041,22.32
721,1377665046,22.32
721,1377665051,22.32
721,1377665056,22.32
721,1377665061,22.32
721,1377665066,22.32
721,1377665071,22.32
721,1377665076,22.32
721,1377665081,22.31
721,1377665086,22.32
721,1377665091,22.3
721,1377665096,22.32
721,1377665101,22.31
721,1377665106,22.3
721,1377665111,22.31
721,1377665116,22.3
721,1377665121,22.32
721,1377665126,22.31
721,1377665131,22.3
721,1377665136,22.3
721,1377665141,22.3
721,1377665146,22.3
721,1377665151,22.3
721,1377665156,22.3
721,1377665161,22.3
721,1377665166,22.29
721,1377665171,22.3
721,1377665176,22.29
721,1377665181,22.3
721,1377665186,22.29
721,1377665191,22.28
721,1377665196,22.3
721,1377665201,22.29
721,1377665206,22.29
721,1377665211,22.29
721,1377665216,22.28
721,1377665221,22.29
721,1377665226,22.28
721,1377665231,22.28
721,1377665236,22.28
721,1377665241,22.28
721,1377665246,22.29
721,1377665251,22.29
721,1377665256,22.28
721,1377665261,22.28
721,1377665266,22.27
721,1377665271,22.28
721,1377665276,22.27
721,1377665281,22.28
721,1377665286,22.28
721,1377665291,22.26
721,1377665296,22.26
721,1377665301,22.27
721,1377665306,22.28
721,1377665311,22.27
721,1377665316,22.28
721,1377665321,22.28
721,1377665326,22.28
721,1377665331,22.26
721,1377665336,22.27
721,1377665341,22.26
721,1377665346,22.26
721,1377665351,22.26
721,1377665356,22.26
721,1377665361,22.26
721,1377665366,22.26
721,1377665371,22.26
721,1377665376,22.26
721,1377665381,22.25
721,1377665386,22.26
721,1377665391,22.26
721,1377665396,22.26
721,1377665401,22.25
721,1377665406,22.25
721,1377665411,22.26
721,1377665416,22.24
721,1377665421,22.25
721,1377665426,22.26
721,1377665431,22.24
721,1377665436,22.24
721,1377665441,22.26
721,1377665446,22.24
721,1377665451,22.24
721,1377665456,22.25
721,1377665461,22.24
721,1377665466,22.25
721,1377665471,22.24
721,1377665476,22.24
721,1377665481,22.25
721,1377665486,22.24
721,1377665491,22.24
721,1377665496,22.24
721,1377665501,22.23
721,1377665506,22.24
721,1377665511,22.23
721,1377665516,22.22
721,1377665521,22.22
721,1377665526,22.22
721,1377665531,22.22
721,1377665536,22.22
721,1377665541,22.22
721,1377665546,22.22
721,1377665551,22.22
721,1377665556,22.23
721,1377665561,22.21
721,1377665566,22.22
721,1377665571,22.22
721,1377665576,22.22
721,1377665581,22.22
721,1377665586,22.22
721,1377665591,22.22
721,1377665596,22.22
721,1377665601,22.21
721,1377665606,22.2
721,1377665611,22.2
721,1377665616,22.2
721,1377665621,22.21
721,1377665626,22.21
721,1377665631,22.21
721,1377665636,22.2
721,1377665641,22.2
721,1377665646,22.2
721,1377665651,22.2
721,1377665656,22.2
721,1377665661,22.2
721,1377665666,22.2
721,1377665671,22.2
721,1377665676,22.19
721,1377665681,22.2
721,1377665686,22.19
721,1377665691,22.18
721,1377665696,22.2
721,1377665701,22.19
721,1377665706,22.18
721,1377665711,22.18
721,1377665716,22.18
721,1377665721,22.2
721,1377665726,22.19
721,1377665731,22.18
721,1377665736,22.18
721,1377665741,22.19
721,1377665746,22.18
721,1377665751,22.18
721,1377665756,22.16
721,1377665761,22.18
721,1377665766,22.17
721,1377665771,22.17
721,1377665776,22.17
721,1377665781,22.18
721,1377665786,22.18
721,1377665791,22.18
721,1377665796,22.17
721,1377665801,22.17
721,1377665806,22.17
721,1377665811,22.17
721,1377665816,22.17
721,1377665821,22.17
721,1377665826,22.17
721,1377665831,22.17
721,1377665836,22.17
721,1377665841,22.16
721,1377665846,22.16
721,1377665851,22.17
721,1377665856,22.16
721,1377665861,22.15
721,1377665866,22.16
721,1377665871,22.16
721,1377665876,22.14
721,1377665881,22.15
721,1377665886,22.16
721,1377665891,22.16
721,1377665896,22.15
721,1377665901,22.15
721,1377665906,22.15
721,1377665911,22.16
721,1377665916,22.14
721,1377665921,22.15
721,1377665926,22.14
721,1377665931,22.15
721,1377665936,22.14
721,1377665941,22.14
721,1377665946,22.14
721,1377665951,22.15
721,1377665956,22.14
721,1377665961,22.14
721,1377665966,22.14
721,1377665971,22.14
721,1377665976,22.14
721,1377665981,22.14
721,1377665986,22.14
721,1377665991,22.14
721,1377665996,22.14
721,1377666001,22.13
721,1377666006,22.13
721,1377666011,22.13
721,1377666016,22.13
721,1377666021,22.12
721,1377666026,22.12
721,1377666031,22.12
721,1377666036,22.13
721,1377666041,22.12
721,1377666046,22.12
721,1377666051,22.13
721,1377666056,22.13
721,1377666061,22.13
721,1377666066,22.12
721,1377666071,22.12
721,1377666076,22.12
721,1377666081,22.12
721,1377666086,22.12
721,1377666091,22.11
721,1377666096,22.1
721,1377666101,22.12
721,1377666106,22.13
721,1377666111,22.11
721,1377666116,22.12
721,1377666121,22.12
721,1377666126,22.11
721,1377666131,22.11
721,1377666136,22.11
721,1377666141,22.1
721,1377666146,22.12
721,1377666151,22.11
721,1377666156,22.11
721,1377666161,22.11
721,1377666166,22.1
721,1377666171,22.1
721,1377666176,22.1
721,1377666181,22.11
721,1377666186,22.1
721,1377666191,22.1
721,1377666196,22.1
721,1377666201,22.1
721,1377666206,22.1
721,1377666211,22.1
721,1377666216,22.11
721,1377666221,22.09
721,1377666226,22.09
721,1377666231,22.09
721,1377666236,22.09
721,1377666241,22.08
721,1377666246,22.1
721,1377666251,22.09
721,1377666256,22.09
721,1377666261,22.1
721,1377666266,22.09
721,1377666271,22.09
721,1377666276,22.1
721,1377666281,22.08
721,1377666286,22.09
721,1377666291,22.1
721,1377666296,22.08
721,1377666301,22.09
721,1377666306,22.09
721,1377666311,22.08
721,1377666316,22.08
721,1377666321,22.09
721,1377666326,22.08
721,1377666331,22.09
721,1377666336,22.08
721,1377666341,22.07
721,1377666346,22.08
721,1377666351,22.08
721,1377666356,22.08
721,1377666361,22.08
721,1377666366,22.07
721,1377666371,22.08
721,1377666376,22.06
721,1377666381,22.07
721,1377666386,22.07
721,1377666391,22.07
721,1377666396,22.06
721,1377666401,22.07
721,1377666406,22.06
721,1377666411,22.07
721,1377666416,22.07
721,1377666421,22.07
721,1377666426,22.07
721,1377666431,22.06
721,1377666436,22.06
721,1377666441,22.07
721,1377666446,22.06
721,1377666451,22.06
721,1377666456,22.06
721,1377666461,22.05
721,1377666466,22.06
721,1377666471,22.06
721,1377666476,22.06
721,1377666481,22.06
721,1377666486,22.06
721,1377666491,22.06
721,1377666496,22.06
721,1377666501,22.05
721,1377666506,22.06
721,1377666511,22.06
721,1377666516,22.06
721,1377666521,22.05
721,1377666526,22.06
721,1377666531,22.06
721,1377666536,22.06
721,1377666541,22.06
721,1377666546,22.05
721,1377666551,22.06
721,1377666556,22.05
721,1377666561,22.05
721,1377666566,22.05
721,1377666571,22.05
721,1377666576,22.07
721,1377666581,22.06
721,1377666586,22.05
721,1377666591,22.04
721,1377666596,22.04
721,1377666601,22.06
721,1377666606,22.04
721,1377666611,22.04
721,1377666616,22.04
721,1377666621,22.04
721,1377666626,22.04
721,1377666631,22.04
721,1377666636,22.04
721,1377666641,22.04
721,1377666646,22.04
721,1377666651,22.04
721,1377666656,22.04
721,1377666661,22.03
721,1377666666,22.03
721,1377666671,22.03
721,1377666676,22.03
721,1377666681,22.03
721,1377666686,22.03
721,1377666691,22.02
721,1377666696,22.03
721,1377666701,22.02
721,1377666706,22.02
721,1377666711,22.01
721,1377666716,22.02
721,1377666721,22.03
721,1377666726,22.02
721,1377666731,22.03
721,1377666736,22.02
721,1377666741,22.02
721,1377666746,22.02
721,1377666751,22.02
721,1377666756,22.02
721,1377666761,22.02
721,1377666766,22.02
721,1377666771,22.01
721,1377666776,22.02
721,1377666781,22.02
721,1377666786,22.01
721,1377666791,22.0
721,1377666796,22.0
721,1377666801,22.01
721,1377666806,22.01
721,1377666811,22.01
721,1377666816,22.02
721,1377666821,22.0
721,1377666826,22.0
721,1377666831,22.01
721,1377666836,22.0
721,1377666841,22.01
721,1377666846,22.0
721,1377666851,22.01
721,1377666856,22.0
721,1377666861,22.01
721,1377666866,22.01
721,1377666871,22.02
721,1377666876,22.0
721,1377666881,22.0
721,1377666886,22.01
721,1377666891,22.0
721,1377666896,22.0
721,1377666901,22.01
721,1377666906,21.99
721,1377666911,22.0
721,1377666916,22.0
721,1377666921,22.0
721,1377666926,22.0
721,1377666931,21.99
721,1377666936,22.0
721,1377666941,21.98
721,1377666946,22.0
721,1377666951,21.99
721,1377666956,21.99
721,1377666961,21.98
721,1377666966,21.98
721,1377666971,21.98
721,1377666976,21.98
721,1377666981,22.0
721,1377666986,21.98
721,1377666991,21.98
721,1377666996,21.98
721,1377667001,21.99
721,1377667006,21.98
721,1377667011,21.97
721,1377667016,21.99
721,1377667021,21.98
721,1377667026,21.99
721,1377667031,21.98
721,1377667036,21.99
721,1377667041,21.97
721,1377667046,21.98
721,1377667051,21.97
721,1377667056,21.98
721,1377667061,21.99
721,1377667066,21.98
721,1377667071,21.98
721,1377667076,21.98
721,1377667081,21.97
721,1377667086,21.98
721,1377667091,21.97
721,1377667096,21.98
721,1377667101,21.99
721,1377667106,21.99
721,1377667111,21.97
721,1377667116,21.97
721,1377667121,21.98
721,1377667126,21.98
721,1377667131,21.98
721,1377667136,21.98
721,1377667141,21.97
721,1377667146,21.97
721,1377667151,21.98
721,1377667156,21.98
721,1377667161,21.97
721,1377667166,21.97
721,1377667171,21.97
721,1377667176,21.98
721,1377667181,21.96
721,1377667186,21.96
721,1377667191,21.96
721,1377667196,21.96
721,1377667201,21.96
721,1377667206,21.96
721,1377667211,21.95
721,1377667216,21.94
721,1377667221,21.95
721,1377667226,21.96
721,1377667231,21.96
721,1377667236,21.96
721,1377667241,21.94
721,1377667246,21.96
721,1377667251,21.96
721,1377667256,21.95
721,1377667261,21.95
721,1377667266,21.95
721,1377667271,21.95
721,1377667276,21.94
721,1377667281,21.94
721,1377667286,21.94
721,1377667291,21.94
721,1377667296,21.94
721,1377667301,21.93
721,1377667306,21.94
721,1377667311,21.95
721,1377667316,21.94
721,1377667321,21.94
721,1377667326,21.93
721,1377667331,21.94
721,1377667336,21.94
721,1377667341,21.94
721,1377667346,21.93
721,1377667351,21.93
721,1377667356,21.93
721,1377667361,21.94
721,1377667366,21.94
721,1377667371,21.93
721,1377667376,21.93
721,1377667381,21.93
721,1377667386,21.94
721,1377667391,21.93
721,1377667396,21.92
721,1377667401,21.92
721,1377667406,21.93
721,1377667411,21.91
721,1377667416,21.91
721,1377667421,21.93
721,1377667426,21.92
721,1377667431,21.91
721,1377667436,21.9
721,1377667441,21.91
721,1377667446,21.9
721,1377667451,21.92
721,1377667456,21.92
721,1377667461,21.93
721,1377667466,21.92
721,1377667471,21.91
721,1377667476,21.91
721,1377667481,21.91
721,1377667486,21.9
721,1377667491,21.91
721,1377667496,21.91
721,1377667501,21.9
721,1377667506,21.92
721,1377667511,21.9
721,1377667516,21.91
721,1377667521,21.9
721,1377667526,21.9
721,1377667531,21.89
721,1377667536,21.9
721,1377667541,21.9
721,1377667546,21.9
721,1377667551,21.9
721,1377667556,21.9
721,1377667561,21.9
721,1377667566,21.89
721,1377667571,21.88
721,1377667576,21.89
721,1377667581,21.9
721,1377667586,21.89
721,1377667591,21.9
721,1377667596,21.89
721,1377667601,21.89
721,1377667606,21.88
721,1377667611,21.89
721,1377667616,21.88
721,1377667621,21.88
721,1377667626,21.88
721,1377667631,21.89
721,1377667636,21.87
721,1377667641,21.89
721,1377667646,21.88
721,1377667651,21.87
721,1377667656,21.88
721,1377667661,21.88
721,1377667666,21.88
721,1377667671,21.88
721,1377667676,21.88
721,1377667681,21.88
721,1377667686,21.86
721,1377667691,21.87
721,1377667696,21.86
721,1377667701,21.87
721,1377667706,21.87
721,1377667711,21.86
721,1377667716,21.87
721,1377667721,21.87
721,1377667726,21.85
721,1377667731,21.86
721,1377667736,21.87
721,1377667741,21.86
721,1377667746,21.86
721,1377667751,21.88
721,1377667756,21.87
721,1377667761,21.87
721,1377667766,21.86
721,1377667771,21.86
721,1377667776,21.86
721,1377667781,21.86
721,1377667786,21.86
721,1377667791,21.85
721,1377667796,21.86
721,1377667801,21.86
721,1377667806,21.86
721,1377667811,21.84
721,1377667816,21.84
721,1377667821,21.84
721,1377667826,21.86
721,1377667831,21.86
721,1377667836,21.85
721,1377667841,21.85
721,1377667846,21.84
721,1377667851,21.84
721,1377667856,21.85
721,1377667861,21.83
721,1377667866,21.84
721,1377667871,21.83
721,1377667876,21.82
721,1377667881,21.83
721,1377667886,21.83
721,1377667891,21.82
721,1377667896,21.83
721,1377667901,21.84
721,1377667906,21.84
721,1377667911,21.83
721,1377667916,21.83
721,1377667921,21.82
721,1377667926,21.84
721,1377667931,21.83
721,1377667936,21.83
721,1377667941,21.82
721,1377667946,21.82
721,1377667951,21.82
721,1377667956,21.83
721,1377667961,21.84
721,1377667966,21.83
721,1377667971,21.82
721,1377667976,21.82
721,1377667981,21.81
721,1377667986,21.82
721,1377667991,21.81
721,1377667996,21.82
721,1377668001,21.82
721,1377668006,21.82
721,1377668011,21.82
721,1377668016,21.81
721,1377668021,21.81
721,1377668026,21.82
721,1377668031,21.81
721,1377668036,21.82
721,1377668041,21.82
721,1377668046,21.81
721,1377668051,21.81
721,1377668056,21.81
721,1377668061,21.81
721,1377668066,21.81
721,1377668071,21.8
721,1377668076,21.8
721,1377668081,21.8
721,1377668086,21.8
721,1377668091,21.8
721,1377668096,21.81
721,1377668101,21.8
721,1377668106,21.8
721,1377668111,21.8
721,1377668116,21.8
721,1377668121,21.8
721,1377668126,21.8
721,1377668131,21.8
721,1377668136,21.8
721,1377668141,21.8
721,1377668146,21.79
721,1377668151,21.81
721,1377668156,21.78
721,1377668161,21.78
721,1377668166,21.8
721,1377668171,21.8
721,1377668176,21.78
721,1377668181,21.8
721,1377668186,21.79
721,1377668191,21.78
721,1377668196,21.79
721,1377668201,21.79
721,1377668206,21.79
721,1377668211,21.79
721,1377668216,21.8
721,1377668221,21.78
721,1377668226,21.78
721,1377668231,21.78
721,1377668236,21.79
721,1377668241,21.78
721,1377668246,21.78
721,1377668251,21.78
721,1377668256,21.78
721,1377668261,21.78
721,1377668266,21.8
721,1377668271,21.78
721,1377668276,21.79
721,1377668281,21.78
721,1377668286,21.78
721,1377668291,21.79
721,1377668296,21.78
721,1377668301,21.78
721,1377668306,21.78
721,1377668311,21.78
721,1377668316,21.78
721,1377668321,21.78
721,1377668326,21.78
721,1377668331,21.79
721,1377668336,21.78
721,1377668341,21.78
721,1377668346,21.79
721,1377668351,21.78
721,1377668356,21.78
721,1377668361,21.78
721,1377668366,21.78
721,1377668371,21.78
721,1377668376,21.78
721,1377668381,21.78
721,1377668386,21.78
721,1377668391,21.78
721,1377668396,21.77
721,1377668401,21.78
721,1377668406,21.77
721,1377668411,21.77
721,1377668416,21.76
721,1377668421,21.78
721,1377668426,21.77
721,1377668431,21.76
721,1377668436,21.76
721,1377668441,21.76
721,1377668446,21.77
721,1377668451,21.78
721,1377668456,21.76
721,1377668461,21.76
721,1377668466,21.78
721,1377668471,21.76
721,1377668476,21.76
721,1377668481,21.76
721,1377668486,21.76
721,1377668491,21.76
721,1377668496,21.76
721,1377668501,21.76
721,1377668506,21.75
721,1377668511,21.75
721,1377668516,21.75
721,1377668521,21.75
721,1377668526,21.75
721,1377668531,21.75
721,1377668536,21.76
721,1377668541,21.74
721,1377668546,21.74
721,1377668551,21.75
721,1377668556,21.75
721,1377668561,21.75
721,1377668566,21.74
721,1377668571,21.76
721,1377668576,21.75
721,1377668581,21.76
721,1377668586,21.75
721,1377668591,21.74
721,1377668596,21.75
721,1377668601,21.75
721,1377668606,21.74
721,1377668611,21.74
721,1377668616,21.74
721,1377668621,21.74
721,1377668626,21.75
721,1377668631,21.74
721,1377668636,21.74
721,1377668641,21.74
721,1377668646,21.73
721,1377668651,21.73
721,1377668656,21.74
721,1377668661,21.72
721,1377668666,21.74
721,1377668671,21.74
721,1377668676,21.74
721,1377668681,21.73
721,1377668686,21.72
721,1377668691,21.72
721,1377668696,21.74
721,1377668701,21.72
721,1377668706,21.74
721,1377668711,21.74
721,1377668716,21.73
721,1377668721,21.74
721,1377668726,21.73
721,1377668731,21.73
721,1377668736,21.72
721,1377668741,21.72
721,1377668746,21.72
721,1377668751,21.72
721,1377668756,21.72
721,1377668761,21.73
721,1377668766,21.73
721,1377668771,21.72
721,1377668776,21.72
721,1377668781,21.73
721,1377668786,21.72
721,1377668791,21.73
721,1377668796,21.72
721,1377668801,21.72
721,1377668806,21.72
721,1377668811,21.73
721,1377668816,21.72
721,1377668821,21.72
721,1377668826,21.72
721,1377668831,21.72
721,1377668836,21.72
721,1377668841,21.72
721,1377668846,21.71
721,1377668851,21.72
721,1377668856,21.72
721,1377668861,21.73
721,1377668866,21.73
721,1377668871,21.72
721,1377668876,21.72
721,1377668881,21.71
721,1377668886,21.71
721,1377668891,21.71
721,1377668896,21.72
721,1377668901,21.71
721,1377668906,21.72
721,1377668911,21.72
721,1377668916,21.72
721,1377668921,21.71
721,1377668926,21.72
721,1377668931,21.72
721,1377668936,21.71
721,1377668941,21.71
721,1377668946,21.71
721,1377668951,21.71
721,1377668956,21.71
721,1377668961,21.7
721,1377668966,21.7
721,1377668971,21.7
721,1377668976,21.71
721,1377668981,21.7
721,1377668986,21.7
721,1377668991,21.7
721,1377668996,21.69
721,1377669001,21.7
721,1377669006,21.7
721,1377669011,21.7
721,1377669016,21.7
721,1377669021,21.71
721,1377669026,21.7
721,1377669031,21.7
721,1377669036,21.69
721,1377669041,21.69
721,1377669046,21.68
721,1377669051,21.69
721,1377669056,21.69
721,1377669061,21.68
721,1377669066,21.69
721,1377669071,21.7
721,1377669076,21.68
721,1377669081,21.68
721,1377669086,21.68
721,1377669091,21.69
721,1377669096,21.68
721,1377669101,21.68
721,1377669106,21.68
721,1377669111,21.69
721,1377669116,21.68
721,1377669121,21.68
721,1377669126,21.68
721,1377669131,21.67
721,1377669136,21.68
721,1377669141,21.67
721,1377669146,21.68
721,1377669151,21.68
721,1377669156,21.67
721,1377669161,21.68
721,1377669166,21.66
721,1377669171,21.68
721,1377669176,21.67
721,1377669181,21.68
721,1377669186,21.67
721,1377669191,21.68
721,1377669196,21.68
721,1377669201,21.66
721,1377669206,21.67
721,1377669211,21.67
721,1377669216,21.66
721,1377669221,21.67
721,1377669226,21.66
721,1377669231,21.67
721,1377669236,21.65
721,1377669241,21.66
721,1377669246,21.66
721,1377669251,21.66
721,1377669256,21.66
721,1377669261,21.65
721,1377669266,21.66
721,1377669271,21.66
721,1377669276,21.66
721,1377669281,21.65
721,1377669286,21.65
721,1377669291,21.64
721,1377669296,21.64
721,1377669301,21.65
721,1377669306,21.66
721,1377669311,21.65
721,1377669316,21.66
721,1377669321,21.66
721,1377669326,21.66
721,1377669331,21.65
721,1377669336,21.64
721,1377669341,21.65
721,1377669346,21.65
721,1377669351,21.66
721,1377669356,21.65
721,1377669361,21.64
721,1377669366,21.65
721,1377669371,21.66
721,1377669376,21.65
721,1377669381,21.65
721,1377669386,21.64
721,1377669391,21.64
721,1377669396,21.64
721,1377669401,21.64
721,1377669406,21.64
721,1377669411,21.64
721,1377669416,21.64
721,1377669421,21.64
721,1377669426,21.65
721,1377669431,21.64
721,1377669436,21.64
721,1377669441,21.64
721,1377669446,21.64
721,1377669451,21.65
721,1377669456,21.63
721,1377669461,21.64
721,1377669466,21.64
721,1377669471,21.64
721,1377669476,21.64
721,1377669481,21.64
721,1377669486,21.65
721,1377669491,21.64
721,1377669496,21.64
721,1377669501,21.62
721,1377669506,21.64
721,1377669511,21.64
721,1377669516,21.64
721,1377669521,21.62
721,1377669526,21.64
721,1377669531,21.63
721,1377669536,21.63
721,1377669541,21.63
721,1377669546,21.63
721,1377669551,21.64
721,1377669556,21.64
721,1377669561,21.63
721,1377669566,21.63
721,1377669571,21.63
721,1377669576,21.63
721,1377669581,21.63
721,1377669586,21.62
721,1377669591,21.62
721,1377669596,21.64
721,1377669601,21.62
721,1377669606,21.62
721,1377669611,21.62
721,1377669616,21.62
721,1377669621,21.62
721,1377669626,21.62
721,1377669631,21.62
721,1377669636,21.62
721,1377669641,21.62
721,1377669646,21.62
721,1377669651,21.62
721,1377669656,21.62
721,1377669661,21.61
721,1377669666,21.62
721,1377669671,21.61
721,1377669676,21.61
721,1377669681,21.61
721,1377669686,21.6
721,1377669691,21.61
721,1377669696,21.62
721,1377669701,21.62
721,1377669706,21.6
721,1377669711,21.62
721,1377669716,21.61
721,1377669721,21.61
721,1377669726,21.6
721,1377669731,21.6
721,1377669736,21.6
721,1377669741,21.6
721,1377669746,21.61
721,1377669751,21.61
721,1377669756,21.6
721,1377669761,21.6
721,1377669766,21.61
721,1377669771,21.6
721,1377669776,21.61
721,1377669781,21.61
721,1377669786,21.61
721,1377669791,21.6
721,1377669796,21.59
721,1377669801,21.6
721,1377669806,21.6
721,1377669811,21.59
721,1377669816,21.6
721,1377669821,21.59
721,1377669826,21.6
721,1377669831,21.6
721,1377669836,21.61
721,1377669841,21.6
721,1377669846,21.6
721,1377669851,21.6
721,1377669856,21.58
721,1377669861,21.59
721,1377669866,21.58
721,1377669871,21.59
721,1377669876,21.6
721,1377669881,21.59
721,1377669886,21.59
721,1377669891,21.59
721,1377669896,21.58
721,1377669901,21.6
721,1377669906,21.58
721,1377669911,21.58
721,1377669916,21.59
721,1377669921,21.58
721,1377669926,21.59
721,1377669931,21.58
721,1377669936,21.58
721,1377669941,21.58
721,1377669946,21.58
721,1377669951,21.58
721,1377669956,21.59
721,1377669961,21.58
721,1377669966,21.58
721,1377669971,21.59
721,1377669976,21.58
721,1377669981,21.58
721,1377669986,21.57
721,1377669991,21.58
721,1377669996,21.58
721,1377670001,21.57
721,1377670006,21.59
721,1377670011,21.58
721,1377670016,21.57
721,1377670021,21.57
721,1377670026,21.57
721,1377670031,21.57
721,1377670036,21.58
721,1377670041,21.59
721,1377670046,21.58
721,1377670051,21.58
721,1377670056,21.58
721,1377670061,21.57
721,1377670066,21.58
721,1377670071,21.57
721,1377670076,21.57
721,1377670081,21.56
721,1377670086,21.58
721,1377670091,21.56
721,1377670096,21.58
721,1377670101,21.55
721,1377670106,21.57
721,1377670111,21.56
721,1377670116,21.56
721,1377670121,21.56
721,1377670126,21.56
721,1377670131,21.56
721,1377670136,21.56
721,1377670141,21.56
721,1377670146,21.56
721,1377670151,21.56
721,1377670156,21.55
721,1377670161,21.56
721,1377670166,21.56
721,1377670171,21.55
721,1377670176,21.55
721,1377670181,21.56
721,1377670186,21.56
721,1377670191,21.56
721,1377670196,21.55
721,1377670201,21.54
721,1377670206,21.55
721,1377670211,21.55
721,1377670216,21.55
721,1377670221,21.55
721,1377670226,21.54
721,1377670231,21.54
721,1377670236,21.54
721,1377670241,21.55
721,1377670246,21.54
721,1377670251,21.54
721,1377670256,21.54
721,1377670261,21.54
721,1377670266,21.54
721,1377670271,21.54
721,1377670276,21.54
721,1377670281,21.53
721,1377670286,21.53
721,1377670291,21.54
721,1377670296,21.55
721,1377670301,21.53
721,1377670306,21.54
721,1377670311,21.53
721,1377670316,21.53
721,1377670321,21.53
721,1377670326,21.55
721,1377670331,21.53
721,1377670336,21.53
721,1377670341,21.53
721,1377670346,21.53
721,1377670351,21.53
721,1377670356,21.52
721,1377670361,21.53
721,1377670366,21.52
721,1377670371,21.54
721,1377670376,21.53
721,1377670381,21.53
721,1377670386,21.52
721,1377670391,21.52
721,1377670396,21.53
721,1377670401,21.53
721,1377670406,21.53
721,1377670411,21.52
721,1377670416,21.54
721,1377670421,21.52
721,1377670426,21.52
721,1377670431,21.54
721,1377670436,21.54
721,1377670441,21.53
721,1377670446,21.52
721,1377670451,21.53
721,1377670456,21.53
721,1377670461,21.52
721,1377670466,21.53
721,1377670471,21.54
721,1377670476,21.52
721,1377670481,21.52
721,1377670486,21.52
721,1377670491,21.52
721,1377670496,21.52
721,1377670501,21.52
721,1377670506,21.52
721,1377670511,21.52
721,1377670516,21.52
721,1377670521,21.52
721,1377670526,21.52
721,1377670531,21.52
721,1377670536,21.51
721,1377670541,21.52
721,1377670546,21.51
721,1377670551,21.52
721,1377670556,21.52
721,1377670561,21.51
721,1377670566,21.51
721,1377670571,21.5
721,1377670576,21.51
721,1377670581,21.51
721,1377670586,21.5
721,1377670591,21.52
721,1377670596,21.51
721,1377670601,21.52
721,1377670606,21.5
721,1377670611,21.51
721,1377670616,21.51
721,1377670621,21.51
721,1377670626,21.5
721,1377670631,21.51
721,1377670636,21.51
721,1377670641,21.51
721,1377670646,21.51
721,1377670651,21.5
721,1377670656,21.51
721,1377670661,21.5
721,1377670666,21.5
721,1377670671,21.51
721,1377670676,21.51
721,1377670681,21.51
721,1377670686,21.51
721,1377670691,21.51
721,1377670696,21.5
721,1377670701,21.51
721,1377670706,21.5
721,1377670711,21.51
721,1377670716,21.5
721,1377670721,21.51
721,1377670726,21.51
721,1377670731,21.5
721,1377670736,21.5
721,1377670741,21.5
721,1377670746,21.5
721,1377670751,21.5
721,1377670756,21.5
721,1377670761,21.51
721,1377670766,21.51
721,1377670771,21.5
721,1377670776,21.51
721,1377670781,21.5
721,1377670786,21.51
721,1377670791,21.5
721,1377670796,21.5
721,1377670801,21.51
721,1377670806,21.49
721,1377670811,21.5
721,1377670816,21.5
721,1377670821,21.5
721,1377670826,21.5
721,1377670831,21.5
721,1377670836,21.5
721,1377670841,21.5
721,1377670846,21.49
721,1377670851,21.5
721,1377670856,21.5
721,1377670861,21.5
721,1377670866,21.49
721,1377670871,21.5
721,1377670876,21.5
721,1377670881,21.5
721,1377670886,21.49
721,1377670891,21.48
721,1377670896,21.48
721,1377670901,21.48
721,1377670906,21.49
721,1377670911,21.48
721,1377670916,21.48
721,1377670921,21.48
721,1377670926,21.48
721,1377670931,21.49
721,1377670936,21.49
721,1377670941,21.49
721,1377670946,21.48
721,1377670951,21.48
721,1377670956,21.48
721,1377670961,21.48
721,1377670966,21.48
721,1377670971,21.48
721,1377670976,21.48
721,1377670981,21.49
721,1377670986,21.48
721,1377670991,21.49
721,1377670996,21.48
721,1377671001,21.47
721,1377671006,21.48
721,1377671011,21.48
721,1377671016,21.48
721,1377671021,21.48
721,1377671026,21.48
721,1377671031,21.49
721,1377671036,21.48
721,1377671041,21.48
721,1377671046,21.47
721,1377671051,21.47
721,1377671056,21.47
721,1377671061,21.46
721,1377671066,21.46
721,1377671071,21.45
721,1377671076,21.45
721,1377671081,21.46
721,1377671086,21.46
721,1377671091,21.46
721,1377671096,21.45
721,1377671101,21.46
721,1377671106,21.46
721,1377671111,21.46
721,1377671116,21.45
721,1377671121,21.45
721,1377671126,21.46
721,1377671131,21.46
721,1377671136,21.45
721,1377671141,21.45
721,1377671146,21.45
721,1377671151,21.45
721,1377671156,21.45
721,1377671161,21.45
721,1377671166,21.46
721,1377671171,21.45
721,1377671176,21.45
721,1377671181,21.45
721,1377671186,21.44
721,1377671191,21.44
721,1377671196,21.44
721,1377671201,21.43
721,1377671206,21.44
721,1377671211,21.44
721,1377671216,21.44
721,1377671221,21.44
721,1377671226,21.45
721,1377671231,21.44
721,1377671236,21.45
721,1377671241,21.45
721,1377671246,21.45
721,1377671251,21.44
721,1377671256,21.44
721,1377671261,21.44
721,1377671266,21.44
721,1377671271,21.44
721,1377671276,21.44
721,1377671281,21.44
721,1377671286,21.44
721,1377671291,21.45
721,1377671296,21.45
721,1377671301,21.44
721,1377671306,21.44
721,1377671311,21.43
721,1377671316,21.43
721,1377671321,21.44
721,1377671326,21.44
721,1377671331,21.43
721,1377671336,21.44
721,1377671341,21.44
721,1377671346,21.42
721,1377671351,21.42
721,1377671356,21.43
721,1377671361,21.43
721,1377671366,21.43
721,1377671371,21.44
721,1377671376,21.44
721,1377671381,21.43
721,1377671386,21.42
721,1377671391,21.42
721,1377671396,21.42
721,1377671401,21.43
721,1377671406,21.43
721,1377671411,21.43
721,1377671416,21.43
721,1377671421,21.44
721,1377671426,21.43
721,1377671431,21.43
721,1377671436,21.42
721,1377671441,21.43
721,1377671446,21.43
721,1377671451,21.42
721,1377671456,21.43
721,1377671461,21.44
721,1377671466,21.43
721,1377671471,21.42
721,1377671476,21.44
721,1377671481,21.43
721,1377671486,21.42
721,1377671491,21.42
721,1377671496,21.42
721,1377671501,21.42
721,1377671506,21.42
721,1377671511,21.42
721,1377671516,21.42
721,1377671521,21.42
721,1377671526,21.42
721,1377671531,21.42
721,1377671536,21.42
721,1377671541,21.42
721,1377671546,21.42
721,1377671551,21.42
721,1377671556,21.42
721,1377671561,21.42
721,1377671566,21.41
721,1377671571,21.43
721,1377671576,21.41
721,1377671581,21.42
721,1377671586,21.41
721,1377671591,21.4
721,1377671596,21.42
721,1377671601,21.41
721,1377671606,21.41
721,1377671611,21.42
721,1377671616,21.42
721,1377671621,21.42
721,1377671626,21.42
721,1377671631,21.42
721,1377671636,21.42
721,1377671641,21.42
721,1377671646,21.41
721,1377671651,21.42
721,1377671656,21.42
721,1377671661,21.42
721,1377671666,21.42
721,1377671671,21.42
721,1377671676,21.43
721,1377671681,21.41
721,1377671686,21.42
721,1377671691,21.42
721,1377671696,21.42
721,1377671701,21.42
721,1377671706,21.43
721,1377671711,21.42
721,1377671716,21.42
721,1377671721,21.42
721,1377671726,21.42
721,1377671731,21.42
721,1377671736,21.41
721,1377671741,21.41
721,1377671746,21.42
721,1377671751,21.41
721,1377671756,21.42
721,1377671761,21.42
721,1377671766,21.41
721,1377671771,21.42
721,1377671776,21.41
721,1377671781,21.42
721,1377671786,21.42
721,1377671791,21.41
721,1377671796,21.42
721,1377671801,21.42
721,1377671806,21.41
721,1377671811,21.42
721,1377671816,21.4
721,1377671821,21.41
721,1377671826,21.41
721,1377671831,21.41
721,1377671836,21.42
721,1377671841,21.4
721,1377671846,21.42
721,1377671851,21.41
721,1377671856,21.42
721,1377671861,21.41
721,1377671866,21.41
721,1377671871,21.4
721,1377671876,21.4
721,1377671881,21.41
721,1377671886,21.4
721,1377671891,21.41
721,1377671896,21.4
721,1377671901,21.41
721,1377671906,21.4
721,1377671911,21.4
721,1377671916,21.41
721,1377671921,21.41
721,1377671926,21.39
721,1377671931,21.4
721,1377671936,21.4
721,1377671941,21.41
721,1377671946,21.41
721,1377671951,21.4
721,1377671956,21.41
721,1377671961,21.4
721,1377671966,21.4
721,1377671971,21.39
721,1377671976,21.39
721,1377671981,21.4
721,1377671986,21.4
721,1377671991,21.4
721,1377671996,21.4
721,1377672001,21.4
721,1377672006,21.39
721,1377672011,21.39
721,1377672016,21.39
721,1377672021,21.39
721,1377672026,21.39
721,1377672031,21.38
721,1377672036,21.39
721,1377672041,21.38
721,1377672046,21.38
721,1377672051,21.38
721,1377672056,21.37
721,1377672061,21.38
721,1377672066,21.37
721,1377672071,21.38
721,1377672076,21.39
721,1377672081,21.37
721,1377672086,21.39
721,1377672091,21.36
721,1377672096,21.38
721,1377672101,21.38
721,1377672106,21.38
721,1377672111,21.38
721,1377672116,21.38
721,1377672121,21.38
721,1377672126,21.39
721,1377672131,21.39
721,1377672136,21.4
721,1377672141,21.39
721,1377672146,21.38
721,1377672151,21.38
721,1377672156,21.38
721,1377672161,21.38
721,1377672166,21.38
721,1377672171,21.38
721,1377672176,21.38
721,1377672181,21.38
721,1377672186,21.38
721,1377672191,21.37
721,1377672196,21.38
721,1377672201,21.38
721,1377672206,21.37
721,1377672211,21.38
721,1377672216,21.38
721,1377672221,21.38
721,1377672226,21.38
721,1377672231,21.38
721,1377672236,21.39
721,1377672241,21.38
721,1377672246,21.38
721,1377672251,21.38
721,1377672256,21.38
721,1377672261,21.38
721,1377672266,21.38
721,1377672271,21.38
721,1377672276,21.38
721,1377672281,21.38
721,1377672286,21.38
721,1377672291,21.38
721,1377672296,21.37
721,1377672301,21.37
721,1377672306,21.37
721,1377672311,21.38
721,1377672316,21.37
721,1377672321,21.37
721,1377672326,21.38
721,1377672331,21.38
721,1377672336,21.37
721,1377672341,21.38
721,1377672346,21.38
721,1377672351,21.38
721,1377672356,21.37
721,1377672361,21.37
721,1377672366,21.38
721,1377672371,21.37
721,1377672376,21.37
721,1377672381,21.36
721,1377672386,21.37
721,1377672391,21.36
721,1377672396,21.38
721,1377672401,21.37
721,1377672406,21.38
721,1377672411,21.37
721,1377672416,21.36
721,1377672421,21.37
721,1377672426,21.36
721,1377672431,21.37
721,1377672436,21.36
721,1377672441,21.37
721,1377672446,21.36
721,1377672451,21.36
721,1377672456,21.36
721,1377672461,21.36
721,1377672466,21.38
721,1377672471,21.36
721,1377672476,21.36
721,1377672481,21.36
721,1377672486,21.36
721,1377672491,21.36
721,1377672496,21.36
721,1377672501,21.36
721,1377672506,21.36
721,1377672511,21.35
721,1377672516,21.36
721,1377672521,21.36
721,1377672526,21.36
721,1377672531,21.36
721,1377672536,21.36
721,1377672541,21.36
721,1377672546,21.35
721,1377672551,21.37
721,1377672556,21.36
721,1377672561,21.36
721,1377672566,21.36
721,1377672571,21.36
721,1377672576,21.35
721,1377672581,21.35
721,1377672586,21.35
721,1377672591,21.36
721,1377672596,21.35
721,1377672601,21.35
721,1377672606,21.35
721,1377672611,21.35
721,1377672616,21.35
721,1377672621,21.34
721,1377672626,21.36
721,1377672631,21.34
721,1377672636,21.36
721,1377672641,21.36
721,1377672646,21.35
721,1377672651,21.35
721,1377672656,21.35
721,1377672661,21.35
721,1377672666,21.35
721,1377672671,21.35
721,1377672676,21.34
721,1377672681,21.34
721,1377672686,21.34
721,1377672691,21.36
721,1377672696,21.35
721,1377672701,21.34
721,1377672706,21.35
721,1377672711,21.35
721,1377672716,21.34
721,1377672721,21.34
721,1377672726,21.34
721,1377672731,21.34
721,1377672736,21.34
721,1377672741,21.34
721,1377672746,21.34
721,1377672751,21.34
721,1377672756,21.34
721,1377672761,21.34
721,1377672766,21.34
721,1377672771,21.34
721,1377672776,21.34
721,1377672781,21.33
721,1377672786,21.33
721,1377672791,21.34
721,1377672796,21.33
721,1377672801,21.33
721,1377672806,21.34
721,1377672811,21.34
721,1377672816,21.33
721,1377672821,21.34
721,1377672826,21.32
721,1377672831,21.33
721,1377672836,21.34
721,1377672841,21.33
721,1377672846,21.34
721,1377672851,21.33
721,1377672856,21.33
721,1377672861,21.33
721,1377672866,21.34
721,1377672871,21.33
721,1377672876,21.32
721,1377672881,21.33
721,1377672886,21.33
721,1377672891,21.32
721,1377672896,21.32
721,1377672901,21.32
721,1377672906,21.32
721,1377672911,21.32
721,1377672916,21.33
721,1377672921,21.31
721,1377672926,21.32
721,1377672931,21.34
721,1377672936,21.32
721,1377672941,21.32
721,1377672946,21.33
721,1377672951,21.33
721,1377672956,21.32
721,1377672961,21.32
721,1377672966,21.33
721,1377672971,21.32
721,1377672976,21.32
721,1377672981,21.33
721,1377672986,21.33
721,1377672991,21.33
721,1377672996,21.32
721,1377673001,21.32
721,1377673006,21.33
721,1377673011,21.32
721,1377673016,21.32
721,1377673021,21.32
721,1377673026,21.32
721,1377673031,21.32
721,1377673036,21.32
721,1377673041,21.32
721,1377673046,21.33
721,1377673051,21.32
721,1377673056,21.33
721,1377673061,21.32
721,1377673066,21.32
721,1377673071,21.32
721,1377673076,21.32
721,1377673081,21.32
721,1377673086,21.32
721,1377673091,21.32
721,1377673096,21.32
721,1377673101,21.31
721,1377673106,21.31
721,1377673111,21.32
721,1377673116,21.33
721,1377673121,21.31
721,1377673126,21.32
721,1377673131,21.32
721,1377673136,21.32
721,1377673141,21.32
721,1377673146,21.32
721,1377673151,21.32
721,1377673156,21.32
721,1377673161,21.32
721,1377673166,21.32
721,1377673171,21.32
721,1377673176,21.32
721,1377673181,21.31
721,1377673186,21.32
721,1377673191,21.32
721,1377673196,21.32
721,1377673201,21.32
721,1377673206,21.32
721,1377673211,21.32
721,1377673216,21.32
721,1377673221,21.32
721,1377673226,21.32
721,1377673231,21.3
721,1377673236,21.31
721,1377673241,21.31
721,1377673246,21.31
721,1377673251,21.31
721,1377673256,21.32
721,1377673261,21.31
721,1377673266,21.31
721,1377673271,21.32
721,1377673276,21.31
721,1377673281,21.32
721,1377673286,21.32
721,1377673291,21.31
721,1377673296,21.31
721,1377673301,21.31
721,1377673306,21.32
721,1377673311,21.31
721,1377673316,21.32
721,1377673321,21.3
721,1377673326,21.3
721,1377673331,21.31
721,1377673336,21.31
721,1377673341,21.32
721,1377673346,21.31
721,1377673351,21.31
721,1377673356,21.31
721,1377673361,21.3
721,1377673366,21.3
721,1377673371,21.3
721,1377673376,21.31
721,1377673381,21.3
721,1377673386,21.3
721,1377673391,21.31
721,1377673396,21.3
721,1377673401,21.3
721,1377673406,21.3
721,1377673411,21.3
721,1377673416,21.3
721,1377673421,21.3
721,1377673426,21.3
721,1377673431,21.29
721,1377673436,21.29
721,1377673441,21.3
721,1377673446,21.3
721,1377673451,21.3
721,1377673456,21.3
721,1377673461,21.29
721,1377673466,21.29
721,1377673471,21.29
721,1377673476,21.28
721,1377673481,21.29
721,1377673486,21.28
721,1377673491,21.28
721,1377673496,21.28
721,1377673501,21.29
721,1377673506,21.29
721,1377673511,21.28
721,1377673516,21.29
721,1377673521,21.28
721,1377673526,21.29
721,1377673531,21.29
721,1377673536,21.28
721,1377673541,21.28
721,1377673546,21.28
721,1377673551,21.28
721,1377673556,21.28
721,1377673561,21.28
721,1377673566,21.28
721,1377673571,21.3
721,1377673576,21.28
721,1377673581,21.28
721,1377673586,21.27
721,1377673591,21.28
721,1377673596,21.28
721,1377673601,21.28
721,1377673606,21.29
721,1377673611,21.28
721,1377673616,21.27
721,1377673621,21.28
721,1377673626,21.3
721,1377673631,21.28
721,1377673636,21.28
721,1377673641,21.28
721,1377673646,21.28
721,1377673651,21.29
721,1377673656,21.28
721,1377673661,21.28
721,1377673666,21.28
721,1377673671,21.28
721,1377673676,21.28
721,1377673681,21.28
721,1377673686,21.28
721,1377673691,21.28
721,1377673696,21.28
721,1377673701,21.28
721,1377673706,21.28
721,1377673711,21.28
721,1377673716,21.28
721,1377673721,21.28
721,1377673726,21.28
721,1377673731,21.28
721,1377673736,21.28
721,1377673741,21.27
721,1377673746,21.28
721,1377673751,21.27
721,1377673756,21.28
721,1377673761,21.28
721,1377673766,21.26
721,1377673771,21.28
721,1377673776,21.28
721,1377673781,21.26
721,1377673786,21.27
721,1377673791,21.28
721,1377673796,21.27
721,1377673801,21.27
721,1377673806,21.28
721,1377673811,21.27
721,1377673816,21.26
721,1377673821,21.28
721,1377673826,21.27
721,1377673831,21.28
721,1377673836,21.28
721,1377673841,21.27
721,1377673846,21.26
721,1377673851,21.28
721,1377673856,21.27
721,1377673861,21.27
721,1377673866,21.28
721,1377673871,21.28
721,1377673876,21.27
721,1377673881,21.28
721,1377673886,21.27
721,1377673891,21.27
721,1377673896,21.28
721,1377673901,21.26
721,1377673906,21.28
721,1377673911,21.28
721,1377673916,21.28
721,1377673921,21.28
721,1377673926,21.28
721,1377673931,21.27
721,1377673936,21.27
721,1377673941,21.27
721,1377673946,21.28
721,1377673951,21.26
721,1377673956,21.27
721,1377673961,21.28
721,1377673966,21.26
721,1377673971,21.27
721,1377673976,21.28
721,1377673981,21.28
721,1377673986,21.28
721,1377673991,21.27
721,1377673996,21.28
721,1377674001,21.27
721,1377674006,21.26
721,1377674011,21.26
721,1377674016,21.26
721,1377674021,21.28
721,1377674026,21.27
721,1377674031,21.26
721,1377674036,21.27
721,1377674041,21.27
721,1377674046,21.27
721,1377674051,21.27
721,1377674056,21.26
721,1377674061,21.26
721,1377674066,21.27
721,1377674071,21.25
721,1377674076,21.25
721,1377674081,21.25
721,1377674086,21.25
721,1377674091,21.26
721,1377674096,21.26
721,1377674101,21.26
721,1377674106,21.26
721,1377674111,21.25
721,1377674116,21.26
721,1377674121,21.24
721,1377674126,21.25
721,1377674131,21.25
721,1377674136,21.24
721,1377674141,21.25
721,1377674146,21.25
721,1377674151,21.25
721,1377674156,21.24
721,1377674161,21.25
721,1377674166,21.24
721,1377674171,21.24
721,1377674176,21.26
721,1377674181,21.24
721,1377674186,21.24
721,1377674191,21.24
721,1377674196,21.26
721,1377674201,21.24
721,1377674206,21.26
721,1377674211,21.25
721,1377674216,21.25
721,1377674221,21.24
721,1377674226,21.25
721,1377674231,21.25
721,1377674236,21.25
721,1377674241,21.24
721,1377674246,21.24
721,1377674251,21.24
721,1377674256,21.25
721,1377674261,21.24
721,1377674266,21.24
721,1377674271,21.26
721,1377674276,21.25
721,1377674281,21.24
721,1377674286,21.25
721,1377674291,21.25
721,1377674296,21.24
721,1377674301,21.24
721,1377674306,21.25
721,1377674311,21.24
721,1377674316,21.24
721,1377674321,21.25
721,1377674326,21.24
721,1377674331,21.24
721,1377674336,21.26
721,1377674341,21.25
721,1377674346,21.25
721,1377674351,21.24
721,1377674356,21.24
721,1377674361,21.24
721,1377674366,21.24
721,1377674371,21.24
721,1377674376,21.23
721,1377674381,21.23
721,1377674386,21.23
721,1377674391,21.23
721,1377674396,21.24
721,1377674401,21.23
721,1377674406,21.23
721,1377674411,21.22
721,1377674416,21.23
721,1377674421,21.23
721,1377674426,21.24
721,1377674431,21.23
721,1377674436,21.24
721,1377674441,21.24
721,1377674446,21.24
721,1377674451,21.23
721,1377674456,21.23
721,1377674461,21.22
721,1377674466,21.23
721,1377674471,21.23
721,1377674476,21.23
721,1377674481,21.23
721,1377674486,21.23
721,1377674491,21.24
721,1377674496,21.24
721,1377674501,21.22
721,1377674506,21.23
721,1377674511,21.24
721,1377674516,21.23
721,1377674521,21.22
721,1377674526,21.22
721,1377674531,21.23
721,1377674536,21.22
721,1377674541,21.22
721,1377674546,21.23
721,1377674551,21.22
721,1377674556,21.23
721,1377674561,21.22
721,1377674566,21.23
721,1377674571,21.23
721,1377674576,21.22
721,1377674581,21.22
721,1377674586,21.22
721,1377674591,21.22
721,1377674596,21.23
721,1377674601,21.22
721,1377674606,21.22
721,1377674611,21.23
721,1377674616,21.22
721,1377674621,21.23
721,1377674626,21.24
721,1377674631,21.21
721,1377674636,21.23
721,1377674641,21.22
721,1377674646,21.23
721,1377674651,21.22
721,1377674656,21.23
721,1377674661,21.22
721,1377674666,21.21
721,1377674671,21.22
721,1377674676,21.23
721,1377674681,21.21
721,1377674686,21.22
721,1377674691,21.22
721,1377674696,21.22
721,1377674701,21.22
721,1377674706,21.23
721,1377674711,21.22
721,1377674716,21.22
721,1377674721,21.23
721,1377674726,21.21
721,1377674731,21.22
721,1377674736,21.21
721,1377674741,21.22
721,1377674746,21.22
721,1377674751,21.22
721,1377674756,21.22
721,1377674761,21.23
721,1377674766,21.22
721,1377674771,21.21
721,1377674776,21.22
721,1377674781,21.22
721,1377674786,21.22
721,1377674791,21.21
721,1377674796,21.22
721,1377674801,21.22
721,1377674806,21.22
721,1377674811,21.22
721,1377674816,21.22
721,1377674821,21.21
721,1377674826,21.22
721,1377674831,21.22
721,1377674836,21.21
721,1377674841,21.22
721,1377674846,21.22
721,1377674851,21.22
721,1377674856,21.21
721,1377674861,21.22
721,1377674866,21.21
721,1377674871,21.21
721,1377674876,21.2
721,1377674881,21.22
721,1377674886,21.22
721,1377674891,21.22
721,1377674896,21.22
721,1377674901,21.22
721,1377674906,21.22
721,1377674911,21.22
721,1377674916,21.21
721,1377674921,21.2
721,1377674926,21.21
721,1377674931,21.2
721,1377674936,21.21
721,1377674941,21.22
721,1377674946,21.21
721,1377674951,21.2
721,1377674956,21.2
721,1377674961,21.21
721,1377674966,21.22
721,1377674971,21.21
721,1377674976,21.22
721,1377674981,21.22
721,1377674986,21.22
721,1377674991,21.22
721,1377674996,21.21
721,1377675001,21.21
721,1377675006,21.21
721,1377675011,21.22
721,1377675016,21.22
721,1377675021,21.21
721,1377675026,21.21
721,1377675031,21.22
721,1377675036,21.21
721,1377675041,21.21
721,1377675046,21.21
721,1377675051,21.22
721,1377675056,21.21
721,1377675061,21.22
721,1377675066,21.2
721,1377675071,21.22
721,1377675076,21.22
721,1377675081,21.22
721,1377675086,21.2
721,1377675091,21.21
721,1377675096,21.21
721,1377675101,21.21
721,1377675106,21.21
721,1377675111,21.22
721,1377675116,21.2
721,1377675121,21.2
721,1377675126,21.2
721,1377675131,21.2
721,1377675136,21.2
721,1377675141,21.22
721,1377675146,21.21
721,1377675151,21.2
721,1377675156,21.2
721,1377675161,21.21
721,1377675166,21.21
721,1377675171,21.2
721,1377675176,21.2
721,1377675181,21.2
721,1377675186,21.2
721,1377675191,21.2
721,1377675196,21.2
721,1377675201,21.2
721,1377675206,21.2
721,1377675211,21.2
721,1377675216,21.21
721,1377675221,21.2
721,1377675226,21.19
721,1377675231,21.2
721,1377675236,21.2
721,1377675241,21.2
721,1377675246,21.2
721,1377675251,21.2
721,1377675256,21.2
721,1377675261,21.2
721,1377675266,21.18
721,1377675271,21.18
721,1377675276,21.2
721,1377675281,21.2
721,1377675286,21.19
721,1377675291,21.21
721,1377675296,21.2
721,1377675301,21.2
721,1377675306,21.2
721,1377675311,21.19
721,1377675316,21.2
721,1377675321,21.2
721,1377675326,21.18
721,1377675331,21.2
721,1377675336,21.19
721,1377675341,21.19
721,1377675346,21.18
721,1377675351,21.18
721,1377675356,21.19
721,1377675361,21.2
721,1377675366,21.2
721,1377675371,21.19
721,1377675376,21.19
721,1377675381,21.18
721,1377675386,21.18
721,1377675391,21.19
721,1377675396,21.19
721,1377675401,21.19
721,1377675406,21.18
721,1377675411,21.19
721,1377675416,21.19
721,1377675421,21.19
721,1377675426,21.18
721,1377675431,21.18
721,1377675436,21.19
721,1377675441,21.18
721,1377675446,21.2
721,1377675451,21.2
721,1377675456,21.19
721,1377675461,21.18
721,1377675466,21.18
721,1377675471,21.2
721,1377675476,21.19
721,1377675481,21.19
721,1377675486,21.19
721,1377675491,21.19
721,1377675496,21.18
721,1377675501,21.2
721,1377675506,21.2
721,1377675511,21.19
721,1377675516,21.18
721,1377675521,21.18
721,1377675526,21.19
721,1377675531,21.19
721,1377675536,21.18
721,1377675541,21.19
721,1377675546,21.19
721,1377675551,21.19
721,1377675556,21.19
721,1377675561,21.2
721,1377675566,21.18
721,1377675571,21.18
721,1377675576,21.2
721,1377675581,21.19
721,1377675586,21.19
721,1377675591,21.2
721,1377675596,21.19
721,1377675601,21.18
721,1377675606,21.18
721,1377675611,21.19
721,1377675616,21.19
721,1377675621,21.2
721,1377675626,21.19
721,1377675631,21.19
721,1377675636,21.19
721,1377675641,21.2
721,1377675646,21.18
721,1377675651,21.2
721,1377675656,21.19
721,1377675661,21.2
721,1377675666,21.18
721,1377675671,21.2
721,1377675676,21.18
721,1377675681,21.19
721,1377675686,21.18
721,1377675691,21.18
721,1377675696,21.18
721,1377675701,21.18
721,1377675706,21.18
721,1377675711,21.19
721,1377675716,21.18
721,1377675721,21.19
721,1377675726,21.18
721,1377675731,21.19
721,1377675736,21.18
721,1377675741,21.19
721,1377675746,21.19
721,1377675751,21.18
721,1377675756,21.18
721,1377675761,21.19
721,1377675766,21.18
721,1377675771,21.18
721,1377675776,21.18
721,1377675781,21.18
721,1377675786,21.18
721,1377675791,21.18
721,1377675796,21.17
721,1377675801,21.18
721,1377675806,21.18
721,1377675811,21.18
721,1377675816,21.18
721,1377675821,21.18
721,1377675826,21.19
721,1377675831,21.18
721,1377675836,21.18
721,1377675841,21.17
721,1377675846,21.17
721,1377675851,21.18
721,1377675856,21.18
721,1377675861,21.17
721,1377675866,21.17
721,1377675871,21.17
721,1377675876,21.17
721,1377675881,21.18
721,1377675886,21.18
721,1377675891,21.18
721,1377675896,21.18
721,1377675901,21.16
721,1377675906,21.16
721,1377675911,21.16
721,1377675916,21.16
721,1377675921,21.14
721,1377675926,21.16
721,1377675931,21.18
721,1377675936,21.16
721,1377675941,21.16
721,1377675946,21.16
721,1377675951,21.15
721,1377675956,21.16
721,1377675961,21.16
721,1377675966,21.16
721,1377675971,21.16
721,1377675976,21.16
721,1377675981,21.16
721,1377675986,21.15
721,1377675991,21.17
721,1377675996,21.15
721,1377676001,21.14
721,1377676006,21.15
721,1377676011,21.16
721,1377676016,21.16
721,1377676021,21.15
721,1377676026,21.15
721,1377676031,21.16
721,1377676036,21.16
721,1377676041,21.16
721,1377676046,21.16
721,1377676051,21.16
721,1377676056,21.17
721,1377676061,21.16
721,1377676066,21.16
721,1377676071,21.16
721,1377676076,21.17
721,1377676081,21.16
721,1377676086,21.16
721,1377676091,21.16
721,1377676096,21.16
721,1377676101,21.16
721,1377676106,21.15
721,1377676111,21.16
721,1377676116,21.15
721,1377676121,21.15
721,1377676126,21.16
721,1377676131,21.16
721,1377676136,21.15
721,1377676141,21.15
721,1377676146,21.16
721,1377676151,21.16
721,1377676156,21.16
721,1377676161,21.16
721,1377676166,21.16
721,1377676171,21.16
721,1377676176,21.18
721,1377676181,21.15
721,1377676186,21.15
721,1377676191,21.16
721,1377676196,21.16
721,1377676201,21.16
721,1377676206,21.15
721,1377676211,21.15
721,1377676216,21.15
721,1377676221,21.15
721,1377676226,21.16
721,1377676231,21.16
721,1377676236,21.15
721,1377676241,21.15
721,1377676246,21.15
721,1377676251,21.16
721,1377676256,21.16
721,1377676261,21.15
721,1377676266,21.15
721,1377676271,21.16
721,1377676276,21.16
721,1377676281,21.16
721,1377676286,21.15
721,1377676291,21.15
721,1377676296,21.15
721,1377676301,21.14
721,1377676306,21.15
721,1377676311,21.16
721,1377676316,21.14
721,1377676321,21.14
721,1377676326,21.14
721,1377676331,21.14
721,1377676336,21.15
721,1377676341,21.14
721,1377676346,21.13
721,1377676351,21.14
721,1377676356,21.15
721,1377676361,21.14
721,1377676366,21.13
721,1377676371,21.14
721,1377676376,21.15
721,1377676381,21.14
721,1377676386,21.14
721,1377676391,21.13
721,1377676396,21.13
721,1377676401,21.12
721,1377676406,21.13
721,1377676411,21.14
721,1377676416,21.13
721,1377676421,21.14
721,1377676426,21.14
721,1377676431,21.13
721,1377676436,21.13
721,1377676441,21.14
721,1377676446,21.14
721,1377676451,21.14
721,1377676456,21.13
721,1377676461,21.14
721,1377676466,21.14
721,1377676471,21.13
721,1377676476,21.14
721,1377676481,21.13
721,1377676486,21.14
721,1377676491,21.13
721,1377676496,21.14
721,1377676501,21.13
721,1377676506,21.14
721,1377676511,21.12
721,1377676516,21.14
721,1377676521,21.13
721,1377676526,21.12
721,1377676531,21.14
721,1377676536,21.13
721,1377676541,21.13
721,1377676546,21.14
721,1377676551,21.14
721,1377676556,21.13
721,1377676561,21.13
721,1377676566,21.13
721,1377676571,21.13
721,1377676576,21.14
721,1377676581,21.14
721,1377676586,21.13
721,1377676591,21.14
721,1377676596,21.14
721,1377676601,21.13
721,1377676606,21.14
721,1377676611,21.13
721,1377676616,21.14
721,1377676621,21.14
721,1377676626,21.13
721,1377676631,21.14
721,1377676636,21.13
721,1377676641,21.14
721,1377676646,21.14
721,1377676651,21.13
721,1377676656,21.12
721,1377676661,21.14
721,1377676666,21.14
721,1377676671,21.14
721,1377676676,21.13
721,1377676681,21.14
721,1377676686,21.13
721,1377676691,21.14
721,1377676696,21.13
721,1377676701,21.13
721,1377676706,21.15
721,1377676711,21.14
721,1377676716,21.14
721,1377676721,21.13
721,1377676726,21.14
721,1377676731,21.13
721,1377676736,21.12
721,1377676741,21.11
721,1377676746,21.13
721,1377676751,21.14
721,1377676756,21.13
721,1377676761,21.12
721,1377676766,21.14
721,1377676771,21.13
721,1377676776,21.13
721,1377676781,21.13
721,1377676786,21.13
721,1377676791,21.12
721,1377676796,21.13
721,1377676801,21.12
721,1377676806,21.13
721,1377676811,21.13
721,1377676816,21.12
721,1377676821,21.13
721,1377676826,21.14
721,1377676831,21.12
721,1377676836,21.14
721,1377676841,21.12
721,1377676846,21.13
721,1377676851,21.12
721,1377676856,21.14
721,1377676861,21.13
721,1377676866,21.13
721,1377676871,21.14
721,1377676876,21.13
721,1377676881,21.13
721,1377676886,21.13
721,1377676891,21.13
721,1377676896,21.13
721,1377676901,21.14
721,1377676906,21.14
721,1377676911,21.14
721,1377676916,21.13
721,1377676921,21.13
721,1377676926,21.13
721,1377676931,21.13
721,1377676936,21.12
721,1377676941,21.13
721,1377676946,21.13
721,1377676951,21.13
721,1377676956,21.14
721,1377676961,21.14
721,1377676966,21.13
721,1377676971,21.12
721,1377676976,21.14
721,1377676981,21.13
721,1377676986,21.13
721,1377676991,21.13
721,1377676996,21.14
721,1377677001,21.13
721,1377677006,21.13
721,1377677011,21.12
721,1377677016,21.12
721,1377677021,21.14
721,1377677026,21.13
721,1377677031,21.12
721,1377677036,21.12
721,1377677041,21.13
721,1377677046,21.13
721,1377677051,21.12
721,1377677056,21.12
721,1377677061,21.12
721,1377677066,21.12
721,1377677071,21.12
721,1377677076,21.12
721,1377677081,21.12
721,1377677086,21.13
721,1377677091,21.12
721,1377677096,21.13
721,1377677101,21.12
721,1377677106,21.12
721,1377677111,21.13
721,1377677116,21.12
721,1377677121,21.12
721,1377677126,21.13
721,1377677131,21.14
721,1377677136,21.14
721,1377677141,21.14
721,1377677146,21.12
721,1377677151,21.14
721,1377677156,21.13
721,1377677161,21.13
721,1377677166,21.13
721,1377677171,21.14
721,1377677176,21.15
721,1377677181,21.13
721,1377677186,21.13
721,1377677191,21.14
721,1377677196,21.13
721,1377677201,21.13
721,1377677206,21.14
721,1377677211,21.13
721,1377677216,21.13
721,1377677221,21.12
721,1377677226,21.13
721,1377677231,21.12
721,1377677236,21.14
721,1377677241,21.12
721,1377677246,21.12
721,1377677251,21.13
721,1377677256,21.12
721,1377677261,21.12
721,1377677266,21.12
721,1377677271,21.12
721,1377677276,21.12
721,1377677281,21.12
721,1377677286,21.12
721,1377677291,21.12
721,1377677296,21.11
721,1377677301,21.12
721,1377677306,21.11
721,1377677311,21.12
721,1377677316,21.13
721,1377677321,21.11
721,1377677326,21.11
721,1377677331,21.12
721,1377677336,21.12
721,1377677341,21.11
721,1377677346,21.12
721,1377677351,21.1
721,1377677356,21.12
721,1377677361,21.12
721,1377677366,21.1
721,1377677371,21.1
721,1377677376,21.12
721,1377677381,21.1
721,1377677386,21.12
721,1377677391,21.11
721,1377677396,21.1
721,1377677401,21.11
721,1377677406,21.1
721,1377677411,21.1
721,1377677416,21.11
721,1377677421,21.11
721,1377677426,21.1
721,1377677431,21.11
721,1377677436,21.12
721,1377677441,21.11
721,1377677446,21.11
721,1377677451,21.11
721,1377677456,21.11
721,1377677461,21.11
721,1377677466,21.1
721,1377677471,21.12
721,1377677476,21.1
721,1377677481,21.11
721,1377677486,21.11
721,1377677491,21.11
721,1377677496,21.1
721,1377677501,21.11
721,1377677506,21.11
721,1377677511,21.1
721,1377677516,21.1
721,1377677521,21.1
721,1377677526,21.1
721,1377677531,21.1
721,1377677536,21.1
721,1377677541,21.1
721,1377677546,21.11
721,1377677551,21.11
721,1377677556,21.11
721,1377677561,21.12
721,1377677566,21.1
721,1377677571,21.11
721,1377677576,21.1
721,1377677581,21.12
721,1377677586,21.1
721,1377677591,21.11
721,1377677596,21.11
721,1377677601,21.11
721,1377677606,21.1
721,1377677611,21.11
721,1377677616,21.12
721,1377677621,21.11
721,1377677626,21.1
721,1377677631,21.11
721,1377677636,21.1
721,1377677641,21.11
721,1377677646,21.11
721,1377677651,21.11
721,1377677656,21.11
721,1377677661,21.12
721,1377677666,21.12
721,1377677671,21.11
721,1377677676,21.1
721,1377677681,21.11
721,1377677686,21.1
721,1377677691,21.12
721,1377677696,21.11
721,1377677701,21.11
721,1377677706,21.1
721,1377677711,21.1
721,1377677716,21.11
721,1377677721,21.11
721,1377677726,21.1
721,1377677731,21.11
721,1377677736,21.1
721,1377677741,21.1
721,1377677746,21.1
721,1377677751,21.09
721,1377677756,21.1
721,1377677761,21.1
721,1377677766,21.1
721,1377677771,21.1
721,1377677776,21.1
721,1377677781,21.1
721,1377677786,21.09
721,1377677791,21.1
721,1377677796,21.11
721,1377677801,21.1
721,1377677806,21.09
721,1377677811,21.09
721,1377677816,21.1
721,1377677821,21.09
721,1377677826,21.09
721,1377677831,21.09
721,1377677836,21.1
721,1377677841,21.09
721,1377677846,21.09
721,1377677851,21.09
721,1377677856,21.09
721,1377677861,21.08
721,1377677866,21.09
721,1377677871,21.09
721,1377677876,21.08
721,1377677881,21.09
721,1377677886,21.09
721,1377677891,21.1
721,1377677896,21.09
721,1377677901,21.08
721,1377677906,21.08
721,1377677911,21.09
721,1377677916,21.08
721,1377677921,21.1
721,1377677926,21.09
721,1377677931,21.09
721,1377677936,21.07
721,1377677941,21.09
721,1377677946,21.1
721,1377677951,21.08
721,1377677956,21.09
721,1377677961,21.08
721,1377677966,21.08
721,1377677971,21.08
721,1377677976,21.08
721,1377677981,21.08
721,1377677986,21.09
721,1377677991,21.08
721,1377677996,21.09
721,1377678001,21.09
721,1377678006,21.09
721,1377678011,21.08
721,1377678016,21.07
721,1377678021,21.08
721,1377678026,21.09
721,1377678031,21.08
721,1377678036,21.08
721,1377678041,21.08
721,1377678046,21.08
721,1377678051,21.09
721,1377678056,21.07
721,1377678061,21.08
721,1377678066,21.08
721,1377678071,21.08
721,1377678076,21.09
721,1377678081,21.08
721,1377678086,21.08
721,1377678091,21.08
721,1377678096,21.08
721,1377678101,21.07
721,1377678106,21.06
721,1377678111,21.08
721,1377678116,21.08
721,1377678121,21.08
721,1377678126,21.08
721,1377678131,21.08
721,1377678136,21.08
721,1377678141,21.09
721,1377678146,21.07
721,1377678151,21.08
721,1377678156,21.08
721,1377678161,21.08
721,1377678166,21.09
721,1377678171,21.07
721,1377678176,21.08
721,1377678181,21.08
721,1377678186,21.08
721,1377678191,21.08
721,1377678196,21.06
721,1377678201,21.08
721,1377678206,21.06
721,1377678211,21.08
721,1377678216,21.08
721,1377678221,21.08
721,1377678226,21.07
721,1377678231,21.07
721,1377678236,21.07
721,1377678241,21.06
721,1377678246,21.07
721,1377678251,21.08
721,1377678256,21.07
721,1377678261,21.06
721,1377678266,21.06
721,1377678271,21.06
721,1377678276,21.06
721,1377678281,21.07
721,1377678286,21.07
721,1377678291,21.06
721,1377678296,21.06
721,1377678301,21.06
721,1377678306,21.06
721,1377678311,21.06
721,1377678316,21.06
721,1377678321,21.07
721,1377678326,21.06
721,1377678331,21.06
721,1377678336,21.06
721,1377678341,21.05
721,1377678346,21.06
721,1377678351,21.06
721,1377678356,21.06
721,1377678361,21.06
721,1377678366,21.06
721,1377678371,21.05
721,1377678376,21.06
721,1377678381,21.06
721,1377678386,21.06
721,1377678391,21.06
721,1377678396,21.04
721,1377678401,21.06
721,1377678406,21.06
721,1377678411,21.06
721,1377678416,21.06
721,1377678421,21.06
721,1377678426,21.05
721,1377678431,21.05
721,1377678436,21.06
721,1377678441,21.05
721,1377678446,21.06
721,1377678451,21.06
721,1377678456,21.06
721,1377678461,21.06
721,1377678466,21.06
721,1377678471,21.06
721,1377678476,21.06
721,1377678481,21.05
721,1377678486,21.06
721,1377678491,21.06
721,1377678496,21.06
721,1377678501,21.06
721,1377678506,21.07
721,1377678511,21.04
721,1377678516,21.06
721,1377678521,21.06
721,1377678526,21.06
721,1377678531,21.07
721,1377678536,21.06
721,1377678541,21.06
721,1377678546,21.05
721,1377678551,21.06
721,1377678556,21.06
721,1377678561,21.06
721,1377678566,21.06
721,1377678571,21.06
721,1377678576,21.07
721,1377678581,21.05
721,1377678586,21.05
721,1377678591,21.04
721,1377678596,21.05
721,1377678601,21.05
721,1377678606,21.05
721,1377678611,21.06
721,1377678616,21.06
721,1377678621,21.05
721,1377678626,21.06
721,1377678631,21.06
721,1377678636,21.05
721,1377678641,21.04
721,1377678646,21.06
721,1377678651,21.05
721,1377678656,21.06
721,1377678661,21.06
721,1377678666,21.06
721,1377678671,21.06
721,1377678676,21.06
721,1377678681,21.06
721,1377678686,21.06
721,1377678691,21.05
721,1377678696,21.06
721,1377678701,21.06
721,1377678706,21.06
721,1377678711,21.06
721,1377678716,21.06
721,1377678721,21.06
721,1377678726,21.05
721,1377678731,21.05
721,1377678736,21.06
721,1377678741,21.05
721,1377678746,21.06
721,1377678751,21.06
721,1377678756,21.06
721,1377678761,21.05
721,1377678766,21.05
721,1377678771,21.06
721,1377678776,21.05
721,1377678781,21.04
721,1377678786,21.06
721,1377678791,21.05
721,1377678796,21.07
721,1377678801,21.06
721,1377678806,21.07
721,1377678811,21.06
721,1377678816,21.05
721,1377678821,21.04
721,1377678826,21.05
721,1377678831,21.05
721,1377678836,21.06
721,1377678841,21.05
721,1377678846,21.06
721,1377678851,21.06
721,1377678856,21.05
721,1377678861,21.06
721,1377678866,21.04
721,1377678871,21.06
721,1377678876,21.04
721,1377678881,21.05
721,1377678886,21.06
721,1377678891,21.06
721,1377678896,21.06
721,1377678901,21.04
721,1377678906,21.06
721,1377678911,21.04
721,1377678916,21.06
721,1377678921,21.05
721,1377678926,21.04
721,1377678931,21.06
721,1377678936,21.04
721,1377678941,21.04
721,1377678946,21.04
721,1377678951,21.04
721,1377678956,21.05
721,1377678961,21.06
721,1377678966,21.04
721,1377678971,21.03
721,1377678976,21.05
721,1377678981,21.04
721,1377678986,21.04
721,1377678991,21.04
721,1377678996,21.04
721,1377679001,21.04
721,1377679006,21.04
721,1377679011,21.04
721,1377679016,21.04
721,1377679021,21.04
721,1377679026,21.05
721,1377679031,21.04
721,1377679036,21.04
721,1377679041,21.05
721,1377679046,21.04
721,1377679051,21.04
721,1377679056,21.04
721,1377679061,21.05
721,1377679066,21.04
721,1377679071,21.04
721,1377679076,21.04
721,1377679081,21.04
721,1377679086,21.04
721,1377679091,21.04
721,1377679096,21.04
721,1377679101,21.04
721,1377679106,21.04
721,1377679111,21.04
721,1377679116,21.04
721,1377679121,21.04
721,1377679126,21.03
721,1377679131,21.03
721,1377679136,21.03
721,1377679141,21.03
721,1377679146,21.04
721,1377679151,21.04
721,1377679156,21.05
721,1377679161,21.03
721,1377679166,21.04
721,1377679171,21.04
721,1377679176,21.02
721,1377679181,21.04
721,1377679186,21.03
721,1377679191,21.04
721,1377679196,21.03
721,1377679201,21.03
721,1377679206,21.04
721,1377679211,21.03
721,1377679216,21.04
721,1377679221,21.03
721,1377679226,21.04
721,1377679231,21.03
721,1377679236,21.04
721,1377679241,21.03
721,1377679246,21.03
721,1377679251,21.02
721,1377679256,21.04
721,1377679261,21.03
721,1377679266,21.03
721,1377679271,21.03
721,1377679276,21.03
721,1377679281,21.04
721,1377679286,21.04
721,1377679291,21.02
721,1377679296,21.03
721,1377679301,21.03
721,1377679306,21.04
721,1377679311,21.03
721,1377679316,21.02
721,1377679321,21.03
721,1377679326,21.02
721,1377679331,21.02
721,1377679336,21.02
721,1377679341,21.02
721,1377679346,21.02
721,1377679351,21.02
721,1377679356,21.03
721,1377679361,21.03
721,1377679366,21.03
721,1377679371,21.03
721,1377679376,21.02
721,1377679381,21.02
721,1377679386,21.03
721,1377679391,21.02
721,1377679396,21.02
721,1377679401,21.01
721,1377679406,21.01
721,1377679411,21.02
721,1377679416,21.02
721,1377679421,21.02
721,1377679426,21.02
721,1377679431,21.01
721,1377679436,21.03
721,1377679441,21.02
721,1377679446,21.02
721,1377679451,21.04
721,1377679456,21.02
721,1377679461,21.01
721,1377679466,21.02
721,1377679471,21.0
721,1377679476,21.02
721,1377679481,21.02
721,1377679486,21.02
721,1377679491,21.02
721,1377679496,21.02
721,1377679501,21.02
721,1377679506,21.02
721,1377679511,21.02
721,1377679516,21.02
721,1377679521,21.02
721,1377679526,21.02
721,1377679531,21.02
721,1377679536,21.02
721,1377679541,21.02
721,1377679546,21.02
721,1377679551,21.02
721,1377679556,21.02
721,1377679561,21.02
721,1377679566,21.02
721,1377679571,21.02
721,1377679576,21.03
721,1377679581,21.01
721,1377679586,21.01
721,1377679591,21.02
721,1377679596,21.02
721,1377679601,21.01
721,1377679606,21.02
721,1377679611,21.01
721,1377679616,21.02
721,1377679621,21.02
721,1377679626,21.0
721,1377679631,21.02
721,1377679636,21.02
721,1377679641,21.03
721,1377679646,21.01
721,1377679651,21.02
721,1377679656,21.02
721,1377679661,21.03
721,1377679666,21.02
721,1377679671,21.03
721,1377679676,21.02
721,1377679681,21.01
721,1377679686,21.01
721,1377679691,21.02
721,1377679696,21.02
721,1377679701,21.02
721,1377679706,21.02
721,1377679711,21.02
721,1377679716,21.02
721,1377679721,21.02
721,1377679726,21.01
721,1377679731,21.02
721,1377679736,21.02
721,1377679741,21.02
721,1377679746,21.02
721,1377679751,21.01
721,1377679756,21.02
721,1377679761,21.02
721,1377679766,21.02
721,1377679771,21.02
721,1377679776,21.02
721,1377679781,21.02
721,1377679786,21.02
721,1377679791,21.01
721,1377679796,21.01
721,1377679801,21.02
721,1377679806,21.01
721,1377679811,21.01
721,1377679816,21.01
721,1377679821,21.02
721,1377679826,21.02
721,1377679831,21.02
721,1377679836,21.01
721,1377679841,21.01
721,1377679846,21.01
721,1377679851,21.02
721,1377679856,21.01
721,1377679861,21.02
721,1377679866,21.02
721,1377679871,21.01
721,1377679876,21.02
721,1377679881,21.02
721,1377679886,21.01
721,1377679891,21.01
721,1377679896,21.0
721,1377679901,21.02
721,1377679906,21.02
721,1377679911,21.02
721,1377679916,21.0
721,1377679921,21.01
721,1377679926,21.01
721,1377679931,21.01
721,1377679936,21.01
721,1377679941,21.02
721,1377679946,21.01
721,1377679951,21.01
721,1377679956,21.0
721,1377679961,21.01
721,1377679966,21.02
721,1377679971,21.01
721,1377679976,21.0
721,1377679981,21.01
721,1377679986,21.0
721,1377679991,21.01
721,1377679996,21.0
721,1377680001,21.01
721,1377680006,21.0
721,1377680011,21.0
721,1377680016,21.0
721,1377680021,21.0
721,1377680026,21.0
721,1377680031,21.0
721,1377680036,21.01
721,1377680041,21.0
721,1377680046,21.0
721,1377680051,21.0
721,1377680056,21.0
721,1377680061,21.0
721,1377680066,21.01
721,1377680071,21.0
721,1377680076,21.01
721,1377680081,21.01
721,1377680086,21.0
721,1377680091,21.0
721,1377680096,21.0
721,1377680101,21.0
721,1377680106,21.0
721,1377680111,20.99
721,1377680116,21.0
721,1377680121,21.01
721,1377680126,21.0
721,1377680131,21.0
721,1377680136,21.01
721,1377680141,21.0
721,1377680146,21.0
721,1377680151,21.0
721,1377680156,21.0
721,1377680161,21.01
721,1377680166,21.0
721,1377680171,21.0
721,1377680176,21.0
721,1377680181,21.01
721,1377680186,21.0
721,1377680191,21.0
721,1377680196,21.0
721,1377680201,20.99
721,1377680206,21.0
721,1377680211,21.0
721,1377680216,21.0
721,1377680221,21.0
721,1377680226,20.99
721,1377680231,21.0
721,1377680236,21.0
721,1377680241,21.0
721,1377680246,20.99
721,1377680251,21.0
721,1377680256,20.99
721,1377680261,21.0
721,1377680266,21.0
721,1377680271,21.0
721,1377680276,21.0
721,1377680281,20.99
721,1377680286,20.99
721,1377680291,21.0
721,1377680296,20.99
721,1377680301,21.0
721,1377680306,20.99
721,1377680311,21.0
721,1377680316,20.99
721,1377680321,21.0
721,1377680326,20.99
721,1377680331,20.99
721,1377680336,21.0
721,1377680341,21.0
721,1377680346,21.0
721,1377680351,20.99
721,1377680356,21.0
721,1377680361,21.0
721,1377680366,20.99
721,1377680371,21.0
721,1377680376,20.99
721,1377680381,21.0
721,1377680386,21.0
721,1377680391,21.0
721,1377680396,21.0
721,1377680401,20.99
721,1377680406,21.01
721,1377680411,21.0
721,1377680416,21.0
721,1377680421,21.0
721,1377680426,21.0
721,1377680431,21.0
721,1377680436,21.0
721,1377680441,21.01
721,1377680446,21.0
721,1377680451,21.0
721,1377680456,20.99
721,1377680461,21.0
721,1377680466,21.02
721,1377680471,21.0
721,1377680476,21.0
721,1377680481,21.0
721,1377680486,21.0
721,1377680491,21.01
721,1377680496,21.0
721,1377680501,21.01
721,1377680506,20.99
721,1377680511,21.0
721,1377680516,21.0
721,1377680521,21.01
721,1377680526,21.02
721,1377680531,21.0
721,1377680536,21.0
721,1377680541,21.0
721,1377680546,21.01
721,1377680551,21.0
721,1377680556,21.0
721,1377680561,21.0
721,1377680566,21.01
721,1377680571,21.02
721,1377680576,21.02
721,1377680581,21.01
721,1377680586,21.01
721,1377680591,21.02
721,1377680596,21.0
721,1377680601,21.01
721,1377680606,21.02
721,1377680611,21.0
721,1377680616,21.0
721,1377680621,21.01
721,1377680626,21.01
721,1377680631,21.0
721,1377680636,21.01
721,1377680641,21.02
721,1377680646,21.02
721,1377680651,21.01
721,1377680656,21.02
721,1377680661,21.01
721,1377680666,21.0
721,1377680671,21.02
721,1377680676,21.0
721,1377680681,21.0
721,1377680686,21.0
721,1377680691,21.0
721,1377680696,21.0
721,1377680701,21.0
721,1377680706,21.0
721,1377680711,21.01
721,1377680716,21.0
721,1377680721,20.99
721,1377680726,21.0
721,1377680731,21.0
721,1377680736,21.0
721,1377680741,21.01
721,1377680746,21.01
721,1377680751,21.0
721,1377680756,21.0
721,1377680761,21.0
721,1377680766,21.01
721,1377680771,21.01
721,1377680776,21.0
721,1377680781,21.0
721,1377680786,21.0
721,1377680791,21.0
721,1377680796,21.0
721,1377680801,21.0
721,1377680806,21.0
721,1377680811,21.0
721,1377680816,20.99
721,1377680821,20.99
721,1377680826,21.0
721,1377680831,21.0
721,1377680836,20.99
721,1377680841,20.99
721,1377680846,20.99
721,1377680851,20.99
721,1377680856,20.99
721,1377680861,20.99
721,1377680866,20.99
721,1377680871,21.0
721,1377680876,20.99
721,1377680881,20.98
721,1377680886,20.98
721,1377680891,20.98
721,1377680896,20.99
721,1377680901,20.98
721,1377680906,20.98
721,1377680911,20.98
721,1377680916,20.99
721,1377680921,20.98
721,1377680926,20.99
721,1377680931,20.99
721,1377680936,20.99
721,1377680941,20.98
721,1377680946,20.99
721,1377680951,20.98
721,1377680956,20.98
721,1377680961,20.98
721,1377680966,20.98
721,1377680971,20.98
721,1377680976,20.98
721,1377680981,20.98
721,1377680986,20.98
721,1377680991,20.98
721,1377680996,20.98
721,1377681001,20.99
721,1377681006,20.99
721,1377681011,20.98
721,1377681016,20.99
721,1377681021,20.98
721,1377681026,20.98
721,1377681030,20.98
721,1377681036,20.99
721,1377681041,20.99
721,1377681046,20.99
721,1377681051,20.97
721,1377681056,20.98
721,1377681061,20.98
721,1377681066,20.98
721,1377681071,20.98
721,1377681076,20.98
721,1377681081,20.98
721,1377681086,20.98
721,1377681091,20.98
721,1377681096,20.98
721,1377681101,20.98
721,1377681106,20.97
721,1377681111,20.98
721,1377681116,20.98
721,1377681121,20.98
721,1377681126,20.98
721,1377681131,20.98
721,1377681136,20.98
721,1377681141,20.97
721,1377681146,20.98
721,1377681151,20.98
721,1377681156,20.98
721,1377681161,20.98
721,1377681166,20.98
721,1377681171,20.98
721,1377681176,20.98
721,1377681181,20.98
721,1377681186,20.98
721,1377681191,20.98
721,1377681196,20.98
721,1377681201,20.98
721,1377681206,20.98
721,1377681211,20.98
721,1377681216,20.98
721,1377681221,20.98
721,1377681226,20.97
721,1377681231,20.98
721,1377681235,20.98
721,1377681240,20.98
721,1377681246,20.97
721,1377681251,20.98
721,1377681256,20.97
721,1377681261,20.98
721,1377681266,20.98
721,1377681271,20.98
721,1377681276,20.97
721,1377681281,20.96
721,1377681286,20.97
721,1377681291,20.97
721,1377681296,20.98
721,1377681301,20.96
721,1377681306,20.97
721,1377681311,20.96
721,1377681316,20.97
721,1377681321,20.97
721,1377681326,20.97
721,1377681331,20.98
721,1377681336,20.97
721,1377681341,20.96
721,1377681346,20.98
721,1377681351,20.97
721,1377681356,20.97
721,1377681361,20.98
721,1377681365,20.97
721,1377681371,20.98
721,1377681376,20.96
721,1377681381,20.97
721,1377681386,20.98
721,1377681391,20.98
721,1377681396,20.97
721,1377681401,20.98
721,1377681406,20.97
721,1377681411,20.99
721,1377681415,20.96
721,1377681421,20.98
721,1377681426,20.98
721,1377681431,20.96
721,1377681435,20.97
721,1377681441,20.96
721,1377681446,20.98
721,1377681451,20.96
721,1377681456,20.97
721,1377681461,20.96
721,1377681466,20.97
721,1377681471,20.97
721,1377681476,20.96
721,1377681481,20.96
721,1377681485,20.97
721,1377681491,20.97
721,1377681496,20.96
721,1377681500,20.96
721,1377681506,20.97
721,1377681510,20.97
721,1377681516,20.97
721,1377681520,20.96
721,1377681526,20.98
721,1377681531,20.97
721,1377681536,20.96
721,1377681541,20.98
721,1377681546,20.97
721,1377681551,20.96
721,1377681555,20.98
721,1377681561,20.97
721,1377681566,20.96
721,1377681571,20.99
721,1377681576,20.97
721,1377681581,20.97
721,1377681585,20.96
721,1377681591,20.97
721,1377681595,20.96
721,1377681601,20.97
721,1377681605,20.96
721,1377681610,20.98
721,1377681616,20.96
721,1377681621,20.97
721,1377681626,20.97
721,1377681630,20.97
721,1377681635,20.97
721,1377681641,20.96
721,1377681646,20.97
721,1377681651,20.96
721,1377681655,20.96
721,1377681660,20.96
721,1377681665,20.96
721,1377681671,20.96
721,1377681676,20.95
721,1377681681,20.96
721,1377681686,20.96
721,1377681690,20.97
721,1377681696,20.96
721,1377681700,20.96
721,1377681706,20.97
721,1377681711,20.96
721,1377681715,20.96
721,1377681720,20.96
721,1377681726,20.95
721,1377681731,20.96
721,1377681736,20.96
721,1377681740,20.94
721,1377681746,20.96
721,1377681750,20.95
721,1377681755,20.95
721,1377681761,20.95
721,1377681766,20.95
721,1377681771,20.96
721,1377681775,20.95
721,1377681780,20.96
721,1377681786,20.95
721,1377681791,20.95
721,1377681795,20.95
721,1377681800,20.95
721,1377681805,20.94
721,1377681811,20.94
721,1377681816,20.97
721,1377681820,20.94
721,1377681825,20.95
721,1377681830,20.95
721,1377681835,20.96
721,1377681840,20.96
721,1377681845,20.94
721,1377681850,20.95
721,1377681855,20.94
721,1377681860,20.95
721,1377681865,20.95
721,1377681870,20.96
721,1377681875,20.94
721,1377681880,20.95
721,1377681885,20.96
721,1377681890,20.95
721,1377681895,20.95
721,1377681900,20.96
721,1377681905,20.95
721,1377681910,20.96
721,1377681915,20.94
721,1377681920,20.95
721,1377681925,20.94
721,1377681930,20.95
721,1377681935,20.94
721,1377681940,20.96
721,1377681945,20.95
721,1377681950,20.95
721,1377681955,20.96
721,1377681960,20.95
721,1377681965,20.94
721,1377681970,20.94
721,1377681975,20.95
721,1377681980,20.94
721,1377681985,20.94
721,1377681990,20.95
721,1377681995,20.95
721,1377682000,20.94
721,1377682005,20.94
721,1377682010,20.94
721,1377682015,20.94
721,1377682020,20.93
721,1377682025,20.94
721,1377682030,20.93
721,1377682035,20.95
721,1377682040,20.94
721,1377682045,20.94
721,1377682050,20.93
721,1377682055,20.94
721,1377682060,20.93
721,1377682065,20.94
721,1377682070,20.94
721,1377682076,20.93
721,1377682081,20.93
721,1377682085,20.93
721,1377682090,20.93
721,1377682095,20.93
721,1377682101,20.94
721,1377682105,20.92
721,1377682110,20.93
721,1377682115,20.92
721,1377682120,20.93
721,1377682125,20.94
721,1377682131,20.93
721,1377682135,20.92
721,1377682140,20.92
721,1377682145,20.93
721,1377682150,20.93
721,1377682155,20.94
721,1377682160,20.92
721,1377682165,20.94
721,1377682170,20.94
721,1377682175,20.92
721,1377682180,20.93
721,1377682185,20.93
721,1377682190,20.94
721,1377682196,20.92
721,1377682200,20.92
721,1377682205,20.93
721,1377682210,20.92
721,1377682215,20.91
721,1377682220,20.92
721,1377682225,20.93
721,1377682230,20.93
721,1377682235,20.92
721,1377682240,20.92
721,1377682245,20.93
721,1377682250,20.93
721,1377682255,20.92
721,1377682260,20.92
721,1377682265,20.92
721,1377682270,20.92
721,1377682275,20.92
721,1377682280,20.93
721,1377682285,20.93
721,1377682290,20.92
721,1377682295,20.93
721,1377682301,20.92
721,1377682305,20.92
721,1377682310,20.93
721,1377682315,20.93
721,1377682320,20.93
721,1377682325,20.93
721,1377682330,20.92
721,1377682335,20.93
721,1377682340,20.92
721,1377682345,20.92
721,1377682350,20.92
721,1377682355,20.92
721,1377682360,20.91
721,1377682365,20.92
721,1377682370,20.92
721,1377682375,20.93
721,1377682380,20.92
721,1377682385,20.93
721,1377682390,20.92
721,1377682395,20.92
721,1377682400,20.92
721,1377682405,20.92
721,1377682410,20.92
721,1377682415,20.92
721,1377682420,20.92
721,1377682425,20.92
721,1377682430,20.93
721,1377682435,20.93
721,1377682441,20.92
721,1377682445,20.92
721,1377682450,20.92
721,1377682455,20.93
721,1377682460,20.92
721,1377682465,20.92
721,1377682470,20.92
721,1377682475,20.93
721,1377682480,20.93
721,1377682485,20.92
721,1377682490,20.92
721,1377682495,20.92
721,1377682500,20.92
721,1377682505,20.93
721,1377682510,20.92
721,1377682515,20.93
721,1377682520,20.93
721,1377682525,20.92
721,1377682530,20.92
721,1377682535,20.92
721,1377682540,20.92
721,1377682545,20.92
721,1377682550,20.92
721,1377682555,20.94
721,1377682560,20.92
721,1377682565,20.91
721,1377682570,20.92
721,1377682575,20.93
721,1377682580,20.92
721,1377682585,20.92
721,1377682590,20.94
721,1377682595,20.93
721,1377682600,20.92
721,1377682605,20.93
721,1377682610,20.93
721,1377682615,20.94
721,1377682620,20.92
721,1377682625,20.92
721,1377682630,20.93
721,1377682635,20.92
721,1377682640,20.94
721,1377682645,20.92
721,1377682650,20.93
721,1377682655,20.92
721,1377682660,20.92
721,1377682665,20.91
721,1377682670,20.92
721,1377682675,20.92
721,1377682680,20.92
721,1377682685,20.93
721,1377682690,20.92
721,1377682695,20.92
721,1377682700,20.92
721,1377682705,20.93
721,1377682710,20.91
721,1377682715,20.92
721,1377682720,20.92
721,1377682725,20.91
721,1377682730,20.92
721,1377682735,20.92
721,1377682740,20.92
721,1377682745,20.91
721,1377682750,20.91
721,1377682755,20.92
721,1377682760,20.91
721,1377682765,20.91
721,1377682770,20.91
721,1377682775,20.91
721,1377682780,20.91
721,1377682785,20.9
721,1377682790,20.91
721,1377682795,20.92
721,1377682800,20.92
721,1377682805,20.92
721,1377682810,20.92
721,1377682815,20.91
721,1377682820,20.92
721,1377682825,20.92
721,1377682830,20.93
721,1377682835,20.91
721,1377682840,20.91
721,1377682845,20.92
721,1377682850,20.92
721,1377682855,20.91
721,1377682860,20.92
721,1377682865,20.91
721,1377682870,20.91
721,1377682875,20.93
721,1377682881,20.9
721,1377682885,20.92
721,1377682890,20.9
721,1377682895,20.91
721,1377682900,20.91
721,1377682905,20.91
721,1377682910,20.91
721,1377682915,20.9
721,1377682920,20.91
721,1377682925,20.91
721,1377682930,20.9
721,1377682935,20.91
721,1377682940,20.92
721,1377682945,20.9
721,1377682950,20.91
721,1377682955,20.92
721,1377682960,20.92
721,1377682965,20.92
721,1377682970,20.9
721,1377682975,20.92
721,1377682980,20.91
721,1377682985,20.91
721,1377682990,20.9
721,1377682995,20.9
721,1377683000,20.9
721,1377683005,20.9
721,1377683010,20.92
721,1377683015,20.9
721,1377683020,20.91
721,1377683025,20.91
721,1377683030,20.91
721,1377683035,20.91
721,1377683040,20.91
721,1377683045,20.92
721,1377683050,20.9
721,1377683055,20.91
721,1377683060,20.92
721,1377683065,20.92
721,1377683070,20.92
721,1377683075,20.92
721,1377683080,20.92
721,1377683085,20.92
721,1377683090,20.92
721,1377683095,20.92
721,1377683100,20.92
721,1377683105,20.92
721,1377683110,20.92
721,1377683115,20.92
721,1377683120,20.92
721,1377683125,20.92
721,1377683130,20.93
721,1377683135,20.92
721,1377683140,20.91
721,1377683145,20.92
721,1377683150,20.92
721,1377683155,20.91
721,1377683160,20.92
721,1377683165,20.92
721,1377683170,20.92
721,1377683175,20.92
721,1377683180,20.92
721,1377683185,20.93
721,1377683190,20.91
721,1377683195,20.92
721,1377683200,20.91
721,1377683205,20.91
721,1377683210,20.91
721,1377683215,20.9
721,1377683220,20.91
721,1377683225,20.91
721,1377683230,20.92
721,1377683235,20.91
721,1377683240,20.91
721,1377683245,20.91
721,1377683250,20.91
721,1377683255,20.9
721,1377683260,20.9
721,1377683265,20.91
721,1377683270,20.9
721,1377683275,20.91
721,1377683280,20.9
721,1377683285,20.92
721,1377683290,20.9
721,1377683295,20.9
721,1377683300,20.91
721,1377683305,20.9
721,1377683310,20.9
721,1377683315,20.92
721,1377683320,20.92
721,1377683325,20.9
721,1377683330,20.9
721,1377683335,20.9
721,1377683340,20.92
721,1377683345,20.9
721,1377683350,20.91
721,1377683355,20.91
721,1377683360,20.9
721,1377683365,20.9
721,1377683370,20.9
721,1377683375,20.91
721,1377683380,20.91
721,1377683385,20.91
721,1377683390,20.91
721,1377683395,20.92
721,1377683400,20.91
721,1377683405,20.9
721,1377683410,20.9
721,1377683415,20.9
721,1377683420,20.91
721,1377683425,20.9
721,1377683430,20.9
721,1377683435,20.91
721,1377683440,20.91
721,1377683445,20.91
721,1377683450,20.91
721,1377683455,20.92
721,1377683460,20.92
721,1377683465,20.92
721,1377683470,20.9
721,1377683475,20.9
721,1377683480,20.92
721,1377683485,20.91
721,1377683490,20.91
721,1377683495,20.92
721,1377683500,20.9
721,1377683505,20.9
721,1377683510,20.92
721,1377683515,20.9
721,1377683520,20.9
721,1377683525,20.91
721,1377683530,20.9
721,1377683535,20.91
721,1377683540,20.9
721,1377683545,20.9
721,1377683550,20.91
721,1377683555,20.9
721,1377683560,20.89
721,1377683565,20.9
721,1377683570,20.9
721,1377683575,20.9
721,1377683580,20.9
721,1377683585,20.9
721,1377683590,20.91
721,1377683595,20.9
721,1377683600,20.91
721,1377683605,20.89
721,1377683610,20.89
721,1377683615,20.9
721,1377683620,20.91
721,1377683625,20.9
721,1377683630,20.9
721,1377683635,20.9
721,1377683640,20.89
721,1377683645,20.89
721,1377683650,20.9
721,1377683655,20.9
721,1377683660,20.89
721,1377683665,20.9
721,1377683670,20.89
721,1377683675,20.9
721,1377683680,20.91
721,1377683685,20.9
721,1377683690,20.9
721,1377683695,20.9
721,1377683700,20.9
721,1377683705,20.9
721,1377683710,20.9
721,1377683715,20.9
721,1377683720,20.89
721,1377683725,20.89
721,1377683730,20.89
721,1377683735,20.9
721,1377683740,20.91
721,1377683745,20.91
721,1377683750,20.9
721,1377683756,20.9
721,1377683760,20.88
721,1377683765,20.89
721,1377683770,20.9
721,1377683775,20.9
721,1377683780,20.89
721,1377683785,20.89
721,1377683790,20.88
721,1377683795,20.89
721,1377683800,20.89
721,1377683805,20.9
721,1377683810,20.89
721,1377683815,20.9
721,1377683820,20.89
721,1377683825,20.9
721,1377683830,20.9
721,1377683835,20.89
721,1377683840,20.89
721,1377683845,20.9
721,1377683850,20.89
721,1377683855,20.89
721,1377683860,20.89
721,1377683865,20.89
721,1377683870,20.88
721,1377683875,20.88
721,1377683880,20.89
721,1377683885,20.89
721,1377683890,20.88
721,1377683895,20.88
721,1377683900,20.88
721,1377683905,20.88
721,1377683910,20.89
721,1377683915,20.88
721,1377683920,20.88
721,1377683925,20.89
721,1377683930,20.88
721,1377683935,20.89
721,1377683940,20.9
721,1377683945,20.89
721,1377683950,20.89
721,1377683955,20.88
721,1377683960,20.88
721,1377683965,20.89
721,1377683970,20.89
721,1377683975,20.89
721,1377683980,20.88
721,1377683985,20.88
721,1377683990,20.89
721,1377683995,20.89
721,1377684000,20.88
721,1377684005,20.88
721,1377684010,20.88
721,1377684015,20.88
721,1377684020,20.88
721,1377684025,20.9
721,1377684030,20.88
721,1377684035,20.9
721,1377684040,20.89
721,1377684045,20.88
721,1377684050,20.89
721,1377684055,20.89
721,1377684060,20.88
721,1377684065,20.88
721,1377684070,20.88
721,1377684075,20.89
721,1377684080,20.89
721,1377684085,20.89
721,1377684090,20.89
721,1377684096,20.88
721,1377684100,20.88
721,1377684105,20.88
721,1377684110,20.89
721,1377684115,20.89
721,1377684120,20.89
721,1377684125,20.89
721,1377684130,20.88
721,1377684135,20.88
721,1377684140,20.89
721,1377684145,20.9
721,1377684150,20.89
721,1377684155,20.89
721,1377684160,20.89
721,1377684165,20.89
721,1377684170,20.88
721,1377684175,20.9
721,1377684180,20.89
721,1377684185,20.9
721,1377684190,20.89
721,1377684195,20.88
721,1377684200,20.88
721,1377684205,20.89
721,1377684210,20.9
721,1377684215,20.89
721,1377684220,20.89
721,1377684225,20.88
721,1377684230,20.89
721,1377684235,20.89
721,1377684240,20.89
721,1377684245,20.9
721,1377684250,20.9
721,1377684255,20.9
721,1377684260,20.89
721,1377684265,20.9
721,1377684270,20.9
721,1377684275,20.9
721,1377684280,20.88
721,1377684285,20.89
721,1377684290,20.89
721,1377684295,20.88
721,1377684300,20.9
721,1377684305,20.89
721,1377684310,20.89
721,1377684315,20.89
721,1377684320,20.89
721,1377684325,20.89
721,1377684330,20.9
721,1377684335,20.88
721,1377684340,20.89
721,1377684345,20.89
721,1377684350,20.88
721,1377684355,20.89
721,1377684360,20.89
721,1377684365,20.89
721,1377684370,20.9
721,1377684375,20.89
721,1377684380,20.89
721,1377684385,20.89
721,1377684390,20.89
721,1377684395,20.89
721,1377684400,20.88
721,1377684405,20.88
721,1377684410,20.88
721,1377684415,20.88
721,1377684420,20.89
721,1377684425,20.88
721,1377684430,20.88
721,1377684435,20.88
721,1377684440,20.88
721,1377684445,20.88
721,1377684450,20.89
721,1377684455,20.88
721,1377684460,20.88
721,1377684465,20.88
721,1377684470,20.87
721,1377684475,20.88
721,1377684480,20.87
721,1377684485,20.88
721,1377684490,20.89
721,1377684495,20.88
721,1377684500,20.87
721,1377684505,20.88
721,1377684510,20.87
721,1377684515,20.87
721,1377684520,20.88
721,1377684525,20.88
721,1377684530,20.89
721,1377684535,20.89
721,1377684540,20.88
721,1377684545,20.88
721,1377684550,20.88
721,1377684555,20.88
721,1377684560,20.87
721,1377684565,20.88
721,1377684570,20.88
721,1377684575,20.87
721,1377684580,20.88
721,1377684585,20.87
721,1377684590,20.88
721,1377684595,20.86
721,1377684600,20.88
721,1377684605,20.88
721,1377684610,20.86
721,1377684615,20.87
721,1377684620,20.87
721,1377684625,20.87
721,1377684630,20.87
721,1377684635,20.88
721,1377684640,20.87
721,1377684645,20.86
721,1377684650,20.87
721,1377684655,20.87
721,1377684660,20.87
721,1377684665,20.86
721,1377684670,20.87
721,1377684675,20.87
721,1377684680,20.86
721,1377684685,20.88
721,1377684690,20.87
721,1377684695,20.86
721,1377684700,20.88
721,1377684705,20.87
721,1377684710,20.87
721,1377684715,20.88
721,1377684720,20.87
721,1377684725,20.87
721,1377684730,20.86
721,1377684735,20.87
721,1377684740,20.87
721,1377684745,20.88
721,1377684750,20.87
721,1377684755,20.86
721,1377684760,20.87
721,1377684765,20.86
721,1377684770,20.88
721,1377684775,20.86
721,1377684780,20.86
721,1377684785,20.87
721,1377684790,20.86
721,1377684795,20.87
721,1377684800,20.86
721,1377684805,20.87
721,1377684810,20.87
721,1377684815,20.87
721,1377684820,20.86
721,1377684825,20.87
721,1377684830,20.86
721,1377684835,20.87
721,1377684840,20.86
721,1377684845,20.86
721,1377684850,20.86
721,1377684855,20.86
721,1377684860,20.86
721,1377684865,20.86
721,1377684870,20.86
721,1377684875,20.86
721,1377684880,20.86
721,1377684885,20.85
721,1377684890,20.86
721,1377684895,20.86
721,1377684900,20.86
721,1377684905,20.86
721,1377684910,20.86
721,1377684915,20.86
721,1377684920,20.86
721,1377684925,20.86
721,1377684930,20.86
721,1377684935,20.86
721,1377684940,20.85
721,1377684945,20.86
721,1377684950,20.86
721,1377684955,20.86
721,1377684960,20.86
721,1377684965,20.86
721,1377684970,20.84
721,1377684975,20.86
721,1377684980,20.86
721,1377684985,20.86
721,1377684990,20.86
721,1377684995,20.86
721,1377685000,20.86
721,1377685005,20.86
721,1377685010,20.86
721,1377685015,20.87
721,1377685020,20.86
721,1377685025,20.84
721,1377685030,20.86
721,1377685035,20.86
721,1377685040,20.85
721,1377685045,20.85
721,1377685050,20.86
721,1377685055,20.85
721,1377685060,20.85
721,1377685065,20.85
721,1377685070,20.86
721,1377685075,20.85
721,1377685080,20.84
721,1377685085,20.85
721,1377685090,20.84
721,1377685095,20.86
721,1377685100,20.85
721,1377685105,20.86
721,1377685110,20.85
721,1377685115,20.85
721,1377685120,20.85
721,1377685125,20.86
721,1377685130,20.85
721,1377685136,20.85
721,1377685140,20.86
721,1377685145,20.86
721,1377685150,20.85
721,1377685155,20.85
721,1377685160,20.85
721,1377685165,20.84
721,1377685170,20.85
721,1377685175,20.85
721,1377685180,20.85
721,1377685185,20.84
721,1377685190,20.84
721,1377685195,20.85
721,1377685200,20.85
721,1377685205,20.86
721,1377685210,20.85
721,1377685215,20.85
721,1377685220,20.86
721,1377685225,20.86
721,1377685230,20.86
721,1377685235,20.84
721,1377685240,20.84
721,1377685245,20.85
721,1377685250,20.85
721,1377685255,20.84
721,1377685260,20.86
721,1377685265,20.86
721,1377685270,20.85
721,1377685275,20.84
721,1377685280,20.84
721,1377685285,20.85
721,1377685290,20.85
721,1377685295,20.85
721,1377685300,20.85
721,1377685305,20.85
721,1377685310,20.86
721,1377685315,20.86
721,1377685320,20.85
721,1377685325,20.84
721,1377685330,20.84
721,1377685335,20.84
721,1377685340,20.84
721,1377685345,20.85
721,1377685350,20.85
721,1377685355,20.86
721,1377685360,20.86
721,1377685365,20.86
721,1377685370,20.84
721,1377685375,20.84
721,1377685380,20.85
721,1377685385,20.85
721,1377685390,20.86
721,1377685395,20.85
721,1377685400,20.84
721,1377685405,20.85
721,1377685410,20.84
721,1377685415,20.84
721,1377685420,20.85
721,1377685425,20.85
721,1377685430,20.84
721,1377685435,20.83
721,1377685440,20.84
721,1377685445,20.84
721,1377685450,20.85
721,1377685455,20.84
721,1377685460,20.84
721,1377685465,20.84
721,1377685470,20.85
721,1377685475,20.85
721,1377685480,20.84
721,1377685485,20.84
721,1377685490,20.84
721,1377685495,20.84
721,1377685500,20.85
721,1377685505,20.84
721,1377685510,20.85
721,1377685515,20.84
721,1377685520,20.84
721,1377685525,20.84
721,1377685530,20.83
721,1377685535,20.85
721,1377685540,20.85
721,1377685545,20.85
721,1377685550,20.84
721,1377685555,20.85
721,1377685560,20.84
721,1377685565,20.85
721,1377685570,20.84
721,1377685575,20.85
721,1377685580,20.84
721,1377685585,20.83
721,1377685590,20.84
721,1377685595,20.84
721,1377685600,20.84
721,1377685605,20.83
721,1377685610,20.84
721,1377685615,20.84
721,1377685620,20.85
721,1377685625,20.84
721,1377685630,20.84
721,1377685635,20.84
721,1377685640,20.84
721,1377685645,20.85
721,1377685650,20.85
721,1377685655,20.84
721,1377685660,20.85
721,1377685665,20.84
721,1377685670,20.84
721,1377685675,20.84
721,1377685680,20.84
721,1377685685,20.84
721,1377685690,20.84
721,1377685695,20.84
721,1377685700,20.84
721,1377685705,20.83
721,1377685710,20.83
721,1377685715,20.84
721,1377685720,20.84
721,1377685725,20.84
721,1377685730,20.83
721,1377685735,20.82
721,1377685740,20.84
721,1377685745,20.82
721,1377685750,20.84
721,1377685755,20.82
721,1377685760,20.82
721,1377685765,20.82
721,1377685770,20.83
721,1377685775,20.83
721,1377685780,20.83
721,1377685785,20.83
721,1377685790,20.84
721,1377685795,20.83
721,1377685800,20.82
721,1377685805,20.83
721,1377685810,20.82
721,1377685815,20.83
721,1377685820,20.82
721,1377685825,20.82
721,1377685830,20.84
721,1377685835,20.82
721,1377685840,20.82
721,1377685845,20.83
721,1377685850,20.83
721,1377685855,20.84
721,1377685860,20.82
721,1377685865,20.83
721,1377685870,20.82
721,1377685875,20.82
721,1377685880,20.83
721,1377685885,20.84
721,1377685890,20.82
721,1377685895,20.82
721,1377685900,20.83
721,1377685905,20.83
721,1377685910,20.82
721,1377685915,20.83
721,1377685920,20.84
721,1377685925,20.82
721,1377685930,20.83
721,1377685935,20.83
721,1377685940,20.83
721,1377685945,20.82
721,1377685950,20.83
721,1377685955,20.83
721,1377685960,20.82
721,1377685965,20.83
721,1377685970,20.83
721,1377685975,20.82
721,1377685980,20.82
721,1377685985,20.83
721,1377685990,20.82
721,1377685995,20.82
721,1377686000,20.82
721,1377686005,20.82
721,1377686010,20.81
721,1377686015,20.82
721,1377686020,20.82
721,1377686025,20.82
721,1377686030,20.83
721,1377686035,20.82
721,1377686040,20.83
721,1377686045,20.82
721,1377686050,20.83
721,1377686055,20.82
721,1377686060,20.83
721,1377686065,20.83
721,1377686070,20.83
721,1377686075,20.82
721,1377686080,20.82
721,1377686085,20.82
721,1377686090,20.83
721,1377686095,20.82
721,1377686100,20.82
721,1377686105,20.82
721,1377686110,20.82
721,1377686115,20.81
721,1377686120,20.82
721,1377686125,20.83
721,1377686130,20.82
721,1377686135,20.83
721,1377686140,20.83
721,1377686145,20.82
721,1377686150,20.82
721,1377686155,20.82
721,1377686160,20.82
721,1377686165,20.83
721,1377686170,20.82
721,1377686175,20.82
721,1377686180,20.82
721,1377686185,20.83
721,1377686190,20.82
721,1377686195,20.82
721,1377686200,20.83
721,1377686205,20.82
721,1377686210,20.82
721,1377686215,20.83
721,1377686220,20.83
721,1377686225,20.84
721,1377686230,20.84
721,1377686235,20.84
721,1377686240,20.82
721,1377686245,20.83
721,1377686250,20.82
721,1377686255,20.82
721,1377686260,20.82
721,1377686265,20.82
721,1377686270,20.81
721,1377686275,20.83
721,1377686280,20.82
721,1377686285,20.82
721,1377686290,20.82
721,1377686295,20.82
721,1377686300,20.83
721,1377686305,20.83
721,1377686310,20.81
721,1377686315,20.82
721,1377686320,20.83
721,1377686325,20.84
721,1377686330,20.82
721,1377686335,20.82
721,1377686340,20.83
721,1377686345,20.82
721,1377686350,20.83
721,1377686355,20.82
721,1377686360,20.82
721,1377686365,20.82
721,1377686370,20.83
721,1377686375,20.82
721,1377686380,20.82
721,1377686385,20.82
721,1377686390,20.82
721,1377686395,20.82
721,1377686400,20.81
721,1377686405,20.82
721,1377686410,20.82
721,1377686415,20.82
721,1377686420,20.82
721,1377686425,20.82
721,1377686430,20.82
721,1377686435,20.82
721,1377686440,20.82
721,1377686445,20.82
721,1377686450,20.83
721,1377686455,20.82
721,1377686460,20.81
721,1377686465,20.82
721,1377686470,20.82
721,1377686475,20.82
721,1377686480,20.82
721,1377686485,20.82
721,1377686490,20.82
721,1377686495,20.82
721,1377686500,20.82
721,1377686505,20.82
721,1377686510,20.82
721,1377686515,20.82
721,1377686520,20.83
721,1377686525,20.83
721,1377686530,20.82
721,1377686535,20.83
721,1377686540,20.82
721,1377686545,20.81
721,1377686550,20.81
721,1377686555,20.82
721,1377686560,20.83
721,1377686565,20.83
721,1377686570,20.83
721,1377686575,20.82
721,1377686580,20.84
721,1377686585,20.82
721,1377686590,20.83
721,1377686595,20.83
721,1377686600,20.82
721,1377686605,20.82
721,1377686610,20.83
721,1377686615,20.84
721,1377686620,20.83
721,1377686625,20.82
721,1377686630,20.82
721,1377686635,20.82
721,1377686640,20.83
721,1377686645,20.82
721,1377686650,20.82
721,1377686655,20.82
721,1377686660,20.82
721,1377686665,20.82
721,1377686670,20.83
721,1377686675,20.83
721,1377686680,20.82
721,1377686685,20.82
721,1377686690,20.82
721,1377686695,20.82
721,1377686700,20.82
721,1377686705,20.83
721,1377686710,20.81
721,1377686715,20.82
721,1377686720,20.82
721,1377686725,20.82
721,1377686730,20.82
721,1377686735,20.82
721,1377686740,20.82
721,1377686745,20.82
721,1377686750,20.82
721,1377686755,20.83
721,1377686760,20.83
721,1377686765,20.82
721,1377686770,20.82
721,1377686775,20.82
721,1377686780,20.82
721,1377686785,20.81
721,1377686790,20.82
721,1377686795,20.82
721,1377686800,20.82
721,1377686805,20.82
721,1377686810,20.82
721,1377686815,20.82
721,1377686820,20.81
721,1377686825,20.82
721,1377686830,20.82
721,1377686835,20.83
721,1377686840,20.81
721,1377686845,20.83
721,1377686850,20.82
721,1377686855,20.82
721,1377686860,20.83
721,1377686865,20.82
721,1377686870,20.82
721,1377686875,20.83
721,1377686880,20.82
721,1377686885,20.82
721,1377686890,20.82
721,1377686895,20.82
721,1377686900,20.82
721,1377686905,20.83
721,1377686910,20.82
721,1377686915,20.82
721,1377686920,20.81
721,1377686925,20.82
721,1377686930,20.82
721,1377686935,20.82
721,1377686940,20.82
721,1377686945,20.81
721,1377686950,20.82
721,1377686955,20.81
721,1377686960,20.82
721,1377686965,20.82
721,1377686970,20.82
721,1377686975,20.82
721,1377686980,20.83
721,1377686985,20.82
721,1377686990,20.82
721,1377686995,20.82
721,1377687000,20.82
721,1377687005,20.81
721,1377687010,20.81
721,1377687015,20.82
721,1377687020,20.82
721,1377687025,20.82
721,1377687030,20.81
721,1377687035,20.81
721,1377687040,20.82
721,1377687045,20.82
721,1377687050,20.82
721,1377687055,20.81
721,1377687060,20.81
721,1377687065,20.81
721,1377687070,20.8
721,1377687075,20.81
721,1377687080,20.82
721,1377687085,20.81
721,1377687090,20.8
721,1377687095,20.8
721,1377687100,20.8
721,1377687105,20.82
721,1377687110,20.8
721,1377687115,20.82
721,1377687120,20.82
721,1377687125,20.82
721,1377687130,20.82
721,1377687135,20.82
721,1377687140,20.82
721,1377687145,20.8
721,1377687150,20.8
721,1377687155,20.81
721,1377687160,20.82
721,1377687165,20.81
721,1377687170,20.81
721,1377687175,20.81
721,1377687180,20.81
721,1377687185,20.81
721,1377687190,20.82
721,1377687195,20.82
721,1377687200,20.8
721,1377687205,20.8
721,1377687210,20.81
721,1377687215,20.82
721,1377687220,20.81
721,1377687225,20.82
721,1377687230,20.8
721,1377687235,20.8
721,1377687240,20.81
721,1377687245,20.81
721,1377687250,20.8
721,1377687255,20.8
721,1377687260,20.79
721,1377687265,20.81
721,1377687270,20.81
721,1377687275,20.81
721,1377687280,20.81
721,1377687285,20.8
721,1377687290,20.8
721,1377687295,20.8
721,1377687300,20.8
721,1377687305,20.8
721,1377687310,20.8
721,1377687315,20.8
721,1377687320,20.8
721,1377687325,20.8
721,1377687330,20.8
721,1377687335,20.8
721,1377687340,20.8
721,1377687345,20.8
721,1377687350,20.8
721,1377687355,20.8
721,1377687360,20.8
721,1377687365,20.8
721,1377687370,20.8
721,1377687375,20.8
721,1377687380,20.8
721,1377687385,20.79
721,1377687390,20.79
721,1377687395,20.8
721,1377687400,20.79
721,1377687405,20.78
721,1377687410,20.79
721,1377687415,20.8
721,1377687420,20.8
721,1377687425,20.79
721,1377687430,20.8
721,1377687435,20.8
721,1377687440,20.79
721,1377687445,20.79
721,1377687450,20.8
721,1377687455,20.79
721,1377687460,20.79
721,1377687465,20.78
721,1377687470,20.8
721,1377687475,20.79
721,1377687480,20.79
721,1377687485,20.79
721,1377687490,20.78
721,1377687495,20.79
721,1377687500,20.8
721,1377687505,20.79
721,1377687510,20.8
721,1377687515,20.79
721,1377687520,20.8
721,1377687525,20.79
721,1377687530,20.8
721,1377687535,20.8
721,1377687540,20.8
721,1377687545,20.8
721,1377687550,20.8
721,1377687555,20.8
721,1377687560,20.8
721,1377687565,20.79
721,1377687570,20.8
721,1377687575,20.8
721,1377687580,20.8
721,1377687585,20.8
721,1377687590,20.78
721,1377687595,20.8
721,1377687600,20.8
721,1377687605,20.8
721,1377687610,20.79
721,1377687615,20.81
721,1377687620,20.8
721,1377687625,20.79
721,1377687630,20.79
721,1377687635,20.79
721,1377687640,20.79
721,1377687645,20.8
721,1377687650,20.78
721,1377687655,20.79
721,1377687660,20.8
721,1377687665,20.8
721,1377687670,20.78
721,1377687675,20.8
721,1377687680,20.79
721,1377687685,20.8
721,1377687690,20.8
721,1377687695,20.78
721,1377687700,20.8
721,1377687705,20.79
721,1377687710,20.8
721,1377687715,20.79
721,1377687720,20.8
721,1377687725,20.8
721,1377687730,20.78
721,1377687735,20.79
721,1377687740,20.8
721,1377687745,20.78
721,1377687750,20.8
721,1377687755,20.79
721,1377687760,20.8
721,1377687765,20.79
721,1377687770,20.78
721,1377687775,20.8
721,1377687780,20.79
721,1377687785,20.8
721,1377687790,20.79
721,1377687795,20.8
721,1377687800,20.79
721,1377687805,20.79
721,1377687810,20.78
721,1377687815,20.78
721,1377687820,20.8
721,1377687825,20.78
721,1377687830,20.8
721,1377687835,20.79
721,1377687840,20.78
721,1377687845,20.78
721,1377687850,20.79
721,1377687855,20.8
721,1377687860,20.79
721,1377687865,20.78
721,1377687870,20.78
721,1377687875,20.78
721,1377687880,20.79
721,1377687885,20.8
721,1377687890,20.79
721,1377687895,20.8
721,1377687900,20.79
721,1377687905,20.79
721,1377687910,20.8
721,1377687915,20.8
721,1377687920,20.8
721,1377687925,20.79
721,1377687930,20.8
721,1377687935,20.8
721,1377687940,20.79
721,1377687945,20.79
721,1377687950,20.8
721,1377687955,20.8
721,1377687960,20.8
721,1377687965,20.8
721,1377687970,20.78
721,1377687975,20.8
721,1377687980,20.79
721,1377687985,20.8
721,1377687990,20.79
721,1377687995,20.79
721,1377688000,20.79
721,1377688005,20.8
721,1377688010,20.8
721,1377688015,20.78
721,1377688020,20.8
721,1377688026,20.79
721,1377688030,20.8
721,1377688035,20.8
721,1377688040,20.79
721,1377688045,20.8
721,1377688050,20.79
721,1377688055,20.79
721,1377688060,20.79
721,1377688065,20.79
721,1377688070,20.79
721,1377688075,20.79
721,1377688080,20.8
721,1377688085,20.79
721,1377688090,20.8
721,1377688095,20.79
721,1377688100,20.79
721,1377688105,20.8
721,1377688110,20.8
721,1377688115,20.78
721,1377688120,20.8
721,1377688125,20.79
721,1377688130,20.8
721,1377688135,20.78
721,1377688140,20.79
721,1377688145,20.79
721,1377688150,20.79
721,1377688155,20.79
721,1377688160,20.79
721,1377688165,20.79
721,1377688170,20.8
721,1377688175,20.78
721,1377688180,20.79
721,1377688185,20.79
721,1377688190,20.79
721,1377688195,20.78
721,1377688200,20.79
721,1377688205,20.79
721,1377688210,20.8
721,1377688215,20.79
721,1377688220,20.78
721,1377688225,20.78
721,1377688230,20.79
721,1377688235,20.78
721,1377688240,20.78
721,1377688245,20.78
721,1377688250,20.78
721,1377688255,20.79
721,1377688260,20.78
721,1377688265,20.79
721,1377688270,20.8
721,1377688275,20.78
721,1377688280,20.8
721,1377688285,20.78
721,1377688290,20.79
721,1377688295,20.78
721,1377688300,20.79
721,1377688305,20.79
721,1377688310,20.8
721,1377688315,20.78
721,1377688320,20.79
721,1377688325,20.78
721,1377688330,20.77
721,1377688335,20.78
721,1377688340,20.78
721,1377688345,20.78
721,1377688350,20.78
721,1377688355,20.78
721,1377688360,20.78
721,1377688365,20.78
721,1377688370,20.79
721,1377688375,20.79
721,1377688380,20.78
721,1377688385,20.78
721,1377688390,20.78
721,1377688395,20.78
721,1377688400,20.78
721,1377688405,20.79
721,1377688410,20.78
721,1377688415,20.79
721,1377688420,20.78
721,1377688425,20.79
721,1377688430,20.79
721,1377688435,20.78
721,1377688440,20.79
721,1377688445,20.78
721,1377688450,20.78
721,1377688455,20.78
721,1377688460,20.78
721,1377688465,20.78
721,1377688470,20.79
721,1377688475,20.78
721,1377688480,20.79
721,1377688485,20.78
721,1377688490,20.78
721,1377688495,20.78
721,1377688500,20.78
721,1377688505,20.77
721,1377688510,20.79
721,1377688515,20.79
721,1377688520,20.79
721,1377688525,20.79
721,1377688530,20.78
721,1377688535,20.78
721,1377688540,20.78
721,1377688545,20.78
721,1377688550,20.78
721,1377688555,20.78
721,1377688560,20.78
721,1377688565,20.77
721,1377688570,20.77
721,1377688575,20.78
721,1377688580,20.78
721,1377688585,20.78
721,1377688590,20.79
721,1377688595,20.78
721,1377688600,20.78
721,1377688605,20.78
721,1377688610,20.78
721,1377688615,20.78
721,1377688620,20.79
721,1377688625,20.79
721,1377688630,20.78
721,1377688635,20.78
721,1377688640,20.78
721,1377688645,20.78
721,1377688650,20.77
721,1377688655,20.78
721,1377688660,20.77
721,1377688665,20.77
721,1377688670,20.78
721,1377688675,20.78
721,1377688680,20.78
721,1377688685,20.77
721,1377688690,20.77
721,1377688695,20.78
721,1377688700,20.78
721,1377688705,20.78
721,1377688710,20.78
721,1377688715,20.78
721,1377688720,20.78
721,1377688725,20.79
721,1377688730,20.78
721,1377688735,20.78
721,1377688740,20.78
721,1377688745,20.78
721,1377688750,20.78
721,1377688755,20.78
721,1377688760,20.78
721,1377688765,20.78
721,1377688770,20.78
721,1377688776,20.77
721,1377688780,20.78
721,1377688785,20.78
721,1377688790,20.76
721,1377688795,20.78
721,1377688800,20.78
721,1377688805,20.79
721,1377688810,20.77
721,1377688815,20.79
721,1377688820,20.78
721,1377688825,20.77
721,1377688830,20.78
721,1377688835,20.78
721,1377688840,20.77
721,1377688845,20.77
721,1377688850,20.78
721,1377688855,20.78
721,1377688860,20.78
721,1377688865,20.77
721,1377688870,20.77
721,1377688875,20.78
721,1377688880,20.77
721,1377688885,20.78
721,1377688890,20.77
721,1377688895,20.78
721,1377688900,20.77
721,1377688905,20.78
721,1377688910,20.77
721,1377688915,20.77
721,1377688920,20.76
721,1377688925,20.77
721,1377688930,20.78
721,1377688935,20.78
721,1377688940,20.77
721,1377688945,20.77
721,1377688950,20.78
721,1377688955,20.78
721,1377688960,20.78
721,1377688965,20.77
721,1377688970,20.78
721,1377688975,20.78
721,1377688980,20.78
721,1377688985,20.77
721,1377688990,20.77
721,1377688995,20.78
721,1377689000,20.77
721,1377689005,20.76
721,1377689010,20.77
721,1377689015,20.78
721,1377689020,20.77
721,1377689025,20.78
721,1377689030,20.78
721,1377689035,20.78
721,1377689040,20.78
721,1377689045,20.77
721,1377689050,20.76
721,1377689055,20.78
721,1377689060,20.77
721,1377689065,20.78
721,1377689070,20.77
721,1377689075,20.77
721,1377689080,20.78
721,1377689085,20.77
721,1377689090,20.77
721,1377689095,20.77
721,1377689100,20.76
721,1377689105,20.76
721,1377689110,20.76
721,1377689115,20.77
721,1377689120,20.78
721,1377689125,20.76
721,1377689130,20.78
721,1377689135,20.76
721,1377689140,20.76
721,1377689145,20.76
721,1377689150,20.77
721,1377689155,20.76
721,1377689160,20.76
721,1377689165,20.76
721,1377689170,20.76
721,1377689175,20.75
721,1377689180,20.76
721,1377689185,20.75
721,1377689190,20.76
721,1377689195,20.76
721,1377689200,20.76
721,1377689205,20.76
721,1377689210,20.76
721,1377689215,20.76
721,1377689220,20.76
721,1377689225,20.76
721,1377689230,20.76
721,1377689235,20.76
721,1377689240,20.76
721,1377689245,20.76
721,1377689250,20.77
721,1377689255,20.76
721,1377689260,20.76
721,1377689265,20.75
721,1377689270,20.76
721,1377689275,20.76
721,1377689280,20.76
721,1377689285,20.77
721,1377689290,20.76
721,1377689295,20.76
721,1377689300,20.75
721,1377689305,20.76
721,1377689310,20.76
721,1377689315,20.76
721,1377689320,20.74
721,1377689325,20.75
721,1377689330,20.76
721,1377689335,20.76
721,1377689340,20.77
721,1377689345,20.76
721,1377689350,20.76
721,1377689355,20.76
721,1377689360,20.75
721,1377689365,20.74
721,1377689370,20.76
721,1377689375,20.75
721,1377689380,20.76
721,1377689385,20.77
721,1377689390,20.76
721,1377689395,20.75
721,1377689400,20.76
721,1377689405,20.75
721,1377689410,20.76
721,1377689415,20.76
721,1377689420,20.76
721,1377689425,20.75
721,1377689430,20.75
721,1377689435,20.75
721,1377689440,20.74
721,1377689445,20.74
721,1377689450,20.75
721,1377689455,20.75
721,1377689460,20.74
721,1377689465,20.75
721,1377689470,20.74
721,1377689475,20.74
721,1377689480,20.74
721,1377689485,20.75
721,1377689490,20.74
721,1377689495,20.74
721,1377689500,20.74
721,1377689505,20.75
721,1377689510,20.74
721,1377689515,20.75
721,1377689520,20.74
721,1377689525,20.75
721,1377689530,20.75
721,1377689535,20.74
721,1377689540,20.74
721,1377689545,20.74
721,1377689550,20.75
721,1377689555,20.76
721,1377689560,20.75
721,1377689565,20.74
721,1377689570,20.74
721,1377689575,20.75
721,1377689580,20.75
721,1377689585,20.73
721,1377689590,20.75
721,1377689595,20.74
721,1377689600,20.74
721,1377689605,20.75
721,1377689610,20.75
721,1377689615,20.75
721,1377689620,20.76
721,1377689625,20.75
721,1377689630,20.76
721,1377689635,20.75
721,1377689640,20.75
721,1377689645,20.75
721,1377689650,20.75
721,1377689655,20.75
721,1377689660,20.76
721,1377689665,20.75
721,1377689670,20.76
721,1377689675,20.74
721,1377689680,20.75
721,1377689685,20.75
721,1377689690,20.76
721,1377689695,20.75
721,1377689700,20.74
721,1377689705,20.76
721,1377689710,20.75
721,1377689715,20.74
721,1377689720,20.76
721,1377689725,20.76
721,1377689730,20.76
721,1377689735,20.75
721,1377689740,20.76
721,1377689745,20.75
721,1377689750,20.74
721,1377689755,20.76
721,1377689760,20.75
721,1377689765,20.76
721,1377689770,20.75
721,1377689775,20.75
721,1377689780,20.76
721,1377689785,20.75
721,1377689790,20.74
721,1377689795,20.76
721,1377689800,20.75
721,1377689805,20.74
721,1377689810,20.75
721,1377689815,20.75
721,1377689820,20.74
721,1377689825,20.74
721,1377689830,20.75
721,1377689835,20.74
721,1377689840,20.75
721,1377689845,20.75
721,1377689850,20.74
721,1377689855,20.75
721,1377689860,20.74
721,1377689865,20.75
721,1377689870,20.75
721,1377689875,20.74
721,1377689880,20.75
721,1377689885,20.74
721,1377689890,20.74
721,1377689895,20.74
721,1377689900,20.74
721,1377689905,20.75
721,1377689910,20.75
721,1377689915,20.74
721,1377689920,20.74
721,1377689925,20.75
721,1377689930,20.74
721,1377689935,20.74
721,1377689940,20.74
721,1377689945,20.75
721,1377689950,20.75
721,1377689955,20.75
721,1377689960,20.75
721,1377689965,20.75
721,1377689970,20.75
721,1377689975,20.75
721,1377689980,20.74
721,1377689985,20.74
721,1377689990,20.74
721,1377689995,20.74
721,1377690000,20.75
721,1377690005,20.74
721,1377690010,20.74
721,1377690015,20.74
721,1377690020,20.76
721,1377690025,20.75
721,1377690030,20.74
721,1377690035,20.74
721,1377690040,20.75
721,1377690045,20.76
721,1377690050,20.75
721,1377690055,20.75
721,1377690060,20.74
721,1377690065,20.74
721,1377690070,20.74
721,1377690075,20.75
721,1377690080,20.74
721,1377690085,20.74
721,1377690090,20.74
721,1377690095,20.74
721,1377690100,20.74
721,1377690105,20.75
721,1377690110,20.75
721,1377690115,20.74
721,1377690120,20.73
721,1377690125,20.74
721,1377690130,20.74
721,1377690135,20.73
721,1377690140,20.74
721,1377690145,20.74
721,1377690150,20.74
721,1377690155,20.73
721,1377690160,20.74
721,1377690165,20.74
721,1377690170,20.74
721,1377690175,20.73
721,1377690180,20.73
721,1377690185,20.74
721,1377690190,20.74
721,1377690195,20.74
721,1377690200,20.74
721,1377690205,20.74
721,1377690210,20.74
721,1377690215,20.74
721,1377690220,20.76
721,1377690225,20.75
721,1377690230,20.74
721,1377690235,20.73
721,1377690240,20.75
721,1377690245,20.74
721,1377690250,20.74
721,1377690255,20.74
721,1377690261,20.74
721,1377690265,20.74
721,1377690270,20.74
721,1377690275,20.75
721,1377690280,20.75
721,1377690285,20.75
721,1377690290,20.74
721,1377690295,20.74
721,1377690300,20.74
721,1377690305,20.74
721,1377690310,20.74
721,1377690315,20.73
721,1377690320,20.74
721,1377690325,20.73
721,1377690330,20.73
721,1377690335,20.74
721,1377690340,20.74
721,1377690345,20.74
721,1377690350,20.75
721,1377690355,20.74
721,1377690360,20.74
721,1377690365,20.73
721,1377690370,20.74
721,1377690375,20.74
721,1377690380,20.75
721,1377690385,20.74
721,1377690390,20.74
721,1377690395,20.75
721,1377690400,20.74
721,1377690405,20.75
721,1377690411,20.74
721,1377690415,20.74
721,1377690420,20.74
721,1377690425,20.74
721,1377690430,20.74
721,1377690435,20.74
721,1377690440,20.74
721,1377690445,20.75
721,1377690450,20.74
721,1377690455,20.74
721,1377690460,20.74
721,1377690465,20.74
721,1377690470,20.74
721,1377690475,20.74
721,1377690480,20.73
721,1377690485,20.74
721,1377690490,20.74
721,1377690495,20.74
721,1377690500,20.73
721,1377690505,20.72
721,1377690510,20.74
721,1377690515,20.73
721,1377690520,20.72
721,1377690525,20.74
721,1377690530,20.74
721,1377690535,20.72
721,1377690540,20.74
721,1377690545,20.74
721,1377690550,20.74
721,1377690555,20.74
721,1377690560,20.74
721,1377690565,20.73
721,1377690570,20.74
721,1377690575,20.73
721,1377690580,20.72
721,1377690585,20.73
721,1377690590,20.74
721,1377690595,20.73
721,1377690600,20.72
721,1377690605,20.73
721,1377690610,20.73
721,1377690615,20.73
721,1377690620,20.73
721,1377690625,20.73
721,1377690630,20.72
721,1377690635,20.73
721,1377690640,20.74
721,1377690645,20.74
721,1377690650,20.73
721,1377690655,20.73
721,1377690660,20.74
721,1377690665,20.73
721,1377690670,20.73
721,1377690675,20.74
721,1377690680,20.73
721,1377690685,20.73
721,1377690690,20.72
721,1377690695,20.72
721,1377690700,20.74
721,1377690705,20.74
721,1377690710,20.73
721,1377690715,20.73
721,1377690720,20.74
721,1377690725,20.73
721,1377690730,20.75
721,1377690735,20.74
721,1377690740,20.74
721,1377690745,20.73
721,1377690750,20.74
721,1377690755,20.73
721,1377690760,20.74
721,1377690765,20.73
721,1377690770,20.73
721,1377690775,20.73
721,1377690780,20.73
721,1377690785,20.73
721,1377690790,20.73
721,1377690795,20.73
721,1377690800,20.74
721,1377690805,20.73
721,1377690810,20.73
721,1377690815,20.72
721,1377690820,20.72
721,1377690825,20.73
721,1377690830,20.72
721,1377690835,20.73
721,1377690840,20.72
721,1377690845,20.73
721,1377690850,20.72
721,1377690855,20.73
721,1377690860,20.73
721,1377690865,20.72
721,1377690870,20.72
721,1377690875,20.72
721,1377690880,20.73
721,1377690885,20.73
721,1377690890,20.73
721,1377690895,20.72
721,1377690900,20.72
721,1377690905,20.72
721,1377690910,20.72
721,1377690915,20.73
721,1377690920,20.73
721,1377690925,20.73
721,1377690930,20.73
721,1377690935,20.72
721,1377690940,20.72
721,1377690945,20.72
721,1377690950,20.72
721,1377690955,20.72
721,1377690960,20.73
721,1377690965,20.72
721,1377690970,20.72
721,1377690975,20.73
721,1377690980,20.74
721,1377690985,20.72
721,1377690990,20.73
721,1377690995,20.73
721,1377691000,20.72
721,1377691005,20.73
721,1377691010,20.72
721,1377691015,20.72
721,1377691020,20.72
721,1377691025,20.73
721,1377691030,20.74
721,1377691035,20.72
721,1377691040,20.72
721,1377691045,20.73
721,1377691050,20.73
721,1377691055,20.72
721,1377691060,20.73
721,1377691065,20.72
721,1377691070,20.73
721,1377691075,20.72
721,1377691080,20.72
721,1377691085,20.73
721,1377691090,20.73
721,1377691095,20.72
721,1377691100,20.72
721,1377691105,20.72
721,1377691110,20.72
721,1377691115,20.73
721,1377691120,20.72
721,1377691125,20.72
721,1377691130,20.72
721,1377691135,20.72
721,1377691140,20.71
721,1377691145,20.73
721,1377691150,20.72
721,1377691155,20.72
721,1377691160,20.73
721,1377691165,20.72
721,1377691170,20.73
721,1377691175,20.74
721,1377691180,20.73
721,1377691185,20.72
721,1377691190,20.72
721,1377691195,20.73
721,1377691200,20.72
721,1377691205,20.73
721,1377691210,20.72
721,1377691215,20.72
721,1377691220,20.72
721,1377691225,20.72
721,1377691230,20.72
721,1377691235,20.72
721,1377691240,20.72
721,1377691245,20.72
721,1377691250,20.72
721,1377691255,20.72
721,1377691260,20.72
721,1377691265,20.71
721,1377691270,20.72
721,1377691275,20.72
721,1377691280,20.72
721,1377691285,20.72
721,1377691290,20.72
721,1377691295,20.73
721,1377691300,20.72
721,1377691305,20.73
721,1377691310,20.72
721,1377691315,20.72
721,1377691320,20.73
721,1377691325,20.72
721,1377691330,20.72
721,1377691335,20.72
721,1377691340,20.72
721,1377691345,20.72
721,1377691350,20.73
721,1377691355,20.72
721,1377691360,20.72
721,1377691365,20.72
721,1377691370,20.72
721,1377691375,20.72
721,1377691380,20.72
721,1377691385,20.72
721,1377691390,20.72
721,1377691395,20.72
721,1377691400,20.72
721,1377691405,20.71
721,1377691410,20.72
721,1377691415,20.72
721,1377691420,20.72
721,1377691425,20.72
721,1377691430,20.72
721,1377691435,20.72
721,1377691440,20.72
721,1377691445,20.72
721,1377691450,20.73
721,1377691455,20.72
721,1377691460,20.72
721,1377691465,20.71
721,1377691470,20.72
721,1377691475,20.72
721,1377691480,20.71
721,1377691485,20.72
721,1377691490,20.72
721,1377691495,20.71
721,1377691500,20.71
721,1377691505,20.72
721,1377691510,20.73
721,1377691515,20.72
721,1377691520,20.72
721,1377691525,20.72
721,1377691530,20.72
721,1377691535,20.72
721,1377691540,20.72
721,1377691545,20.73
721,1377691550,20.72
721,1377691555,20.72
721,1377691560,20.72
721,1377691565,20.73
721,1377691570,20.72
721,1377691575,20.72
721,1377691580,20.72
721,1377691585,20.72
721,1377691590,20.72
721,1377691595,20.72
721,1377691600,20.72
721,1377691605,20.72
721,1377691610,20.73
721,1377691615,20.72
721,1377691620,20.72
721,1377691625,20.73
721,1377691630,20.72
721,1377691635,20.72
721,1377691640,20.72
721,1377691645,20.71
721,1377691650,20.72
721,1377691655,20.71
721,1377691660,20.72
721,1377691665,20.72
721,1377691670,20.72
721,1377691675,20.7
721,1377691680,20.71
721,1377691685,20.72
721,1377691690,20.73
721,1377691695,20.71
721,1377691700,20.72
721,1377691705,20.72
721,1377691710,20.72
721,1377691715,20.72
721,1377691720,20.72
721,1377691725,20.72
721,1377691730,20.73
721,1377691735,20.71
721,1377691740,20.71
721,1377691745,20.72
721,1377691750,20.71
721,1377691755,20.71
721,1377691760,20.72
721,1377691765,20.72
721,1377691770,20.72
721,1377691775,20.72
721,1377691780,20.72
721,1377691785,20.72
721,1377691790,20.72
721,1377691795,20.72
721,1377691800,20.7
721,1377691805,20.71
721,1377691810,20.7
721,1377691815,20.71
721,1377691820,20.72
721,1377691825,20.72
721,1377691830,20.72
721,1377691835,20.71
721,1377691840,20.71
721,1377691845,20.71
721,1377691850,20.71
721,1377691855,20.71
721,1377691860,20.71
721,1377691865,20.7
721,1377691870,20.7
721,1377691875,20.71
721,1377691880,20.72
721,1377691885,20.7
721,1377691890,20.71
721,1377691895,20.7
721,1377691900,20.71
721,1377691905,20.72
721,1377691910,20.71
721,1377691915,20.71
721,1377691920,20.71
721,1377691925,20.71
721,1377691930,20.71
721,1377691935,20.71
721,1377691940,20.72
721,1377691945,20.71
721,1377691950,20.71
721,1377691955,20.71
721,1377691960,20.7
721,1377691965,20.72
721,1377691970,20.7
721,1377691975,20.71
721,1377691980,20.71
721,1377691985,20.71
721,1377691990,20.71
721,1377691995,20.72
721,1377692000,20.71
721,1377692005,20.71
721,1377692010,20.71
721,1377692015,20.72
721,1377692020,20.72
721,1377692025,20.7
721,1377692030,20.72
721,1377692035,20.72
721,1377692040,20.71
721,1377692045,20.7
721,1377692050,20.71
721,1377692055,20.71
721,1377692060,20.72
721,1377692065,20.71
721,1377692070,20.7
721,1377692075,20.71
721,1377692080,20.71
721,1377692085,20.7
721,1377692090,20.7
721,1377692095,20.71
721,1377692100,20.71
721,1377692105,20.72
721,1377692110,20.71
721,1377692115,20.72
721,1377692120,20.71
721,1377692125,20.72
721,1377692130,20.72
721,1377692135,20.72
721,1377692140,20.71
721,1377692145,20.71
721,1377692150,20.72
721,1377692155,20.72
721,1377692160,20.71
721,1377692165,20.72
721,1377692170,20.71
721,1377692175,20.72
721,1377692180,20.7
721,1377692185,20.71
721,1377692190,20.72
721,1377692195,20.71
721,1377692200,20.71
721,1377692205,20.7
721,1377692210,20.7
721,1377692215,20.71
721,1377692220,20.72
721,1377692225,20.72
721,1377692230,20.72
721,1377692235,20.7
721,1377692240,20.7
721,1377692245,20.7
721,1377692250,20.71
721,1377692255,20.7
721,1377692260,20.71
721,1377692265,20.71
721,1377692270,20.71
721,1377692275,20.7
721,1377692280,20.71
721,1377692285,20.71
721,1377692290,20.71
721,1377692295,20.7
721,1377692300,20.7
721,1377692305,20.7
721,1377692310,20.71
721,1377692315,20.7
721,1377692320,20.7
721,1377692325,20.71
721,1377692330,20.69
721,1377692335,20.7
721,1377692340,20.7
721,1377692345,20.7
721,1377692350,20.71
721,1377692355,20.7
721,1377692360,20.71
721,1377692365,20.71
721,1377692370,20.7
721,1377692375,20.71
721,1377692380,20.7
721,1377692385,20.7
721,1377692390,20.7
721,1377692395,20.7
721,1377692400,20.71
721,1377692405,20.7
721,1377692410,20.71
721,1377692415,20.7
721,1377692420,20.71
721,1377692425,20.71
721,1377692430,20.71
721,1377692435,20.7
721,1377692440,20.71
721,1377692445,20.71
721,1377692450,20.7
721,1377692455,20.71
721,1377692460,20.69
721,1377692465,20.71
721,1377692470,20.7
721,1377692475,20.7
721,1377692480,20.7
721,1377692485,20.71
721,1377692490,20.71
721,1377692495,20.7
721,1377692500,20.71
721,1377692505,20.7
721,1377692510,20.7
721,1377692515,20.71
721,1377692520,20.72
721,1377692525,20.7
721,1377692530,20.71
721,1377692535,20.71
721,1377692540,20.7
721,1377692545,20.7
721,1377692550,20.71
721,1377692555,20.7
721,1377692560,20.7
721,1377692565,20.69
721,1377692570,20.7
721,1377692575,20.7
721,1377692580,20.7
721,1377692585,20.7
721,1377692590,20.7
721,1377692595,20.7
721,1377692600,20.69
721,1377692605,20.7
721,1377692610,20.72
721,1377692615,20.71
721,1377692620,20.7
721,1377692625,20.7
721,1377692630,20.71
721,1377692635,20.7
721,1377692640,20.7
721,1377692645,20.7
721,1377692650,20.71
721,1377692655,20.7
721,1377692660,20.7
721,1377692665,20.7
721,1377692670,20.71
721,1377692675,20.7
721,1377692680,20.7
721,1377692685,20.7
721,1377692690,20.7
721,1377692695,20.7
721,1377692700,20.7
721,1377692705,20.7
721,1377692710,20.71
721,1377692715,20.7
721,1377692720,20.71
721,1377692725,20.7
721,1377692730,20.7
721,1377692735,20.69
721,1377692740,20.7
721,1377692745,20.72
721,1377692750,20.7
721,1377692755,20.7
721,1377692760,20.69
721,1377692765,20.7
721,1377692770,20.7
721,1377692775,20.7
721,1377692780,20.7
721,1377692785,20.71
721,1377692790,20.7
721,1377692795,20.7
721,1377692800,20.69
721,1377692805,20.7
721,1377692810,20.7
721,1377692815,20.7
721,1377692820,20.71
721,1377692825,20.7
721,1377692830,20.71
721,1377692835,20.71
721,1377692840,20.7
721,1377692845,20.7
721,1377692850,20.7
721,1377692855,20.7
721,1377692860,20.7
721,1377692865,20.7
721,1377692870,20.7
721,1377692875,20.7
721,1377692880,20.69
721,1377692885,20.69
721,1377692890,20.7
721,1377692895,20.71
721,1377692900,20.71
721,1377692905,20.71
721,1377692910,20.71
721,1377692915,20.71
721,1377692920,20.72
721,1377692925,20.71
721,1377692930,20.7
721,1377692935,20.71
721,1377692940,20.71
721,1377692945,20.71
721,1377692950,20.71
721,1377692955,20.71
721,1377692960,20.72
721,1377692965,20.72
721,1377692970,20.72
721,1377692975,20.71
721,1377692980,20.72
721,1377692985,20.71
721,1377692990,20.7
721,1377692995,20.71
721,1377693000,20.72
721,1377693005,20.71
721,1377693010,20.71
721,1377693015,20.71
721,1377693020,20.7
721,1377693025,20.7
721,1377693030,20.71
721,1377693035,20.71
721,1377693040,20.72
721,1377693045,20.72
721,1377693050,20.71
721,1377693055,20.72
721,1377693060,20.72
721,1377693065,20.72
721,1377693070,20.71
721,1377693075,20.7
721,1377693080,20.71
721,1377693085,20.72
721,1377693090,20.73
721,1377693095,20.72
721,1377693100,20.72
721,1377693105,20.72
721,1377693110,20.72
721,1377693115,20.72
721,1377693120,20.71
721,1377693125,20.71
721,1377693130,20.71
721,1377693135,20.72
721,1377693140,20.73
721,1377693145,20.71
721,1377693150,20.71
721,1377693155,20.7
721,1377693160,20.72
721,1377693165,20.72
721,1377693170,20.71
721,1377693175,20.72
721,1377693180,20.72
721,1377693185,20.71
721,1377693190,20.71
721,1377693195,20.71
721,1377693200,20.72
721,1377693205,20.71
721,1377693210,20.72
721,1377693215,20.71
721,1377693220,20.7
721,1377693225,20.72
721,1377693230,20.72
721,1377693235,20.72
721,1377693240,20.72
721,1377693245,20.72
721,1377693250,20.71
721,1377693255,20.72
721,1377693260,20.72
721,1377693265,20.72
721,1377693270,20.7
721,1377693275,20.72
721,1377693280,20.71
721,1377693285,20.72
721,1377693290,20.72
721,1377693295,20.71
721,1377693300,20.72
721,1377693305,20.72
721,1377693310,20.71
721,1377693315,20.72
721,1377693320,20.72
721,1377693325,20.72
721,1377693330,20.72
721,1377693335,20.71
721,1377693340,20.72
721,1377693345,20.72
721,1377693350,20.72
721,1377693355,20.72
721,1377693360,20.71
721,1377693365,20.72
721,1377693370,20.72
721,1377693375,20.71
721,1377693380,20.72
721,1377693385,20.71
721,1377693390,20.72
721,1377693395,20.73
721,1377693400,20.73
721,1377693405,20.72
721,1377693410,20.72
721,1377693415,20.72
721,1377693420,20.72
721,1377693425,20.72
721,1377693430,20.72
721,1377693435,20.72
721,1377693440,20.72
721,1377693445,20.72
721,1377693450,20.73
721,1377693455,20.72
721,1377693460,20.72
721,1377693465,20.73
721,1377693470,20.74
721,1377693475,20.72
721,1377693480,20.72
721,1377693485,20.73
721,1377693490,20.73
721,1377693495,20.73
721,1377693500,20.72
721,1377693505,20.73
721,1377693510,20.74
721,1377693515,20.73
721,1377693520,20.73
721,1377693525,20.73
721,1377693530,20.72
721,1377693535,20.72
721,1377693540,20.74
721,1377693545,20.73
721,1377693550,20.74
721,1377693555,20.74
721,1377693560,20.73
721,1377693565,20.74
721,1377693570,20.73
721,1377693575,20.74
721,1377693580,20.73
721,1377693585,20.74
721,1377693590,20.74
721,1377693595,20.75
721,1377693600,20.75
721,1377693605,20.74
721,1377693610,20.73
721,1377693615,20.74
721,1377693620,20.74
721,1377693625,20.74
721,1377693630,20.73
721,1377693635,20.74
721,1377693640,20.74
721,1377693645,20.73
721,1377693650,20.74
721,1377693655,20.73
721,1377693660,20.73
721,1377693665,20.75
721,1377693670,20.73
721,1377693675,20.73
721,1377693680,20.74
721,1377693685,20.74
721,1377693690,20.73
721,1377693695,20.75
721,1377693700,20.74
721,1377693705,20.74
721,1377693710,20.75
721,1377693715,20.75
721,1377693720,20.74
721,1377693725,20.74
721,1377693730,20.74
721,1377693735,20.74
721,1377693740,20.74
721,1377693745,20.73
721,1377693750,20.75
721,1377693755,20.74
721,1377693760,20.73
721,1377693765,20.74
721,1377693770,20.75
721,1377693775,20.75
721,1377693780,20.74
721,1377693785,20.72
721,1377693790,20.74
721,1377693795,20.74
721,1377693800,20.73
721,1377693805,20.73
721,1377693810,20.74
721,1377693815,20.74
721,1377693820,20.74
721,1377693825,20.74
721,1377693830,20.74
721,1377693835,20.74
721,1377693840,20.74
721,1377693845,20.73
721,1377693850,20.74
721,1377693855,20.73
721,1377693860,20.74
721,1377693865,20.74
721,1377693870,20.74
721,1377693875,20.74
721,1377693880,20.73
721,1377693885,20.74
721,1377693890,20.74
721,1377693895,20.74
721,1377693900,20.72
721,1377693905,20.74
721,1377693910,20.74
721,1377693915,20.74
721,1377693920,20.74
721,1377693925,20.74
721,1377693930,20.74
721,1377693935,20.74
721,1377693940,20.74
721,1377693945,20.74
721,1377693950,20.74
721,1377693955,20.74
721,1377693960,20.75
721,1377693965,20.74
721,1377693970,20.74
721,1377693975,20.73
721,1377693980,20.72
721,1377693985,20.74
721,1377693990,20.74
721,1377693995,20.73
721,1377694000,20.74
721,1377694005,20.74
721,1377694010,20.72
721,1377694015,20.74
721,1377694020,20.74
721,1377694025,20.74
721,1377694030,20.74
721,1377694035,20.73
721,1377694040,20.74
721,1377694045,20.74
721,1377694050,20.74
721,1377694055,20.74
721,1377694060,20.74
721,1377694065,20.75
721,1377694070,20.74
721,1377694075,20.74
721,1377694080,20.74
721,1377694085,20.74
721,1377694090,20.74
721,1377694095,20.74
721,1377694100,20.75
721,1377694105,20.75
721,1377694110,20.75
721,1377694115,20.75
721,1377694120,20.75
721,1377694125,20.74
721,1377694130,20.73
721,1377694135,20.74
721,1377694140,20.75
721,1377694145,20.75
721,1377694150,20.74
721,1377694155,20.74
721,1377694160,20.74
721,1377694165,20.75
721,1377694170,20.74
721,1377694175,20.74
721,1377694180,20.74
721,1377694185,20.74
721,1377694190,20.74
721,1377694195,20.74
721,1377694200,20.75
721,1377694205,20.74
721,1377694210,20.74
721,1377694215,20.74
721,1377694220,20.73
721,1377694225,20.74
721,1377694230,20.74
721,1377694235,20.73
721,1377694240,20.74
721,1377694245,20.74
721,1377694250,20.74
721,1377694255,20.73
721,1377694260,20.74
721,1377694265,20.74
721,1377694270,20.74
721,1377694275,20.74
721,1377694280,20.73
721,1377694285,20.73
721,1377694290,20.74
721,1377694295,20.73
721,1377694300,20.75
721,1377694305,20.72
721,1377694310,20.74
721,1377694315,20.74
721,1377694320,20.74
721,1377694325,20.74
721,1377694330,20.74
721,1377694335,20.74
721,1377694340,20.74
721,1377694345,20.74
721,1377694350,20.73
721,1377694355,20.74
721,1377694360,20.74
721,1377694365,20.74
721,1377694370,20.74
721,1377694375,20.74
721,1377694380,20.73
721,1377694385,20.74
721,1377694390,20.74
721,1377694395,20.74
721,1377694400,20.73
721,1377694405,20.76
721,1377694410,20.73
721,1377694415,20.73
721,1377694420,20.72
721,1377694425,20.73
721,1377694430,20.73
721,1377694435,20.74
721,1377694440,20.74
721,1377694445,20.73
721,1377694450,20.73
721,1377694455,20.73
721,1377694460,20.72
721,1377694465,20.74
721,1377694470,20.73
721,1377694475,20.73
721,1377694480,20.72
721,1377694485,20.74
721,1377694490,20.72
721,1377694495,20.73
721,1377694500,20.72
721,1377694505,20.73
721,1377694510,20.73
721,1377694515,20.72
721,1377694520,20.74
721,1377694525,20.73
721,1377694530,20.73
721,1377694535,20.73
721,1377694540,20.73
721,1377694545,20.74
721,1377694550,20.73
721,1377694555,20.73
721,1377694560,20.73
721,1377694565,20.71
721,1377694570,20.72
721,1377694575,20.73
721,1377694580,20.73
721,1377694585,20.72
721,1377694590,20.71
721,1377694595,20.72
721,1377694600,20.72
721,1377694605,20.72
721,1377694610,20.73
721,1377694615,20.73
721,1377694620,20.72
721,1377694625,20.72
721,1377694630,20.73
721,1377694635,20.72
721,1377694640,20.72
721,1377694645,20.72
721,1377694650,20.72
721,1377694655,20.72
721,1377694660,20.73
721,1377694665,20.73
721,1377694670,20.72
721,1377694675,20.71
721,1377694680,20.72
721,1377694685,20.72
721,1377694690,20.72
721,1377694695,20.73
721,1377694700,20.72
721,1377694705,20.72
721,1377694710,20.72
721,1377694715,20.73
721,1377694720,20.72
721,1377694725,20.72
721,1377694730,20.72
721,1377694735,20.72
721,1377694740,20.72
721,1377694745,20.72
721,1377694750,20.71
721,1377694755,20.72
721,1377694760,20.72
721,1377694765,20.72
721,1377694770,20.71
721,1377694775,20.7
721,1377694780,20.72
721,1377694785,20.72
721,1377694790,20.7
721,1377694795,20.72
721,1377694800,20.7
721,1377694805,20.71
721,1377694810,20.72
721,1377694815,20.72
721,1377694820,20.71
721,1377694825,20.7
721,1377694830,20.71
721,1377694835,20.7
721,1377694840,20.7
721,1377694845,20.72
721,1377694850,20.72
721,1377694855,20.71
721,1377694860,20.72
721,1377694865,20.72
721,1377694870,20.72
721,1377694875,20.72
721,1377694880,20.72
721,1377694885,20.72
721,1377694890,20.72
721,1377694895,20.7
721,1377694900,20.7
721,1377694905,20.72
721,1377694910,20.72
721,1377694915,20.71
721,1377694920,20.72
721,1377694925,20.7
721,1377694930,20.72
721,1377694935,20.71
721,1377694940,20.72
721,1377694945,20.72
721,1377694950,20.7
721,1377694955,20.7
721,1377694960,20.71
721,1377694965,20.71
721,1377694970,20.7
721,1377694975,20.7
721,1377694980,20.71
721,1377694985,20.7
721,1377694990,20.71
721,1377694995,20.7
721,1377695000,20.7
721,1377695005,20.71
721,1377695010,20.7
721,1377695015,20.69
721,1377695020,20.69
721,1377695025,20.71
721,1377695030,20.72
721,1377695035,20.7
721,1377695040,20.7
721,1377695045,20.71
721,1377695050,20.7
721,1377695055,20.7
721,1377695060,20.7
721,1377695065,20.71
721,1377695070,20.7
721,1377695075,20.7
721,1377695080,20.7
721,1377695085,20.7
721,1377695090,20.7
721,1377695095,20.71
721,1377695100,20.7
721,1377695105,20.72
721,1377695110,20.71
721,1377695115,20.7
721,1377695120,20.7
721,1377695125,20.7
721,1377695130,20.71
721,1377695135,20.7
721,1377695140,20.7
721,1377695145,20.7
721,1377695150,20.7
721,1377695155,20.71
721,1377695160,20.7
721,1377695165,20.7
721,1377695170,20.7
721,1377695175,20.7
721,1377695180,20.7
721,1377695185,20.7
721,1377695190,20.7
721,1377695195,20.7
721,1377695200,20.7
721,1377695205,20.7
721,1377695210,20.7
721,1377695215,20.7
721,1377695220,20.7
721,1377695225,20.7
721,1377695230,20.7
721,1377695235,20.7
721,1377695240,20.69
721,1377695245,20.72
721,1377695250,20.7
721,1377695255,20.7
721,1377695260,20.7
721,1377695265,20.7
721,1377695270,20.7
721,1377695275,20.69
721,1377695280,20.69
721,1377695285,20.69
721,1377695290,20.69
721,1377695295,20.7
721,1377695300,20.7
721,1377695305,20.69
721,1377695310,20.7
721,1377695315,20.7
721,1377695320,20.69
721,1377695325,20.7
721,1377695330,20.69
721,1377695335,20.69
721,1377695340,20.7
721,1377695345,20.7
721,1377695350,20.7
721,1377695355,20.7
721,1377695360,20.7
721,1377695365,20.7
721,1377695370,20.7
721,1377695375,20.7
721,1377695380,20.7
721,1377695385,20.7
721,1377695390,20.7
721,1377695395,20.7
721,1377695400,20.71
721,1377695405,20.69
721,1377695410,20.71
721,1377695415,20.71
721,1377695420,20.7
721,1377695425,20.69
721,1377695430,20.7
721,1377695435,20.7
721,1377695440,20.7
721,1377695445,20.7
721,1377695450,20.7
721,1377695455,20.7
721,1377695460,20.7
721,1377695465,20.7
721,1377695470,20.7
721,1377695475,20.7
721,1377695480,20.71
721,1377695485,20.7
721,1377695490,20.7
721,1377695495,20.7
721,1377695500,20.68
721,1377695505,20.68
721,1377695510,20.69
721,1377695515,20.7
721,1377695520,20.7
721,1377695525,20.69
721,1377695530,20.7
721,1377695535,20.7
721,1377695540,20.69
721,1377695545,20.71
721,1377695550,20.7
721,1377695555,20.7
721,1377695560,20.69
721,1377695565,20.7
721,1377695570,20.7
721,1377695575,20.7
721,1377695580,20.69
721,1377695585,20.69
721,1377695590,20.7
721,1377695595,20.7
721,1377695600,20.69
721,1377695605,20.69
721,1377695610,20.68
721,1377695615,20.69
721,1377695620,20.69
721,1377695625,20.69
721,1377695630,20.7
721,1377695635,20.69
721,1377695640,20.68
721,1377695645,20.69
721,1377695650,20.7
721,1377695655,20.69
721,1377695660,20.7
721,1377695665,20.69
721,1377695670,20.68
721,1377695675,20.69
721,1377695680,20.68
721,1377695685,20.69
721,1377695690,20.69
721,1377695695,20.69
721,1377695700,20.7
721,1377695705,20.69
721,1377695710,20.69
721,1377695715,20.7
721,1377695720,20.69
721,1377695725,20.68
721,1377695730,20.69
721,1377695735,20.69
721,1377695740,20.7
721,1377695745,20.69
721,1377695750,20.7
721,1377695755,20.7
721,1377695760,20.68
721,1377695765,20.69
721,1377695770,20.69
721,1377695775,20.69
721,1377695780,20.69
721,1377695785,20.69
721,1377695790,20.69
721,1377695795,20.68
721,1377695800,20.69
721,1377695805,20.68
721,1377695810,20.69
721,1377695815,20.68
721,1377695820,20.7
721,1377695825,20.69
721,1377695830,20.69
721,1377695835,20.68
721,1377695840,20.69
721,1377695845,20.7
721,1377695850,20.7
721,1377695855,20.7
721,1377695860,20.7
721,1377695865,20.7
721,1377695870,20.7
721,1377695875,20.69
721,1377695880,20.7
721,1377695885,20.69
721,1377695890,20.7
721,1377695895,20.69
721,1377695900,20.69
721,1377695905,20.69
721,1377695910,20.68
721,1377695915,20.7
721,1377695920,20.7
721,1377695925,20.7
721,1377695930,20.68
721,1377695935,20.69
721,1377695940,20.68
721,1377695945,20.69
721,1377695950,20.7
721,1377695955,20.69
721,1377695960,20.69
721,1377695965,20.69
721,1377695970,20.68
721,1377695975,20.7
721,1377695980,20.69
721,1377695985,20.69
721,1377695990,20.69
721,1377695995,20.69
721,1377696000,20.68
721,1377696005,20.69
721,1377696010,20.69
721,1377696015,20.69
721,1377696020,20.69
721,1377696025,20.69
721,1377696030,20.69
721,1377696035,20.69
721,1377696040,20.7
721,1377696045,20.68
721,1377696050,20.7
721,1377696055,20.68
721,1377696060,20.69
721,1377696065,20.69
721,1377696070,20.68
721,1377696075,20.69
721,1377696080,20.68
721,1377696085,20.68
721,1377696090,20.69
721,1377696095,20.69
721,1377696100,20.68
721,1377696105,20.66
721,1377696110,20.68
721,1377696115,20.68
721,1377696120,20.69
721,1377696125,20.7
721,1377696130,20.69
721,1377696135,20.68
721,1377696140,20.68
721,1377696145,20.69
721,1377696150,20.68
721,1377696155,20.68
721,1377696160,20.68
721,1377696165,20.69
721,1377696170,20.69
721,1377696175,20.67
721,1377696180,20.69
721,1377696185,20.68
721,1377696190,20.68
721,1377696195,20.68
721,1377696200,20.68
721,1377696205,20.68
721,1377696210,20.68
721,1377696215,20.68
721,1377696220,20.69
721,1377696225,20.69
721,1377696230,20.69
721,1377696235,20.69
721,1377696240,20.68
721,1377696245,20.69
721,1377696250,20.7
721,1377696255,20.7
721,1377696260,20.7
721,1377696265,20.69
721,1377696270,20.69
721,1377696275,20.71
721,1377696280,20.69
721,1377696285,20.7
721,1377696290,20.7
721,1377696295,20.69
721,1377696300,20.69
721,1377696305,20.69
721,1377696311,20.69
721,1377696315,20.68
721,1377696320,20.69
721,1377696325,20.68
721,1377696330,20.68
721,1377696335,20.68
721,1377696340,20.69
721,1377696345,20.69
721,1377696350,20.68
721,1377696355,20.69
721,1377696360,20.68
721,1377696365,20.69
721,1377696370,20.69
721,1377696375,20.68
721,1377696380,20.7
721,1377696385,20.69
721,1377696390,20.69
721,1377696395,20.68
721,1377696400,20.68
721,1377696405,20.68
721,1377696410,20.68
721,1377696415,20.68
721,1377696420,20.68
721,1377696425,20.67
721,1377696430,20.68
721,1377696435,20.68
721,1377696440,20.68
721,1377696445,20.69
721,1377696450,20.68
721,1377696455,20.69
721,1377696460,20.68
721,1377696465,20.68
721,1377696470,20.68
721,1377696475,20.68
721,1377696480,20.69
721,1377696485,20.68
721,1377696490,20.69
721,1377696495,20.68
721,1377696500,20.69
721,1377696505,20.69
721,1377696510,20.67
721,1377696515,20.68
721,1377696520,20.68
721,1377696525,20.68
721,1377696530,20.69
721,1377696535,20.7
721,1377696540,20.69
721,1377696545,20.7
721,1377696550,20.7
721,1377696555,20.69
721,1377696560,20.69
721,1377696565,20.7
721,1377696570,20.68
721,1377696575,20.69
721,1377696580,20.69
721,1377696585,20.68
721,1377696590,20.69
721,1377696595,20.68
721,1377696600,20.68
721,1377696605,20.68
721,1377696610,20.69
721,1377696615,20.68
721,1377696620,20.68
721,1377696625,20.69
721,1377696630,20.68
721,1377696635,20.69
721,1377696640,20.68
721,1377696645,20.67
721,1377696650,20.67
721,1377696655,20.67
721,1377696660,20.67
721,1377696665,20.67
721,1377696670,20.67
721,1377696675,20.68
721,1377696680,20.68
721,1377696685,20.68
721,1377696690,20.68
721,1377696695,20.68
721,1377696700,20.68
721,1377696705,20.67
721,1377696710,20.68
721,1377696715,20.67
721,1377696720,20.68
721,1377696725,20.68
721,1377696730,20.68
721,1377696735,20.68
721,1377696740,20.68
721,1377696745,20.67
721,1377696750,20.68
721,1377696755,20.68
721,1377696760,20.68
721,1377696765,20.68
721,1377696770,20.66
721,1377696775,20.67
721,1377696780,20.67
721,1377696785,20.67
721,1377696790,20.68
721,1377696795,20.67
721,1377696800,20.68
721,1377696805,20.66
721,1377696810,20.68
721,1377696815,20.67
721,1377696820,20.67
721,1377696825,20.69
721,1377696830,20.67
721,1377696835,20.67
721,1377696840,20.67
721,1377696845,20.68
721,1377696850,20.68
721,1377696855,20.67
721,1377696860,20.67
721,1377696865,20.67
721,1377696870,20.66
721,1377696875,20.68
721,1377696880,20.68
721,1377696885,20.66
721,1377696890,20.66
721,1377696895,20.66
721,1377696900,20.67
721,1377696905,20.67
721,1377696910,20.67
721,1377696915,20.66
721,1377696920,20.68
721,1377696925,20.68
721,1377696930,20.67
721,1377696935,20.68
721,1377696940,20.66
721,1377696945,20.67
721,1377696950,20.66
721,1377696955,20.68
721,1377696960,20.66
721,1377696965,20.67
721,1377696970,20.65
721,1377696975,20.67
721,1377696980,20.66
721,1377696985,20.68
721,1377696990,20.66
721,1377696995,20.67
721,1377697000,20.67
721,1377697005,20.66
721,1377697010,20.68
721,1377697015,20.68
721,1377697020,20.66
721,1377697025,20.66
721,1377697030,20.67
721,1377697035,20.66
721,1377697040,20.66
721,1377697045,20.66
721,1377697050,20.67
721,1377697055,20.67
721,1377697060,20.66
721,1377697065,20.66
721,1377697070,20.66
721,1377697075,20.67
721,1377697080,20.66
721,1377697085,20.66
721,1377697090,20.66
721,1377697095,20.67
721,1377697100,20.66
721,1377697105,20.68
721,1377697110,20.66
721,1377697115,20.68
721,1377697120,20.67
721,1377697125,20.67
721,1377697130,20.66
721,1377697135,20.66
721,1377697140,20.65
721,1377697145,20.67
721,1377697150,20.66
721,1377697155,20.68
721,1377697160,20.66
721,1377697165,20.66
721,1377697170,20.67
721,1377697175,20.66
721,1377697180,20.66
721,1377697185,20.66
721,1377697190,20.66
721,1377697195,20.66
721,1377697200,20.66
721,1377697205,20.66
721,1377697210,20.66
721,1377697215,20.66
721,1377697220,20.65
721,1377697225,20.65
721,1377697230,20.66
721,1377697235,20.66
721,1377697240,20.66
721,1377697245,20.66
721,1377697250,20.66
721,1377697255,20.66
721,1377697260,20.65
721,1377697265,20.66
721,1377697270,20.66
721,1377697275,20.66
721,1377697280,20.66
721,1377697285,20.67
721,1377697290,20.65
721,1377697295,20.66
721,1377697300,20.66
721,1377697305,20.66
721,1377697310,20.67
721,1377697315,20.66
721,1377697320,20.66
721,1377697325,20.67
721,1377697330,20.66
721,1377697335,20.66
721,1377697340,20.66
721,1377697345,20.66
721,1377697350,20.66
721,1377697355,20.66
721,1377697360,20.66
721,1377697365,20.66
721,1377697370,20.65
721,1377697375,20.66
721,1377697380,20.65
721,1377697385,20.66
721,1377697390,20.65
721,1377697395,20.66
721,1377697400,20.66
721,1377697405,20.66
721,1377697410,20.65
721,1377697415,20.66
721,1377697420,20.66
721,1377697425,20.66
721,1377697430,20.66
721,1377697435,20.66
721,1377697440,20.64
721,1377697445,20.66
721,1377697450,20.66
721,1377697455,20.66
721,1377697460,20.66
721,1377697465,20.65
721,1377697470,20.65
721,1377697475,20.66
721,1377697480,20.66
721,1377697485,20.66
721,1377697490,20.66
721,1377697495,20.65
721,1377697500,20.67
721,1377697505,20.66
721,1377697510,20.66
721,1377697515,20.66
721,1377697520,20.66
721,1377697525,20.66
721,1377697530,20.65
721,1377697535,20.65
721,1377697540,20.66
721,1377697545,20.66
721,1377697550,20.66
721,1377697555,20.66
721,1377697560,20.66
721,1377697565,20.66
721,1377697570,20.66
721,1377697575,20.65
721,1377697580,20.66
721,1377697585,20.66
721,1377697590,20.66
721,1377697595,20.66
721,1377697600,20.66
721,1377697605,20.65
721,1377697610,20.66
721,1377697615,20.66
721,1377697620,20.66
721,1377697625,20.65
721,1377697630,20.66
721,1377697635,20.66
721,1377697640,20.66
721,1377697645,20.66
721,1377697650,20.66
721,1377697655,20.66
721,1377697660,20.66
721,1377697665,20.66
721,1377697670,20.67
721,1377697675,20.66
721,1377697680,20.66
721,1377697685,20.66
721,1377697690,20.67
721,1377697695,20.66
721,1377697700,20.66
721,1377697705,20.66
721,1377697710,20.66
721,1377697715,20.66
721,1377697720,20.66
721,1377697725,20.66
721,1377697730,20.66
721,1377697735,20.66
721,1377697740,20.66
721,1377697745,20.66
721,1377697750,20.66
721,1377697755,20.66
721,1377697760,20.66
721,1377697765,20.66
721,1377697770,20.66
721,1377697775,20.66
721,1377697780,20.65
721,1377697785,20.67
721,1377697790,20.66
721,1377697795,20.66
721,1377697800,20.65
721,1377697805,20.66
721,1377697810,20.66
721,1377697815,20.66
721,1377697820,20.66
721,1377697825,20.68
721,1377697830,20.67
721,1377697835,20.66
721,1377697840,20.66
721,1377697845,20.66
721,1377697850,20.66
721,1377697855,20.66
721,1377697860,20.66
721,1377697865,20.66
721,1377697870,20.66
721,1377697875,20.65
721,1377697880,20.66
721,1377697885,20.65
721,1377697890,20.67
721,1377697895,20.66
721,1377697900,20.66
721,1377697905,20.65
721,1377697910,20.66
721,1377697915,20.65
721,1377697920,20.66
721,1377697925,20.65
721,1377697930,20.66
721,1377697935,20.66
721,1377697940,20.65
721,1377697945,20.66
721,1377697950,20.66
721,1377697955,20.66
721,1377697960,20.66
721,1377697965,20.66
721,1377697970,20.66
721,1377697975,20.66
721,1377697980,20.66
721,1377697985,20.66
721,1377697990,20.66
721,1377697995,20.67
721,1377698000,20.65
721,1377698005,20.65
721,1377698010,20.66
721,1377698015,20.65
721,1377698020,20.65
721,1377698025,20.64
721,1377698030,20.65
721,1377698035,20.66
721,1377698040,20.66
721,1377698045,20.66
721,1377698050,20.66
721,1377698055,20.66
721,1377698060,20.65
721,1377698065,20.66
721,1377698070,20.66
721,1377698075,20.66
721,1377698080,20.66
721,1377698085,20.65
721,1377698090,20.66
721,1377698095,20.65
721,1377698100,20.66
721,1377698105,20.66
721,1377698110,20.66
721,1377698115,20.67
721,1377698120,20.66
721,1377698125,20.66
721,1377698130,20.65
721,1377698135,20.66
721,1377698140,20.66
721,1377698145,20.66
721,1377698150,20.67
721,1377698155,20.67
721,1377698160,20.66
721,1377698165,20.65
721,1377698170,20.67
721,1377698175,20.66
721,1377698180,20.66
721,1377698185,20.66
721,1377698190,20.65
721,1377698195,20.66
721,1377698200,20.67
721,1377698205,20.66
721,1377698210,20.66
721,1377698215,20.67
721,1377698220,20.67
721,1377698225,20.67
721,1377698230,20.66
721,1377698235,20.67
721,1377698240,20.66
721,1377698245,20.66
721,1377698250,20.66
721,1377698255,20.65
721,1377698260,20.65
721,1377698265,20.66
721,1377698270,20.66
721,1377698275,20.66
721,1377698280,20.66
721,1377698285,20.66
721,1377698290,20.66
721,1377698295,20.66
721,1377698300,20.66
721,1377698305,20.66
721,1377698310,20.66
721,1377698315,20.66
721,1377698320,20.66
721,1377698325,20.65
721,1377698330,20.66
721,1377698335,20.66
721,1377698340,20.65
721,1377698345,20.66
721,1377698350,20.67
721,1377698355,20.66
721,1377698360,20.66
721,1377698365,20.65
721,1377698370,20.66
721,1377698375,20.65
721,1377698380,20.66
721,1377698385,20.66
721,1377698390,20.66
721,1377698395,20.68
721,1377698400,20.66
721,1377698405,20.67
721,1377698410,20.66
721,1377698415,20.66
721,1377698420,20.66
721,1377698425,20.66
721,1377698430,20.68
721,1377698435,20.66
721,1377698440,20.66
721,1377698445,20.66
721,1377698450,20.66
721,1377698455,20.67
721,1377698462,20.67
721,1377698465,20.66
721,1377698470,20.66
721,1377698475,20.66
721,1377698480,20.66
721,1377698485,20.66
721,1377698490,20.66
721,1377698495,20.66
721,1377698500,20.67
721,1377698505,20.66
721,1377698510,20.66
721,1377698515,20.66
721,1377698520,20.67
721,1377698525,20.66
721,1377698530,20.66
721,1377698535,20.66
721,1377698540,20.67
721,1377698545,20.68
721,1377698550,20.66
721,1377698555,20.66
721,1377698560,20.67
721,1377698565,20.66
721,1377698570,20.66
721,1377698575,20.66
721,1377698580,20.66
721,1377698585,20.66
721,1377698590,20.66
721,1377698595,20.66
721,1377698600,20.66
721,1377698605,20.67
721,1377698610,20.66
721,1377698615,20.66
721,1377698620,20.66
721,1377698625,20.66
721,1377698630,20.66
721,1377698635,20.66
721,1377698640,20.65
721,1377698645,20.67
721,1377698650,20.65
721,1377698655,20.66
721,1377698660,20.66
721,1377698665,20.67
721,1377698670,20.67
721,1377698675,20.66
721,1377698680,20.66
721,1377698685,20.66
721,1377698690,20.66
721,1377698695,20.66
721,1377698700,20.66
721,1377698705,20.65
721,1377698710,20.66
721,1377698715,20.66
721,1377698720,20.66
721,1377698725,20.65
721,1377698730,20.66
721,1377698735,20.66
721,1377698740,20.67
721,1377698745,20.66
721,1377698750,20.67
721,1377698755,20.66
721,1377698760,20.66
721,1377698765,20.65
721,1377698770,20.66
721,1377698775,20.66
721,1377698780,20.65
721,1377698785,20.66
721,1377698790,20.65
721,1377698795,20.66
721,1377698800,20.66
721,1377698805,20.67
721,1377698810,20.66
721,1377698815,20.66
721,1377698820,20.66
721,1377698825,20.66
721,1377698830,20.66
721,1377698835,20.66
721,1377698840,20.66
721,1377698845,20.66
721,1377698850,20.66
721,1377698855,20.66
721,1377698860,20.66
721,1377698865,20.66
721,1377698870,20.67
721,1377698875,20.66
721,1377698880,20.67
721,1377698885,20.68
721,1377698890,20.66
721,1377698895,20.66
721,1377698900,20.67
721,1377698905,20.66
721,1377698910,20.66
721,1377698915,20.66
721,1377698920,20.67
721,1377698925,20.68
721,1377698930,20.67
721,1377698935,20.66
721,1377698940,20.67
721,1377698945,20.66
721,1377698950,20.66
721,1377698955,20.66
721,1377698960,20.67
721,1377698965,20.66
721,1377698970,20.66
721,1377698975,20.67
721,1377698980,20.67
721,1377698985,20.67
721,1377698990,20.66
721,1377698995,20.66
721,1377699000,20.66
721,1377699005,20.66
721,1377699010,20.66
721,1377699015,20.66
721,1377699020,20.66
721,1377699025,20.65
721,1377699030,20.67
721,1377699035,20.66
721,1377699040,20.66
721,1377699045,20.66
721,1377699050,20.67
721,1377699055,20.66
721,1377699060,20.66
721,1377699065,20.66
721,1377699070,20.67
721,1377699075,20.66
721,1377699080,20.67
721,1377699085,20.66
721,1377699090,20.66
721,1377699095,20.66
721,1377699100,20.67
721,1377699105,20.66
721,1377699110,20.67
721,1377699115,20.66
721,1377699120,20.66
721,1377699125,20.67
721,1377699130,20.67
721,1377699135,20.66
721,1377699140,20.66
721,1377699145,20.66
721,1377699150,20.66
721,1377699155,20.66
721,1377699160,20.66
721,1377699165,20.67
721,1377699170,20.67
721,1377699175,20.67
721,1377699180,20.66
721,1377699185,20.68
721,1377699190,20.67
721,1377699195,20.67
721,1377699200,20.67
721,1377699205,20.67
721,1377699210,20.68
721,1377699215,20.67
721,1377699220,20.66
721,1377699225,20.66
721,1377699230,20.66
721,1377699235,20.67
721,1377699240,20.67
721,1377699245,20.66
721,1377699250,20.66
721,1377699255,20.67
721,1377699260,20.67
721,1377699265,20.66
721,1377699270,20.66
721,1377699275,20.66
721,1377699280,20.67
721,1377699285,20.66
721,1377699290,20.66
721,1377699295,20.66
721,1377699300,20.67
721,1377699305,20.65
721,1377699310,20.65
721,1377699315,20.66
721,1377699320,20.67
721,1377699325,20.66
721,1377699330,20.67
721,1377699335,20.66
721,1377699340,20.66
721,1377699345,20.66
721,1377699350,20.67
721,1377699356,20.66
721,1377699360,20.68
721,1377699365,20.67
721,1377699370,20.67
721,1377699375,20.66
721,1377699380,20.66
721,1377699385,20.66
721,1377699390,20.66
721,1377699395,20.66
721,1377699400,20.66
721,1377699405,20.66
721,1377699410,20.66
721,1377699415,20.66
721,1377699420,20.66
721,1377699425,20.66
721,1377699430,20.66
721,1377699435,20.66
721,1377699440,20.66
721,1377699445,20.65
721,1377699450,20.66
721,1377699455,20.66
721,1377699460,20.66
721,1377699465,20.66
721,1377699470,20.66
721,1377699475,20.66
721,1377699480,20.66
721,1377699485,20.66
721,1377699490,20.65
721,1377699495,20.66
721,1377699500,20.66
721,1377699505,20.66
721,1377699510,20.66
721,1377699515,20.66
721,1377699520,20.67
721,1377699525,20.65
721,1377699530,20.67
721,1377699535,20.66
721,1377699540,20.66
721,1377699545,20.66
721,1377699550,20.66
721,1377699555,20.66
721,1377699560,20.66
721,1377699565,20.66
721,1377699570,20.66
721,1377699575,20.66
721,1377699580,20.66
721,1377699585,20.66
721,1377699590,20.66
721,1377699595,20.66
721,1377699600,20.66
721,1377699605,20.66
721,1377699610,20.66
721,1377699615,20.66
721,1377699620,20.66
721,1377699625,20.66
721,1377699630,20.66
721,1377699635,20.66
721,1377699640,20.65
721,1377699645,20.67
721,1377699650,20.66
721,1377699655,20.65
721,1377699660,20.67
721,1377699665,20.67
721,1377699670,20.66
721,1377699675,20.68
721,1377699680,20.66
721,1377699685,20.67
721,1377699690,20.66
721,1377699695,20.67
721,1377699700,20.68
721,1377699705,20.67
721,1377699710,20.66
721,1377699715,20.66
721,1377699720,20.67
721,1377699725,20.67
721,1377699730,20.66
721,1377699735,20.68
721,1377699740,20.66
721,1377699745,20.66
721,1377699750,20.66
721,1377699755,20.68
721,1377699760,20.68
721,1377699765,20.67
721,1377699770,20.67
721,1377699775,20.67
721,1377699780,20.67
721,1377699785,20.67
721,1377699790,20.67
721,1377699795,20.68
721,1377699800,20.67
721,1377699805,20.68
721,1377699810,20.67
721,1377699815,20.67
721,1377699820,20.67
721,1377699825,20.67
721,1377699830,20.67
721,1377699835,20.66
721,1377699840,20.67
721,1377699845,20.66
721,1377699850,20.66
721,1377699855,20.67
721,1377699860,20.68
721,1377699865,20.66
721,1377699870,20.67
721,1377699875,20.67
721,1377699880,20.67
721,1377699885,20.66
721,1377699890,20.66
721,1377699895,20.68
721,1377699900,20.68
721,1377699905,20.67
721,1377699910,20.67
721,1377699915,20.67
721,1377699920,20.67
721,1377699925,20.67
721,1377699930,20.66
721,1377699935,20.67
721,1377699940,20.66
721,1377699945,20.66
721,1377699950,20.66
721,1377699955,20.66
721,1377699960,20.66
721,1377699965,20.67
721,1377699970,20.66
721,1377699975,20.67
721,1377699980,20.64
721,1377699985,20.67
721,1377699990,20.66
721,1377699995,20.66
721,1377700000,20.66
721,1377700005,20.66
721,1377700010,20.67
721,1377700015,20.67
721,1377700020,20.67
721,1377700025,20.66
721,1377700030,20.66
721,1377700035,20.67
721,1377700040,20.66
721,1377700045,20.66
721,1377700050,20.66
721,1377700055,20.66
721,1377700060,20.66
721,1377700065,20.67
721,1377700070,20.67
721,1377700075,20.65
721,1377700080,20.67
721,1377700085,20.66
721,1377700090,20.65
721,1377700095,20.66
721,1377700100,20.65
721,1377700105,20.66
721,1377700110,20.66
721,1377700115,20.67
721,1377700120,20.66
721,1377700125,20.67
721,1377700130,20.66
721,1377700135,20.66
721,1377700140,20.65
721,1377700145,20.65
721,1377700150,20.66
721,1377700155,20.66
721,1377700160,20.66
721,1377700165,20.65
721,1377700170,20.65
721,1377700175,20.65
721,1377700180,20.66
721,1377700185,20.66
721,1377700190,20.66
721,1377700195,20.64
721,1377700200,20.65
721,1377700205,20.68
721,1377700210,20.65
721,1377700215,20.66
721,1377700220,20.66
721,1377700225,20.66
721,1377700230,20.68
721,1377700235,20.67
721,1377700240,20.65
721,1377700245,20.66
721,1377700250,20.66
721,1377700255,20.66
721,1377700260,20.66
721,1377700265,20.66
721,1377700270,20.65
721,1377700275,20.65
721,1377700280,20.67
721,1377700285,20.65
721,1377700290,20.65
721,1377700295,20.65
721,1377700300,20.66
721,1377700305,20.66
721,1377700310,20.67
721,1377700315,20.66
721,1377700320,20.67
721,1377700325,20.66
721,1377700330,20.66
721,1377700335,20.66
721,1377700340,20.65
721,1377700345,20.65
721,1377700350,20.66
721,1377700355,20.67
721,1377700360,20.66
721,1377700365,20.66
721,1377700370,20.67
721,1377700375,20.67
721,1377700380,20.66
721,1377700385,20.67
721,1377700390,20.66
721,1377700395,20.66
721,1377700400,20.66
721,1377700405,20.67
721,1377700410,20.66
721,1377700415,20.66
721,1377700420,20.66
721,1377700425,20.66
721,1377700430,20.66
721,1377700435,20.67
721,1377700440,20.66
721,1377700445,20.66
721,1377700450,20.66
721,1377700455,20.66
721,1377700460,20.66
721,1377700465,20.66
721,1377700470,20.66
721,1377700475,20.66
721,1377700480,20.66
721,1377700485,20.67
721,1377700490,20.66
721,1377700495,20.67
721,1377700500,20.66
721,1377700505,20.66
721,1377700510,20.66
721,1377700515,20.66
721,1377700520,20.66
721,1377700525,20.67
721,1377700530,20.66
721,1377700535,20.67
721,1377700540,20.66
721,1377700545,20.66
721,1377700550,20.66
721,1377700555,20.66
721,1377700560,20.66
721,1377700565,20.66
721,1377700570,20.67
721,1377700575,20.67
721,1377700580,20.66
721,1377700585,20.66
721,1377700590,20.66
721,1377700595,20.67
721,1377700600,20.66
721,1377700605,20.66
721,1377700610,20.68
721,1377700615,20.68
721,1377700620,20.68
721,1377700625,20.66
721,1377700630,20.66
721,1377700635,20.66
721,1377700640,20.66
721,1377700645,20.66
721,1377700650,20.68
721,1377700655,20.66
721,1377700660,20.67
721,1377700665,20.68
721,1377700670,20.67
721,1377700675,20.66
721,1377700680,20.67
721,1377700685,20.68
721,1377700690,20.67
721,1377700695,20.68
721,1377700700,20.68
721,1377700705,20.68
721,1377700710,20.67
721,1377700715,20.68
721,1377700720,20.68
721,1377700725,20.68
721,1377700730,20.66
721,1377700735,20.67
721,1377700740,20.67
721,1377700745,20.66
721,1377700750,20.67
721,1377700755,20.66
721,1377700760,20.66
721,1377700765,20.66
721,1377700770,20.68
721,1377700775,20.68
721,1377700780,20.67
721,1377700785,20.67
721,1377700790,20.68
721,1377700795,20.65
721,1377700800,20.67
721,1377700805,20.66
721,1377700810,20.66
721,1377700815,20.67
721,1377700820,20.68
721,1377700825,20.67
721,1377700830,20.66
721,1377700835,20.66
721,1377700840,20.67
721,1377700845,20.66
721,1377700850,20.68
721,1377700855,20.68
721,1377700860,20.67
721,1377700865,20.67
721,1377700870,20.67
721,1377700875,20.68
721,1377700880,20.68
721,1377700885,20.66
721,1377700890,20.68
721,1377700895,20.67
721,1377700900,20.67
721,1377700905,20.68
721,1377700910,20.67
721,1377700915,20.68
721,1377700920,20.67
721,1377700925,20.67
721,1377700930,20.68
721,1377700935,20.68
721,1377700940,20.67
721,1377700945,20.67
721,1377700950,20.68
721,1377700955,20.67
721,1377700960,20.68
721,1377700965,20.68
721,1377700970,20.67
721,1377700975,20.69
721,1377700980,20.68
721,1377700985,20.67
721,1377700990,20.68
721,1377700995,20.66
721,1377701000,20.68
721,1377701005,20.68
721,1377701010,20.68
721,1377701015,20.68
721,1377701020,20.68
721,1377701025,20.68
721,1377701030,20.68
721,1377701035,20.68
721,1377701040,20.67
721,1377701045,20.68
721,1377701050,20.68
721,1377701055,20.68
721,1377701060,20.68
721,1377701065,20.68
721,1377701070,20.68
721,1377701075,20.67
721,1377701080,20.68
721,1377701085,20.67
721,1377701090,20.68
721,1377701095,20.68
721,1377701100,20.69
721,1377701105,20.68
721,1377701110,20.68
721,1377701115,20.69
721,1377701120,20.69
721,1377701125,20.69
721,1377701130,20.68
721,1377701135,20.67
721,1377701140,20.68
721,1377701145,20.68
721,1377701150,20.69
721,1377701155,20.68
721,1377701160,20.68
721,1377701165,20.68
721,1377701170,20.68
721,1377701175,20.68
721,1377701180,20.68
721,1377701185,20.67
721,1377701190,20.69
721,1377701195,20.68
721,1377701200,20.68
721,1377701205,20.68
721,1377701210,20.68
721,1377701215,20.68
721,1377701220,20.67
721,1377701225,20.68
721,1377701230,20.68
721,1377701235,20.68
721,1377701240,20.68
721,1377701245,20.67
721,1377701250,20.68
721,1377701255,20.68
721,1377701260,20.68
721,1377701265,20.69
721,1377701270,20.69
721,1377701275,20.68
721,1377701280,20.68
721,1377701285,20.68
721,1377701290,20.68
721,1377701295,20.69
721,1377701300,20.68
721,1377701305,20.68
721,1377701310,20.68
721,1377701315,20.69
721,1377701320,20.68
721,1377701325,20.68
721,1377701330,20.68
721,1377701335,20.68
721,1377701340,20.68
721,1377701345,20.68
721,1377701350,20.68
721,1377701355,20.68
721,1377701360,20.69
721,1377701365,20.68
721,1377701370,20.68
721,1377701375,20.68
721,1377701380,20.68
721,1377701385,20.68
721,1377701390,20.68
721,1377701395,20.68
721,1377701400,20.68
721,1377701405,20.69
721,1377701410,20.68
721,1377701415,20.68
721,1377701420,20.68
721,1377701425,20.7
721,1377701430,20.7
721,1377701435,20.69
721,1377701440,20.69
721,1377701445,20.68
721,1377701450,20.7
721,1377701455,20.69
721,1377701460,20.7
721,1377701465,20.69
721,1377701470,20.7
721,1377701475,20.68
721,1377701480,20.7
721,1377701485,20.7
721,1377701490,20.7
721,1377701495,20.7
721,1377701500,20.69
721,1377701505,20.7
721,1377701510,20.7
721,1377701515,20.7
721,1377701520,20.71
721,1377701525,20.7
721,1377701530,20.72
721,1377701535,20.7
721,1377701540,20.71
721,1377701545,20.71
721,1377701550,20.71
721,1377701555,20.72
721,1377701560,20.72
721,1377701565,20.72
721,1377701570,20.72
721,1377701575,20.73
721,1377701580,20.72
721,1377701585,20.74
721,1377701590,20.72
721,1377701595,20.72
721,1377701600,20.71
721,1377701605,20.72
721,1377701610,20.72
721,1377701615,20.72
721,1377701620,20.72
721,1377701625,20.72
721,1377701630,20.73
721,1377701635,20.72
721,1377701640,20.72
721,1377701645,20.73
721,1377701650,20.72
721,1377701655,20.73
721,1377701660,20.72
721,1377701665,20.72
721,1377701670,20.72
721,1377701675,20.72
721,1377701680,20.72
721,1377701685,20.72
721,1377701690,20.72
721,1377701695,20.73
721,1377701700,20.72
721,1377701705,20.74
721,1377701710,20.73
721,1377701715,20.74
721,1377701720,20.73
721,1377701725,20.74
721,1377701730,20.72
721,1377701735,20.72
721,1377701740,20.72
721,1377701745,20.72
721,1377701750,20.73
721,1377701755,20.74
721,1377701760,20.74
721,1377701765,20.72
721,1377701770,20.74
721,1377701775,20.73
721,1377701780,20.73
721,1377701785,20.72
721,1377701790,20.73
721,1377701795,20.72
721,1377701800,20.73
721,1377701805,20.73
721,1377701810,20.74
721,1377701815,20.74
721,1377701820,20.74
721,1377701825,20.74
721,1377701830,20.73
721,1377701835,20.74
721,1377701840,20.74
721,1377701845,20.74
721,1377701850,20.74
721,1377701855,20.74
721,1377701860,20.74
721,1377701865,20.74
721,1377701870,20.73
721,1377701875,20.73
721,1377701880,20.74
721,1377701885,20.74
721,1377701890,20.74
721,1377701895,20.74
721,1377701900,20.73
721,1377701905,20.74
721,1377701910,20.74
721,1377701915,20.74
721,1377701920,20.74
721,1377701925,20.74
721,1377701930,20.75
721,1377701935,20.74
721,1377701940,20.75
721,1377701945,20.74
721,1377701950,20.75
721,1377701955,20.74
721,1377701960,20.74
721,1377701965,20.75
721,1377701970,20.75
721,1377701975,20.74
721,1377701980,20.74
721,1377701985,20.74
721,1377701990,20.75
721,1377701995,20.74
721,1377702000,20.74
721,1377702005,20.74
721,1377702010,20.75
721,1377702015,20.74
721,1377702020,20.73
721,1377702025,20.74
721,1377702030,20.74
721,1377702035,20.74
721,1377702040,20.75
721,1377702045,20.74
721,1377702050,20.74
721,1377702055,20.74
721,1377702060,20.74
721,1377702065,20.74
721,1377702070,20.75
721,1377702075,20.74
721,1377702080,20.74
721,1377702085,20.74
721,1377702090,20.74
721,1377702095,20.74
721,1377702100,20.75
721,1377702105,20.74
721,1377702110,20.73
721,1377702115,20.74
721,1377702120,20.74
721,1377702125,20.74
721,1377702130,20.75
721,1377702135,20.75
721,1377702140,20.74
721,1377702145,20.74
721,1377702150,20.74
721,1377702155,20.75
721,1377702160,20.74
721,1377702165,20.75
721,1377702170,20.75
721,1377702175,20.74
721,1377702180,20.74
721,1377702185,20.73
721,1377702190,20.76
721,1377702195,20.75
721,1377702200,20.73
721,1377702205,20.75
721,1377702210,20.74
721,1377702215,20.76
721,1377702220,20.74
721,1377702225,20.74
721,1377702230,20.75
721,1377702235,20.75
721,1377702240,20.75
721,1377702245,20.75
721,1377702250,20.76
721,1377702255,20.75
721,1377702260,20.75
721,1377702265,20.74
721,1377702270,20.75
721,1377702275,20.74
721,1377702280,20.75
721,1377702285,20.74
721,1377702290,20.76
721,1377702295,20.75
721,1377702300,20.75
721,1377702305,20.76
721,1377702310,20.75
721,1377702315,20.75
721,1377702320,20.76
721,1377702325,20.76
721,1377702330,20.75
721,1377702335,20.76
721,1377702340,20.74
721,1377702345,20.75
721,1377702350,20.75
721,1377702355,20.76
721,1377702360,20.74
721,1377702365,20.76
721,1377702370,20.76
721,1377702375,20.76
721,1377702380,20.75
721,1377702385,20.75
721,1377702390,20.76
721,1377702395,20.75
721,1377702400,20.76
721,1377702405,20.76
721,1377702410,20.75
721,1377702415,20.75
721,1377702420,20.76
721,1377702425,20.74
721,1377702430,20.75
721,1377702435,20.75
721,1377702440,20.76
721,1377702445,20.77
721,1377702450,20.75
721,1377702455,20.76
721,1377702460,20.75
721,1377702465,20.75
721,1377702470,20.76
721,1377702475,20.76
721,1377702480,20.75
721,1377702485,20.76
721,1377702490,20.76
721,1377702495,20.76
721,1377702500,20.76
721,1377702505,20.76
721,1377702510,20.76
721,1377702515,20.76
721,1377702520,20.76
721,1377702525,20.75
721,1377702530,20.76
721,1377702535,20.75
721,1377702540,20.75
721,1377702545,20.75
721,1377702550,20.76
721,1377702555,20.75
721,1377702560,20.76
721,1377702565,20.76
721,1377702570,20.75
721,1377702575,20.77
721,1377702580,20.76
721,1377702585,20.75
721,1377702590,20.75
721,1377702595,20.75
721,1377702600,20.75
721,1377702605,20.76
721,1377702610,20.75
721,1377702615,20.76
721,1377702620,20.76
721,1377702625,20.76
721,1377702630,20.76
721,1377702635,20.76
721,1377702640,20.75
721,1377702645,20.75
721,1377702650,20.75
721,1377702655,20.76
721,1377702660,20.75
721,1377702665,20.75
721,1377702670,20.75
721,1377702675,20.76
721,1377702680,20.75
721,1377702685,20.76
721,1377702690,20.75
721,1377702695,20.75
721,1377702700,20.75
721,1377702705,20.74
721,1377702710,20.76
721,1377702715,20.76
721,1377702720,20.76
721,1377702725,20.75
721,1377702730,20.75
721,1377702735,20.74
721,1377702740,20.74
721,1377702745,20.75
721,1377702750,20.76
721,1377702755,20.76
721,1377702760,20.76
721,1377702765,20.75
721,1377702770,20.76
721,1377702775,20.76
721,1377702780,20.75
721,1377702785,20.75
721,1377702790,20.74
721,1377702795,20.75
721,1377702800,20.76
721,1377702805,20.75
721,1377702810,20.75
721,1377702815,20.76
721,1377702820,20.75
721,1377702825,20.76
721,1377702830,20.76
721,1377702835,20.76
721,1377702840,20.76
721,1377702845,20.76
721,1377702850,20.75
721,1377702855,20.76
721,1377702860,20.77
721,1377702865,20.76
721,1377702870,20.76
721,1377702875,20.77
721,1377702880,20.77
721,1377702885,20.76
721,1377702890,20.76
721,1377702895,20.76
721,1377702900,20.76
721,1377702905,20.76
721,1377702910,20.76
721,1377702915,20.76
721,1377702920,20.76
721,1377702925,20.77
721,1377702930,20.77
721,1377702935,20.77
721,1377702940,20.77
721,1377702945,20.76
721,1377702950,20.77
721,1377702955,20.77
721,1377702960,20.78
721,1377702965,20.77
721,1377702970,20.78
721,1377702975,20.76
721,1377702980,20.77
721,1377702985,20.78
721,1377702990,20.77
721,1377702995,20.78
721,1377703000,20.77
721,1377703005,20.76
721,1377703010,20.77
721,1377703015,20.78
721,1377703020,20.78
721,1377703025,20.77
721,1377703030,20.77
721,1377703035,20.77
721,1377703040,20.78
721,1377703045,20.78
721,1377703050,20.77
721,1377703055,20.77
721,1377703060,20.77
721,1377703065,20.78
721,1377703070,20.78
721,1377703075,20.79
721,1377703080,20.78
721,1377703085,20.78
721,1377703090,20.78
721,1377703095,20.78
721,1377703100,20.78
721,1377703105,20.78
721,1377703110,20.78
721,1377703115,20.78
721,1377703120,20.78
721,1377703125,20.78
721,1377703130,20.79
721,1377703135,20.79
721,1377703140,20.78
721,1377703145,20.77
721,1377703150,20.79
721,1377703155,20.78
721,1377703160,20.78
721,1377703165,20.78
721,1377703170,20.8
721,1377703175,20.8
721,1377703180,20.78
721,1377703185,20.78
721,1377703190,20.78
721,1377703195,20.8
721,1377703200,20.79
721,1377703205,20.79
721,1377703210,20.78
721,1377703215,20.79
721,1377703220,20.78
721,1377703225,20.79
721,1377703230,20.79
721,1377703235,20.79
721,1377703240,20.8
721,1377703245,20.79
721,1377703250,20.79
721,1377703255,20.78
721,1377703260,20.8
721,1377703265,20.8
721,1377703270,20.78
721,1377703275,20.79
721,1377703280,20.79
721,1377703285,20.78
721,1377703290,20.8
721,1377703295,20.8
721,1377703300,20.8
721,1377703305,20.79
721,1377703310,20.78
721,1377703315,20.79
721,1377703320,20.8
721,1377703325,20.8
721,1377703330,20.8
721,1377703335,20.79
721,1377703340,20.8
721,1377703345,20.79
721,1377703350,20.8
721,1377703355,20.8
721,1377703360,20.8
721,1377703365,20.79
721,1377703370,20.79
721,1377703375,20.79
721,1377703380,20.8
721,1377703385,20.8
721,1377703390,20.8
721,1377703395,20.8
721,1377703400,20.8
721,1377703405,20.8
721,1377703410,20.8
721,1377703415,20.8
721,1377703420,20.8
721,1377703425,20.81
721,1377703430,20.8
721,1377703435,20.8
721,1377703440,20.8
721,1377703445,20.8
721,1377703450,20.81
721,1377703455,20.8
721,1377703460,20.8
721,1377703465,20.81
721,1377703470,20.79
721,1377703475,20.79
721,1377703480,20.8
721,1377703485,20.8
721,1377703490,20.82
721,1377703495,20.8
721,1377703500,20.8
721,1377703505,20.81
721,1377703510,20.81
721,1377703515,20.8
721,1377703520,20.81
721,1377703525,20.8
721,1377703530,20.81
721,1377703535,20.81
721,1377703540,20.82
721,1377703545,20.82
721,1377703550,20.81
721,1377703555,20.81
721,1377703560,20.81
721,1377703565,20.8
721,1377703570,20.81
721,1377703575,20.81
721,1377703580,20.81
721,1377703585,20.81
721,1377703590,20.8
721,1377703595,20.81
721,1377703600,20.82
721,1377703605,20.82
721,1377703610,20.82
721,1377703615,20.82
721,1377703620,20.81
721,1377703625,20.82
721,1377703630,20.82
721,1377703635,20.82
721,1377703640,20.82
721,1377703645,20.83
721,1377703650,20.82
721,1377703655,20.82
721,1377703660,20.83
721,1377703665,20.82
721,1377703670,20.82
721,1377703675,20.81
721,1377703680,20.82
721,1377703685,20.82
721,1377703690,20.82
721,1377703695,20.82
721,1377703700,20.83
721,1377703705,20.83
721,1377703710,20.83
721,1377703715,20.83
721,1377703720,20.82
721,1377703725,20.84
721,1377703730,20.83
721,1377703735,20.83
721,1377703740,20.82
721,1377703745,20.83
721,1377703750,20.83
721,1377703755,20.83
721,1377703760,20.82
721,1377703765,20.82
721,1377703770,20.83
721,1377703775,20.82
721,1377703780,20.82
721,1377703785,20.83
721,1377703790,20.84
721,1377703795,20.84
721,1377703800,20.84
721,1377703805,20.84
721,1377703810,20.82
721,1377703815,20.83
721,1377703820,20.83
721,1377703825,20.84
721,1377703830,20.83
721,1377703835,20.83
721,1377703840,20.84
721,1377703845,20.84
721,1377703850,20.84
721,1377703855,20.84
721,1377703860,20.84
721,1377703865,20.84
721,1377703870,20.84
721,1377703875,20.84
721,1377703880,20.84
721,1377703885,20.84
721,1377703890,20.84
721,1377703895,20.84
721,1377703900,20.85
721,1377703905,20.83
721,1377703910,20.84
721,1377703915,20.84
721,1377703920,20.84
721,1377703925,20.84
721,1377703930,20.85
721,1377703935,20.85
721,1377703940,20.84
721,1377703945,20.84
721,1377703950,20.85
721,1377703955,20.85
721,1377703960,20.85
721,1377703965,20.85
721,1377703970,20.84
721,1377703975,20.85
721,1377703980,20.85
721,1377703985,20.85
721,1377703990,20.85
721,1377703995,20.85
721,1377704000,20.84
721,1377704005,20.85
721,1377704010,20.84
721,1377704015,20.86
721,1377704020,20.84
721,1377704025,20.85
721,1377704030,20.85
721,1377704035,20.86
721,1377704040,20.86
721,1377704045,20.85
721,1377704050,20.86
721,1377704055,20.85
721,1377704060,20.86
721,1377704065,20.86
721,1377704070,20.86
721,1377704075,20.86
721,1377704080,20.86
721,1377704085,20.86
721,1377704090,20.86
721,1377704095,20.86
721,1377704100,20.86
721,1377704105,20.86
721,1377704110,20.86
721,1377704115,20.86
721,1377704120,20.86
721,1377704125,20.86
721,1377704130,20.86
721,1377704135,20.86
721,1377704140,20.86
721,1377704145,20.86
721,1377704150,20.86
721,1377704155,20.86
721,1377704160,20.86
721,1377704165,20.86
721,1377704170,20.85
721,1377704175,20.87
721,1377704180,20.86
721,1377704185,20.86
721,1377704190,20.87
721,1377704195,20.86
721,1377704200,20.88
721,1377704205,20.86
721,1377704210,20.86
721,1377704215,20.88
721,1377704220,20.88
721,1377704225,20.88
721,1377704230,20.87
721,1377704235,20.87
721,1377704240,20.88
721,1377704245,20.88
721,1377704250,20.87
721,1377704255,20.87
721,1377704260,20.88
721,1377704265,20.87
721,1377704270,20.88
721,1377704275,20.87
721,1377704280,20.87
721,1377704285,20.88
721,1377704290,20.88
721,1377704295,20.88
721,1377704300,20.88
721,1377704305,20.88
721,1377704310,20.88
721,1377704315,20.88
721,1377704320,20.88
721,1377704325,20.87
721,1377704330,20.88
721,1377704335,20.88
721,1377704340,20.87
721,1377704345,20.87
721,1377704350,20.86
721,1377704355,20.88
721,1377704360,20.88
721,1377704365,20.87
721,1377704370,20.87
721,1377704375,20.88
721,1377704380,20.88
721,1377704385,20.88
721,1377704390,20.88
721,1377704395,20.87
721,1377704400,20.87
721,1377704405,20.87
721,1377704410,20.88
721,1377704415,20.88
721,1377704420,20.88
721,1377704425,20.88
721,1377704430,20.88
721,1377704435,20.88
721,1377704440,20.88
721,1377704445,20.88
721,1377704450,20.87
721,1377704455,20.87
721,1377704460,20.88
721,1377704465,20.87
721,1377704470,20.88
721,1377704475,20.88
721,1377704480,20.89
721,1377704485,20.87
721,1377704490,20.89
721,1377704495,20.89
721,1377704500,20.89
721,1377704505,20.88
721,1377704510,20.88
721,1377704515,20.88
721,1377704520,20.9
721,1377704525,20.89
721,1377704530,20.89
721,1377704535,20.89
721,1377704540,20.89
721,1377704545,20.89
721,1377704550,20.88
721,1377704555,20.89
721,1377704560,20.88
721,1377704565,20.88
721,1377704570,20.89
721,1377704575,20.88
721,1377704580,20.88
721,1377704585,20.9
721,1377704590,20.88
721,1377704595,20.89
721,1377704600,20.88
721,1377704605,20.89
721,1377704610,20.88
721,1377704615,20.88
721,1377704620,20.89
721,1377704625,20.88
721,1377704630,20.88
721,1377704635,20.89
721,1377704640,20.88
721,1377704645,20.9
721,1377704650,20.89
721,1377704655,20.9
721,1377704660,20.9
721,1377704665,20.89
721,1377704670,20.89
721,1377704675,20.89
721,1377704680,20.9
721,1377704685,20.89
721,1377704690,20.9
721,1377704695,20.89
721,1377704700,20.9
721,1377704705,20.9
721,1377704710,20.9
721,1377704715,20.91
721,1377704720,20.9
721,1377704725,20.9
721,1377704730,20.89
721,1377704735,20.9
721,1377704740,20.89
721,1377704745,20.9
721,1377704750,20.9
721,1377704755,20.89
721,1377704760,20.89
721,1377704765,20.9
721,1377704770,20.89
721,1377704775,20.89
721,1377704780,20.9
721,1377704785,20.89
721,1377704790,20.9
721,1377704795,20.9
721,1377704800,20.89
721,1377704805,20.9
721,1377704810,20.9
721,1377704815,20.89
721,1377704820,20.89
721,1377704825,20.9
721,1377704830,20.9
721,1377704835,20.9
721,1377704840,20.9
721,1377704845,20.9
721,1377704850,20.9
721,1377704855,20.9
721,1377704860,20.9
721,1377704865,20.9
721,1377704870,20.9
721,1377704875,20.9
721,1377704880,20.9
721,1377704885,20.9
721,1377704890,20.9
721,1377704895,20.91
721,1377704900,20.92
721,1377704905,20.91
721,1377704910,20.91
721,1377704915,20.91
721,1377704920,20.91
721,1377704925,20.91
721,1377704930,20.92
721,1377704935,20.9
721,1377704940,20.9
721,1377704945,20.91
721,1377704950,20.91
721,1377704955,20.9
721,1377704960,20.91
721,1377704965,20.91
721,1377704970,20.9
721,1377704975,20.9
721,1377704980,20.91
721,1377704985,20.91
721,1377704990,20.9
721,1377704995,20.92
721,1377705000,20.91
721,1377705005,20.91
721,1377705010,20.91
721,1377705015,20.92
721,1377705020,20.92
721,1377705025,20.92
721,1377705030,20.91
721,1377705035,20.92
721,1377705040,20.9
721,1377705045,20.91
721,1377705050,20.92
721,1377705055,20.92
721,1377705060,20.92
721,1377705065,20.91
721,1377705070,20.91
721,1377705075,20.91
721,1377705080,20.92
721,1377705085,20.92
721,1377705090,20.92
721,1377705095,20.91
721,1377705100,20.91
721,1377705105,20.92
721,1377705110,20.91
721,1377705115,20.92
721,1377705120,20.91
721,1377705125,20.92
721,1377705130,20.92
721,1377705135,20.92
721,1377705140,20.92
721,1377705145,20.92
721,1377705150,20.92
721,1377705155,20.9
721,1377705160,20.92
721,1377705165,20.92
721,1377705170,20.92
721,1377705175,20.92
721,1377705180,20.92
721,1377705185,20.92
721,1377705190,20.94
721,1377705195,20.92
721,1377705200,20.92
721,1377705205,20.92
721,1377705210,20.92
721,1377705215,20.92
721,1377705220,20.92
721,1377705225,20.93
721,1377705230,20.92
721,1377705235,20.93
721,1377705240,20.92
721,1377705245,20.92
721,1377705250,20.92
721,1377705255,20.92
721,1377705260,20.92
721,1377705265,20.92
721,1377705270,20.93
721,1377705275,20.93
721,1377705280,20.93
721,1377705285,20.93
721,1377705290,20.92
721,1377705295,20.92
721,1377705300,20.93
721,1377705305,20.94
721,1377705310,20.92
721,1377705315,20.94
721,1377705320,20.93
721,1377705325,20.93
721,1377705330,20.94
721,1377705335,20.93
721,1377705340,20.93
721,1377705345,20.94
721,1377705350,20.94
721,1377705355,20.94
721,1377705360,20.94
721,1377705365,20.94
721,1377705370,20.94
721,1377705375,20.92
721,1377705380,20.94
721,1377705385,20.94
721,1377705390,20.93
721,1377705395,20.93
721,1377705400,20.93
721,1377705405,20.94
721,1377705410,20.93
721,1377705415,20.94
721,1377705420,20.92
721,1377705425,20.93
721,1377705430,20.95
721,1377705435,20.95
721,1377705440,20.94
721,1377705445,20.94
721,1377705450,20.95
721,1377705455,20.95
721,1377705460,20.95
721,1377705465,20.96
721,1377705470,20.95
721,1377705475,20.96
721,1377705480,20.95
721,1377705485,20.95
721,1377705490,20.97
721,1377705495,20.96
721,1377705500,20.95
721,1377705505,20.96
721,1377705510,20.96
721,1377705515,20.96
721,1377705520,20.95
721,1377705525,20.96
721,1377705530,20.95
721,1377705535,20.96
721,1377705540,20.96
721,1377705545,20.96
721,1377705550,20.96
721,1377705555,20.96
721,1377705560,20.96
721,1377705565,20.96
721,1377705570,20.96
721,1377705575,20.96
721,1377705580,20.96
721,1377705585,20.98
721,1377705590,20.97
721,1377705595,20.96
721,1377705600,20.96
721,1377705605,20.96
721,1377705610,20.96
721,1377705615,20.96
721,1377705620,20.96
721,1377705625,20.97
721,1377705630,20.96
721,1377705635,20.97
721,1377705640,20.96
721,1377705645,20.96
721,1377705650,20.96
721,1377705655,20.98
721,1377705660,20.97
721,1377705665,20.97
721,1377705670,20.97
721,1377705675,20.97
721,1377705680,20.97
721,1377705685,20.96
721,1377705690,20.98
721,1377705695,20.96
721,1377705700,20.97
721,1377705705,20.96
721,1377705710,20.98
721,1377705715,20.98
721,1377705720,20.98
721,1377705725,20.97
721,1377705730,20.97
721,1377705735,20.96
721,1377705740,20.96
721,1377705745,20.98
721,1377705750,20.97
721,1377705755,20.98
721,1377705760,20.98
721,1377705765,20.98
721,1377705770,20.97
721,1377705775,20.98
721,1377705780,20.97
721,1377705785,20.97
721,1377705790,20.98
721,1377705795,20.98
721,1377705800,20.98
721,1377705805,20.98
721,1377705810,20.98
721,1377705815,20.97
721,1377705820,20.99
721,1377705825,20.98
721,1377705830,20.99
721,1377705835,21.0
721,1377705840,20.98
721,1377705845,20.98
721,1377705850,20.99
721,1377705855,21.0
721,1377705860,20.99
721,1377705865,20.98
721,1377705870,21.0
721,1377705875,20.98
721,1377705880,20.99
721,1377705885,21.0
721,1377705890,20.98
721,1377705895,21.0
721,1377705900,20.99
721,1377705905,21.0
721,1377705910,20.98
721,1377705915,21.0
721,1377705920,20.99
721,1377705925,21.0
721,1377705930,20.99
721,1377705935,20.99
721,1377705940,21.0
721,1377705945,20.98
721,1377705950,21.0
721,1377705955,20.99
721,1377705960,21.0
721,1377705965,20.98
721,1377705970,21.0
721,1377705975,21.0
721,1377705980,21.0
721,1377705985,21.0
721,1377705990,21.0
721,1377705995,21.0
721,1377706000,21.0
721,1377706005,21.0
721,1377706010,21.01
721,1377706015,21.01
721,1377706020,21.0
721,1377706025,21.01
721,1377706030,21.02
721,1377706035,21.01
721,1377706040,21.02
721,1377706045,21.01
721,1377706050,21.02
721,1377706055,21.0
721,1377706060,21.02
721,1377706065,21.0
721,1377706070,21.02
721,1377706075,21.02
721,1377706080,21.02
721,1377706085,21.02
721,1377706090,21.02
721,1377706095,21.02
721,1377706100,21.02
721,1377706105,21.02
721,1377706110,21.02
721,1377706115,21.02
721,1377706120,21.04
721,1377706125,21.03
721,1377706130,21.03
721,1377706135,21.04
721,1377706140,21.02
721,1377706145,21.03
721,1377706150,21.02
721,1377706155,21.04
721,1377706160,21.04
721,1377706165,21.03
721,1377706170,21.02
721,1377706175,21.02
721,1377706180,21.03
721,1377706185,21.02
721,1377706190,21.03
721,1377706195,21.03
721,1377706200,21.03
721,1377706205,21.04
721,1377706210,21.04
721,1377706215,21.04
721,1377706220,21.03
721,1377706225,21.04
721,1377706230,21.04
721,1377706235,21.03
721,1377706240,21.04
721,1377706245,21.04
721,1377706250,21.06
721,1377706255,21.04
721,1377706260,21.02
721,1377706265,21.04
721,1377706270,21.04
721,1377706275,21.03
721,1377706280,21.04
721,1377706285,21.04
721,1377706290,21.04
721,1377706295,21.04
721,1377706300,21.04
721,1377706305,21.06
721,1377706310,21.04
721,1377706315,21.04
721,1377706320,21.05
721,1377706325,21.05
721,1377706330,21.04
721,1377706335,21.04
721,1377706340,21.05
721,1377706345,21.06
721,1377706350,21.06
721,1377706355,21.05
721,1377706360,21.06
721,1377706365,21.06
721,1377706370,21.06
721,1377706375,21.05
721,1377706380,21.06
721,1377706385,21.06
721,1377706390,21.06
721,1377706395,21.06
721,1377706400,21.06
721,1377706405,21.06
721,1377706410,21.07
721,1377706415,21.06
721,1377706420,21.06
721,1377706425,21.06
721,1377706430,21.07
721,1377706435,21.07
721,1377706440,21.06
721,1377706445,21.07
721,1377706450,21.07
721,1377706455,21.06
721,1377706460,21.06
721,1377706465,21.08
721,1377706470,21.07
721,1377706475,21.07
721,1377706480,21.08
721,1377706485,21.08
721,1377706490,21.07
721,1377706495,21.08
721,1377706500,21.08
721,1377706505,21.08
721,1377706510,21.08
721,1377706515,21.07
721,1377706520,21.07
721,1377706525,21.08
721,1377706530,21.09
721,1377706535,21.09
721,1377706540,21.08
721,1377706545,21.09
721,1377706550,21.09
721,1377706555,21.09
721,1377706560,21.09
721,1377706565,21.09
721,1377706570,21.1
721,1377706575,21.1
721,1377706580,21.09
721,1377706585,21.11
721,1377706590,21.1
721,1377706595,21.1
721,1377706600,21.1
721,1377706605,21.1
721,1377706610,21.09
721,1377706615,21.09
721,1377706620,21.1
721,1377706625,21.09
721,1377706630,21.09
721,1377706635,21.1
721,1377706640,21.1
721,1377706645,21.1
721,1377706650,21.1
721,1377706655,21.1
721,1377706660,21.1
721,1377706665,21.1
721,1377706670,21.1
721,1377706675,21.11
721,1377706680,21.12
721,1377706685,21.11
721,1377706690,21.11
721,1377706695,21.11
721,1377706700,21.11
721,1377706705,21.11
721,1377706710,21.11
721,1377706715,21.11
721,1377706720,21.1
721,1377706725,21.12
721,1377706730,21.12
721,1377706735,21.12
721,1377706740,21.12
721,1377706745,21.12
721,1377706750,21.12
721,1377706755,21.12
721,1377706760,21.13
721,1377706765,21.13
721,1377706770,21.12
721,1377706775,21.13
721,1377706780,21.12
721,1377706785,21.13
721,1377706790,21.12
721,1377706795,21.13
721,1377706800,21.13
721,1377706805,21.14
721,1377706810,21.12
721,1377706815,21.14
721,1377706820,21.14
721,1377706825,21.13
721,1377706830,21.14
721,1377706835,21.14
721,1377706840,21.14
721,1377706845,21.14
721,1377706850,21.14
721,1377706855,21.14
721,1377706860,21.14
721,1377706865,21.14
721,1377706870,21.14
721,1377706875,21.15
721,1377706880,21.14
721,1377706885,21.14
721,1377706890,21.14
721,1377706895,21.15
721,1377706900,21.15
721,1377706905,21.16
721,1377706910,21.15
721,1377706915,21.15
721,1377706920,21.16
721,1377706925,21.16
721,1377706930,21.16
721,1377706935,21.16
721,1377706940,21.15
721,1377706945,21.15
721,1377706950,21.16
721,1377706955,21.16
721,1377706960,21.16
721,1377706965,21.17
721,1377706970,21.16
721,1377706975,21.17
721,1377706980,21.17
721,1377706985,21.16
721,1377706990,21.17
721,1377706995,21.17
721,1377707000,21.16
721,1377707005,21.17
721,1377707010,21.17
721,1377707015,21.17
721,1377707020,21.18
721,1377707025,21.17
721,1377707030,21.18
721,1377707035,21.18
721,1377707040,21.18
721,1377707045,21.18
721,1377707050,21.17
721,1377707055,21.17
721,1377707060,21.18
721,1377707065,21.17
721,1377707070,21.18
721,1377707075,21.18
721,1377707080,21.17
721,1377707085,21.17
721,1377707090,21.18
721,1377707095,21.19
721,1377707100,21.17
721,1377707105,21.19
721,1377707110,21.18
721,1377707115,21.18
721,1377707120,21.19
721,1377707125,21.18
721,1377707130,21.18
721,1377707135,21.18
721,1377707140,21.2
721,1377707145,21.18
721,1377707150,21.2
721,1377707155,21.18
721,1377707160,21.19
721,1377707165,21.18
721,1377707170,21.19
721,1377707175,21.2
721,1377707180,21.19
721,1377707185,21.2
721,1377707190,21.19
721,1377707195,21.18
721,1377707200,21.2
721,1377707205,21.19
721,1377707210,21.2
721,1377707215,21.19
721,1377707220,21.21
721,1377707225,21.21
721,1377707230,21.21
721,1377707235,21.21
721,1377707240,21.2
721,1377707245,21.2
721,1377707250,21.21
721,1377707255,21.21
721,1377707260,21.21
721,1377707265,21.2
721,1377707270,21.2
721,1377707275,21.2
721,1377707280,21.2
721,1377707285,21.21
721,1377707290,21.22
721,1377707295,21.21
721,1377707300,21.21
721,1377707305,21.22
721,1377707310,21.22
721,1377707315,21.21
721,1377707320,21.22
721,1377707325,21.23
721,1377707330,21.22
721,1377707335,21.22
721,1377707340,21.22
721,1377707345,21.23
721,1377707350,21.22
721,1377707355,21.22
721,1377707360,21.22
721,1377707365,21.22
721,1377707370,21.22
721,1377707375,21.22
721,1377707380,21.22
721,1377707385,21.22
721,1377707390,21.23
721,1377707395,21.22
721,1377707400,21.22
721,1377707405,21.23
721,1377707410,21.22
721,1377707415,21.24
721,1377707420,21.24
721,1377707425,21.24
721,1377707430,21.24
721,1377707435,21.24
721,1377707440,21.25
721,1377707445,21.24
721,1377707450,21.24
721,1377707455,21.23
721,1377707460,21.24
721,1377707465,21.23
721,1377707470,21.24
721,1377707475,21.24
721,1377707480,21.24
721,1377707485,21.24
721,1377707490,21.24
721,1377707495,21.24
721,1377707500,21.25
721,1377707505,21.24
721,1377707510,21.25
721,1377707515,21.24
721,1377707520,21.24
721,1377707525,21.26
721,1377707530,21.25
721,1377707535,21.25
721,1377707540,21.27
721,1377707545,21.26
721,1377707550,21.26
721,1377707555,21.24
721,1377707560,21.25
721,1377707565,21.25
721,1377707570,21.26
721,1377707575,21.26
721,1377707580,21.26
721,1377707585,21.26
721,1377707590,21.26
721,1377707595,21.26
721,1377707600,21.26
721,1377707605,21.26
721,1377707610,21.28
721,1377707615,21.27
721,1377707620,21.28
721,1377707625,21.28
721,1377707630,21.27
721,1377707635,21.28
721,1377707640,21.28
721,1377707645,21.28
721,1377707650,21.27
721,1377707655,21.28
721,1377707660,21.28
721,1377707665,21.28
721,1377707670,21.29
721,1377707675,21.28
721,1377707680,21.28
721,1377707685,21.29
721,1377707690,21.29
721,1377707695,21.29
721,1377707700,21.28
721,1377707705,21.28
721,1377707710,21.29
721,1377707715,21.29
721,1377707720,21.3
721,1377707725,21.3
721,1377707730,21.3
721,1377707735,21.3
721,1377707740,21.3
721,1377707745,21.29
721,1377707750,21.31
721,1377707755,21.3
721,1377707760,21.3
721,1377707765,21.3
721,1377707770,21.31
721,1377707775,21.29
721,1377707780,21.3
721,1377707785,21.3
721,1377707790,21.31
721,1377707795,21.3
721,1377707800,21.3
721,1377707805,21.3
721,1377707810,21.31
721,1377707815,21.31
721,1377707820,21.31
721,1377707825,21.31
721,1377707830,21.31
721,1377707835,21.31
721,1377707840,21.32
721,1377707845,21.3
721,1377707850,21.32
721,1377707855,21.32
721,1377707860,21.31
721,1377707865,21.32
721,1377707870,21.32
721,1377707875,21.32
721,1377707880,21.31
721,1377707885,21.3
721,1377707890,21.31
721,1377707895,21.33
721,1377707900,21.31
721,1377707905,21.33
721,1377707910,21.32
721,1377707915,21.33
721,1377707920,21.33
721,1377707925,21.33
721,1377707930,21.33
721,1377707935,21.32
721,1377707940,21.34
721,1377707945,21.33
721,1377707950,21.33
721,1377707955,21.32
721,1377707960,21.32
721,1377707965,21.32
721,1377707970,21.33
721,1377707975,21.32
721,1377707980,21.33
721,1377707985,21.33
721,1377707990,21.33
721,1377707995,21.32
721,1377708000,21.32
721,1377708005,21.33
721,1377708010,21.33
721,1377708015,21.34
721,1377708020,21.33
721,1377708025,21.34
721,1377708030,21.34
721,1377708035,21.33
721,1377708040,21.33
721,1377708045,21.34
721,1377708050,21.33
721,1377708055,21.34
721,1377708060,21.34
721,1377708065,21.34
721,1377708070,21.34
721,1377708075,21.35
721,1377708080,21.33
721,1377708085,21.34
721,1377708090,21.35
721,1377708095,21.34
721,1377708100,21.34
721,1377708105,21.34
721,1377708110,21.34
721,1377708115,21.34
721,1377708120,21.34
721,1377708125,21.33
721,1377708130,21.34
721,1377708135,21.34
721,1377708140,21.34
721,1377708145,21.32
721,1377708150,21.34
721,1377708155,21.33
721,1377708160,21.34
721,1377708165,21.34
721,1377708170,21.34
721,1377708175,21.34
721,1377708180,21.34
721,1377708185,21.36
721,1377708190,21.33
721,1377708195,21.35
721,1377708200,21.35
721,1377708205,21.35
721,1377708210,21.34
721,1377708215,21.33
721,1377708220,21.34
721,1377708225,21.34
721,1377708230,21.34
721,1377708235,21.35
721,1377708240,21.35
721,1377708245,21.35
721,1377708250,21.35
721,1377708255,21.34
721,1377708260,21.35
721,1377708265,21.36
721,1377708270,21.36
721,1377708275,21.36
721,1377708280,21.36
721,1377708285,21.34
721,1377708290,21.35
721,1377708295,21.34
721,1377708300,21.36
721,1377708305,21.36
721,1377708310,21.36
721,1377708315,21.36
721,1377708320,21.36
721,1377708325,21.36
721,1377708330,21.35
721,1377708335,21.36
721,1377708340,21.36
721,1377708345,21.37
721,1377708350,21.37
721,1377708355,21.36
721,1377708360,21.36
721,1377708365,21.36
721,1377708370,21.36
721,1377708375,21.36
721,1377708380,21.37
721,1377708385,21.36
721,1377708390,21.37
721,1377708395,21.36
721,1377708400,21.36
721,1377708405,21.36
721,1377708410,21.36
721,1377708415,21.35
721,1377708420,21.37
721,1377708425,21.37
721,1377708430,21.36
721,1377708435,21.35
721,1377708440,21.36
721,1377708445,21.38
721,1377708450,21.36
721,1377708455,21.37
721,1377708460,21.35
721,1377708465,21.36
721,1377708470,21.36
721,1377708475,21.37
721,1377708480,21.37
721,1377708485,21.38
721,1377708490,21.37
721,1377708495,21.38
721,1377708500,21.37
721,1377708505,21.37
721,1377708510,21.38
721,1377708515,21.36
721,1377708520,21.38
721,1377708525,21.38
721,1377708530,21.38
721,1377708535,21.38
721,1377708540,21.38
721,1377708545,21.38
721,1377708550,21.38
721,1377708555,21.37
721,1377708560,21.38
721,1377708565,21.38
721,1377708570,21.38
721,1377708575,21.38
721,1377708580,21.38
721,1377708585,21.38
721,1377708590,21.37
721,1377708595,21.39
721,1377708600,21.37
721,1377708605,21.38
721,1377708610,21.37
721,1377708615,21.38
721,1377708620,21.38
721,1377708625,21.38
721,1377708630,21.38
721,1377708635,21.38
721,1377708640,21.38
721,1377708645,21.38
721,1377708650,21.38
721,1377708655,21.4
721,1377708660,21.39
721,1377708665,21.39
721,1377708670,21.38
721,1377708675,21.39
721,1377708680,21.4
721,1377708685,21.38
721,1377708690,21.38
721,1377708695,21.38
721,1377708700,21.39
721,1377708705,21.38
721,1377708710,21.39
721,1377708715,21.38
721,1377708720,21.39
721,1377708725,21.39
721,1377708730,21.38
721,1377708735,21.39
721,1377708740,21.4
721,1377708745,21.39
721,1377708750,21.39
721,1377708755,21.4
721,1377708760,21.4
721,1377708765,21.4
721,1377708770,21.38
721,1377708775,21.4
721,1377708780,21.4
721,1377708785,21.4
721,1377708790,21.39
721,1377708795,21.39
721,1377708800,21.4
721,1377708805,21.41
721,1377708810,21.4
721,1377708815,21.39
721,1377708820,21.4
721,1377708825,21.39
721,1377708830,21.4
721,1377708835,21.4
721,1377708840,21.4
721,1377708845,21.4
721,1377708850,21.4
721,1377708855,21.4
721,1377708860,21.4
721,1377708865,21.4
721,1377708870,21.4
721,1377708875,21.4
721,1377708880,21.4
721,1377708885,21.4
721,1377708890,21.4
721,1377708895,21.4
721,1377708900,21.39
721,1377708905,21.4
721,1377708910,21.4
721,1377708915,21.4
721,1377708920,21.4
721,1377708925,21.4
721,1377708930,21.41
721,1377708935,21.41
721,1377708940,21.4
721,1377708945,21.4
721,1377708950,21.4
721,1377708955,21.4
721,1377708960,21.41
721,1377708965,21.4
721,1377708970,21.41
721,1377708975,21.4
721,1377708980,21.41
721,1377708985,21.41
721,1377708990,21.4
721,1377708995,21.4
721,1377709000,21.42
721,1377709005,21.42
721,1377709010,21.42
721,1377709015,21.4
721,1377709020,21.4
721,1377709025,21.41
721,1377709030,21.42
721,1377709035,21.42
721,1377709040,21.42
721,1377709045,21.43
721,1377709050,21.42
721,1377709055,21.42
721,1377709060,21.42
721,1377709065,21.41
721,1377709070,21.43
721,1377709075,21.42
721,1377709080,21.44
721,1377709085,21.42
721,1377709090,21.42
721,1377709095,21.41
721,1377709100,21.42
721,1377709105,21.41
721,1377709110,21.42
721,1377709115,21.42
721,1377709120,21.42
721,1377709125,21.42
721,1377709130,21.42
721,1377709135,21.42
721,1377709140,21.42
721,1377709145,21.42
721,1377709150,21.42
721,1377709155,21.43
721,1377709160,21.43
721,1377709165,21.42
721,1377709170,21.42
721,1377709175,21.42
721,1377709179,21.42
721,1377709185,21.42
721,1377709190,21.43
721,1377709195,21.43
721,1377709200,21.43
721,1377709205,21.42
721,1377709210,21.43
721,1377709215,21.42
721,1377709220,21.42
721,1377709225,21.43
721,1377709230,21.44
721,1377709235,21.43
721,1377709240,21.43
721,1377709245,21.42
721,1377709250,21.44
721,1377709255,21.44
721,1377709260,21.44
721,1377709265,21.44
721,1377709269,21.42
721,1377709275,21.43
721,1377709280,21.43
721,1377709285,21.44
721,1377709290,21.42
721,1377709295,21.43
721,1377709300,21.43
721,1377709305,21.44
721,1377709310,21.44
721,1377709315,21.44
721,1377709320,21.44
721,1377709325,21.43
721,1377709330,21.43
721,1377709335,21.43
721,1377709340,21.43
721,1377709345,21.44
721,1377709350,21.44
721,1377709355,21.43
721,1377709360,21.44
721,1377709365,21.44
721,1377709370,21.44
721,1377709375,21.44
721,1377709380,21.44
721,1377709384,21.43
721,1377709390,21.43
721,1377709395,21.43
721,1377709400,21.44
721,1377709405,21.43
721,1377709410,21.44
721,1377709415,21.43
721,1377709420,21.44
721,1377709425,21.44
721,1377709430,21.43
721,1377709435,21.44
721,1377709440,21.44
721,1377709445,21.43
721,1377709450,21.44
721,1377709455,21.44
721,1377709460,21.43
721,1377709465,21.44
721,1377709470,21.44
721,1377709475,21.43
721,1377709480,21.44
721,1377709485,21.42
721,1377709490,21.43
721,1377709495,21.44
721,1377709500,21.43
721,1377709505,21.44
721,1377709510,21.43
721,1377709515,21.44
721,1377709520,21.44
721,1377709524,21.43
721,1377709530,21.44
721,1377709535,21.44
721,1377709540,21.44
721,1377709545,21.44
721,1377709550,21.43
721,1377709555,21.44
721,1377709560,21.44
721,1377709565,21.44
721,1377709570,21.45
721,1377709575,21.43
721,1377709579,21.44
721,1377709585,21.44
721,1377709590,21.44
721,1377709594,21.44
721,1377709599,21.45
721,1377709604,21.44
721,1377709610,21.44
721,1377709615,21.45
721,1377709620,21.44
721,1377709625,21.44
721,1377709629,21.45
721,1377709635,21.46
721,1377709640,21.44
721,1377709645,21.45
721,1377709650,21.45
721,1377709655,21.44
721,1377709660,21.45
721,1377709665,21.44
721,1377709670,21.45
721,1377709674,21.45
721,1377709680,21.45
721,1377709685,21.46
721,1377709690,21.44
721,1377709695,21.46
721,1377709700,21.46
721,1377709704,21.45
721,1377709710,21.46
721,1377709714,21.46
721,1377709720,21.46
721,1377709725,21.46
721,1377709729,21.45
721,1377709734,21.46
721,1377709739,21.45
721,1377709745,21.46
721,1377709750,21.46
721,1377709755,21.47
721,1377709759,21.46
721,1377709764,21.46
721,1377709770,21.46
721,1377709775,21.47
721,1377709780,21.47
721,1377709785,21.46
721,1377709789,21.47
721,1377709795,21.46
721,1377709800,21.46
721,1377709805,21.46
721,1377709810,21.48
721,1377709815,21.46
721,1377709820,21.48
721,1377709825,21.47
721,1377709829,21.46
721,1377709834,21.47
721,1377709839,21.46
721,1377709844,21.47
721,1377709850,21.46
721,1377709855,21.47
721,1377709860,21.48
721,1377709865,21.46
721,1377709870,21.46
721,1377709874,21.48
721,1377709879,21.46
721,1377709885,21.47
721,1377709889,21.47
721,1377709894,21.47
721,1377709900,21.48
721,1377709904,21.47
721,1377709909,21.47
721,1377709914,21.47
721,1377709919,21.48
721,1377709924,21.48
721,1377709929,21.48
721,1377709934,21.48
721,1377709940,21.47
721,1377709944,21.47
721,1377709949,21.47
721,1377709955,21.48
721,1377709960,21.48
721,1377709964,21.48
721,1377709969,21.48
721,1377709974,21.48
721,1377709980,21.48
721,1377709984,21.48
721,1377709989,21.48
721,1377709994,21.47
721,1377709999,21.48
721,1377710005,21.48
721,1377710009,21.47
721,1377710014,21.47
721,1377710019,21.47
721,1377710024,21.48
721,1377710029,21.48
721,1377710035,21.48
721,1377710039,21.47
721,1377710044,21.48
721,1377710049,21.48
721,1377710054,21.48
721,1377710059,21.48
721,1377710064,21.48
721,1377710069,21.48
721,1377710075,21.48
721,1377710079,21.48
721,1377710084,21.48
721,1377710089,21.49
721,1377710094,21.48
721,1377710100,21.48
721,1377710104,21.48
721,1377710109,21.47
721,1377710115,21.48
721,1377710119,21.48
721,1377710125,21.48
721,1377710129,21.48
721,1377710134,21.48
721,1377710139,21.5
721,1377710145,21.48
721,1377710149,21.48
721,1377710154,21.49
721,1377710159,21.5
721,1377710164,21.48
721,1377710169,21.49
721,1377710174,21.49
721,1377710179,21.49
721,1377710184,21.49
721,1377710189,21.48
721,1377710194,21.48
721,1377710199,21.49
721,1377710204,21.48
721,1377710209,21.48
721,1377710214,21.48
721,1377710219,21.49
721,1377710224,21.49
721,1377710229,21.48
721,1377710234,21.49
721,1377710239,21.49
721,1377710244,21.5
721,1377710249,21.49
721,1377710254,21.5
721,1377710259,21.5
721,1377710264,21.5
721,1377710269,21.5
721,1377710274,21.49
721,1377710279,21.49
721,1377710284,21.5
721,1377710289,21.48
721,1377710294,21.5
721,1377710299,21.5
721,1377710304,21.48
721,1377710309,21.49
721,1377710314,21.49
721,1377710319,21.5
721,1377710324,21.49
721,1377710329,21.49
721,1377710334,21.5
721,1377710339,21.5
721,1377710345,21.51
721,1377710349,21.5
721,1377710354,21.5
721,1377710359,21.5
721,1377710364,21.5
721,1377710369,21.5
721,1377710374,21.5
721,1377710379,21.5
721,1377710384,21.5
721,1377710389,21.51
721,1377710394,21.51
721,1377710399,21.5
721,1377710404,21.5
721,1377710409,21.5
721,1377710414,21.5
721,1377710419,21.49
721,1377710424,21.5
721,1377710429,21.51
721,1377710434,21.52
721,1377710440,21.51
721,1377710444,21.51
721,1377710449,21.5
721,1377710454,21.5
721,1377710459,21.51
721,1377710464,21.52
721,1377710469,21.52
721,1377710474,21.51
721,1377710479,21.51
721,1377710484,21.51
721,1377710490,21.51
721,1377710494,21.5
721,1377710499,21.5
721,1377710504,21.5
721,1377710509,21.51
721,1377710514,21.5
721,1377710519,21.52
721,1377710525,21.51
721,1377710529,21.52
721,1377710534,21.51
721,1377710540,21.52
721,1377710544,21.52
721,1377710549,21.51
721,1377710554,21.51
721,1377710559,21.5
721,1377710564,21.5
721,1377710569,21.51
721,1377710575,21.51
721,1377710579,21.52
721,1377710584,21.51
721,1377710589,21.51
721,1377710594,21.51
721,1377710600,21.5
721,1377710604,21.52
721,1377710610,21.52
721,1377710614,21.52
721,1377710619,21.52
721,1377710624,21.52
721,1377710629,21.52
721,1377710634,21.53
721,1377710639,21.52
721,1377710644,21.51
721,1377710649,21.52
721,1377710654,21.52
721,1377710660,21.52
721,1377710664,21.52
721,1377710669,21.53
721,1377710674,21.51
721,1377710679,21.52
721,1377710684,21.52
721,1377710689,21.52
721,1377710694,21.52
721,1377710699,21.53
721,1377710704,21.52
721,1377710709,21.53
721,1377710714,21.52
721,1377710719,21.54
721,1377710724,21.52
721,1377710729,21.54
721,1377710734,21.52
721,1377710739,21.52
721,1377710744,21.53
721,1377710749,21.52
721,1377710754,21.52
721,1377710759,21.53
721,1377710764,21.53
721,1377710769,21.53
721,1377710774,21.52
721,1377710779,21.53
721,1377710784,21.53
721,1377710789,21.53
721,1377710794,21.52
721,1377710799,21.52
721,1377710804,21.53
721,1377710809,21.54
721,1377710814,21.53
721,1377710820,21.52
721,1377710824,21.53
721,1377710830,21.53
721,1377710834,21.54
721,1377710839,21.52
721,1377710844,21.54
721,1377710849,21.53
721,1377710854,21.53
721,1377710859,21.52
721,1377710864,21.55
721,1377710869,21.54
721,1377710874,21.52
721,1377710879,21.53
721,1377710884,21.54
721,1377710889,21.54
721,1377710895,21.54
721,1377710900,21.54
721,1377710904,21.55
721,1377710909,21.54
721,1377710914,21.54
721,1377710919,21.54
721,1377710924,21.53
721,1377710929,21.53
721,1377710934,21.54
721,1377710939,21.53
721,1377710944,21.53
721,1377710949,21.54
721,1377710954,21.53
721,1377710959,21.54
721,1377710964,21.54
721,1377710969,21.52
721,1377710974,21.53
721,1377710979,21.53
721,1377710984,21.54
721,1377710989,21.54
721,1377710994,21.54
721,1377710999,21.53
721,1377711004,21.54
721,1377711009,21.54
721,1377711014,21.54
721,1377711019,21.54
721,1377711024,21.54
721,1377711029,21.54
721,1377711034,21.54
721,1377711039,21.54
721,1377711044,21.54
721,1377711049,21.54
721,1377711054,21.54
721,1377711059,21.54
721,1377711064,21.55
721,1377711069,21.54
721,1377711074,21.54
721,1377711079,21.54
721,1377711084,21.53
721,1377711089,21.54
721,1377711094,21.54
721,1377711099,21.54
721,1377711104,21.54
721,1377711109,21.53
721,1377711114,21.54
721,1377711119,21.56
721,1377711124,21.55
721,1377711129,21.55
721,1377711134,21.54
721,1377711139,21.55
721,1377711144,21.54
721,1377711149,21.54
721,1377711154,21.55
721,1377711159,21.54
721,1377711164,21.56
721,1377711169,21.54
721,1377711174,21.54
721,1377711179,21.56
721,1377711184,21.54
721,1377711189,21.55
721,1377711194,21.56
721,1377711199,21.55
721,1377711204,21.56
721,1377711209,21.56
721,1377711214,21.55
721,1377711219,21.55
721,1377711224,21.56
721,1377711229,21.56
721,1377711234,21.56
721,1377711239,21.56
721,1377711244,21.55
721,1377711249,21.56
721,1377711254,21.55
721,1377711259,21.56
721,1377711264,21.56
721,1377711269,21.56
721,1377711274,21.56
721,1377711279,21.56
721,1377711284,21.55
721,1377711289,21.56
721,1377711294,21.56
721,1377711299,21.56
721,1377711304,21.56
721,1377711309,21.56
721,1377711314,21.56
721,1377711319,21.56
721,1377711324,21.56
721,1377711329,21.56
721,1377711334,21.56
721,1377711339,21.56
721,1377711344,21.58
721,1377711349,21.57
721,1377711354,21.57
721,1377711359,21.56
721,1377711364,21.57
721,1377711369,21.58
721,1377711374,21.58
721,1377711379,21.57
721,1377711384,21.56
721,1377711389,21.56
721,1377711394,21.57
721,1377711399,21.57
721,1377711404,21.56
721,1377711409,21.55
721,1377711414,21.57
721,1377711419,21.56
721,1377711424,21.56
721,1377711429,21.57
721,1377711434,21.57
721,1377711439,21.56
721,1377711444,21.57
721,1377711449,21.57
721,1377711454,21.56
721,1377711459,21.58
721,1377711464,21.57
721,1377711469,21.57
721,1377711474,21.57
721,1377711479,21.56
721,1377711484,21.58
721,1377711489,21.57
721,1377711494,21.58
721,1377711499,21.57
721,1377711504,21.57
721,1377711509,21.58
721,1377711514,21.58
721,1377711519,21.57
721,1377711524,21.59
721,1377711529,21.58
721,1377711534,21.58
721,1377711539,21.58
721,1377711544,21.58
721,1377711549,21.58
721,1377711554,21.58
721,1377711559,21.57
721,1377711564,21.58
721,1377711569,21.56
721,1377711574,21.58
721,1377711579,21.58
721,1377711584,21.57
721,1377711589,21.58
721,1377711594,21.58
721,1377711599,21.56
721,1377711604,21.58
721,1377711609,21.58
721,1377711614,21.58
721,1377711619,21.58
721,1377711624,21.58
721,1377711629,21.58
721,1377711634,21.58
721,1377711639,21.57
721,1377711644,21.58
721,1377711649,21.58
721,1377711654,21.58
721,1377711659,21.58
721,1377711664,21.58
721,1377711669,21.59
721,1377711674,21.58
721,1377711679,21.59
721,1377711684,21.58
721,1377711689,21.58
721,1377711694,21.58
721,1377711699,21.58
721,1377711704,21.58
721,1377711709,21.58
721,1377711714,21.59
721,1377711719,21.58
721,1377711724,21.58
721,1377711729,21.57
721,1377711734,21.58
721,1377711739,21.58
721,1377711744,21.58
721,1377711749,21.59
721,1377711754,21.58
721,1377711759,21.58
721,1377711764,21.59
721,1377711769,21.6
721,1377711774,21.58
721,1377711779,21.58
721,1377711784,21.59
721,1377711789,21.59
721,1377711794,21.59
721,1377711799,21.58
721,1377711804,21.59
721,1377711809,21.6
721,1377711814,21.58
721,1377711819,21.59
721,1377711824,21.59
721,1377711829,21.58
721,1377711834,21.59
721,1377711839,21.59
721,1377711845,21.59
721,1377711849,21.59
721,1377711854,21.6
721,1377711859,21.6
721,1377711864,21.6
721,1377711869,21.6
721,1377711874,21.59
721,1377711879,21.6
721,1377711884,21.59
721,1377711889,21.6
721,1377711894,21.6
721,1377711899,21.59
721,1377711904,21.6
721,1377711909,21.6
721,1377711914,21.59
721,1377711919,21.6
721,1377711924,21.59
721,1377711929,21.59
721,1377711934,21.6
721,1377711939,21.6
721,1377711944,21.59
721,1377711949,21.61
721,1377711954,21.6
721,1377711959,21.59
721,1377711964,21.61
721,1377711969,21.6
721,1377711974,21.6
721,1377711979,21.59
721,1377711984,21.59
721,1377711989,21.6
721,1377711994,21.6
721,1377711999,21.59
721,1377712004,21.6
721,1377712009,21.6
721,1377712014,21.6
721,1377712019,21.6
721,1377712024,21.6
721,1377712029,21.6
721,1377712034,21.6
721,1377712039,21.6
721,1377712044,21.6
721,1377712049,21.6
721,1377712054,21.6
721,1377712059,21.6
721,1377712064,21.6
721,1377712069,21.6
721,1377712074,21.6
721,1377712079,21.6
721,1377712084,21.6
721,1377712089,21.6
721,1377712094,21.61
721,1377712099,21.61
721,1377712104,21.6
721,1377712109,21.6
721,1377712114,21.6
721,1377712119,21.6
721,1377712124,21.6
721,1377712129,21.6
721,1377712134,21.6
721,1377712139,21.6
721,1377712144,21.61
721,1377712149,21.62
721,1377712154,21.6
721,1377712159,21.61
721,1377712164,21.6
721,1377712169,21.61
721,1377712174,21.61
721,1377712179,21.62
721,1377712184,21.61
721,1377712189,21.61
721,1377712194,21.62
721,1377712199,21.61
721,1377712204,21.61
721,1377712209,21.62
721,1377712214,21.62
721,1377712219,21.62
721,1377712224,21.62
721,1377712229,21.62
721,1377712234,21.62
721,1377712239,21.62
721,1377712244,21.62
721,1377712249,21.62
721,1377712254,21.62
721,1377712259,21.62
721,1377712264,21.62
721,1377712269,21.62
721,1377712274,21.62
721,1377712279,21.61
721,1377712284,21.62
721,1377712289,21.62
721,1377712294,21.62
721,1377712299,21.62
721,1377712304,21.62
721,1377712309,21.62
721,1377712314,21.62
721,1377712319,21.62
721,1377712324,21.62
721,1377712329,21.63
721,1377712334,21.63
721,1377712339,21.62
721,1377712344,21.62
721,1377712349,21.63
721,1377712354,21.62
721,1377712359,21.64
721,1377712364,21.63
721,1377712369,21.62
721,1377712374,21.63
721,1377712379,21.63
721,1377712384,21.64
721,1377712389,21.62
721,1377712394,21.62
721,1377712399,21.62
721,1377712404,21.63
721,1377712409,21.63
721,1377712414,21.63
721,1377712419,21.64
721,1377712424,21.63
721,1377712429,21.63
721,1377712434,21.62
721,1377712439,21.62
721,1377712444,21.63
721,1377712449,21.64
721,1377712454,21.62
721,1377712459,21.63
721,1377712464,21.63
721,1377712469,21.64
721,1377712474,21.64
721,1377712479,21.63
721,1377712484,21.62
721,1377712489,21.63
721,1377712494,21.64
721,1377712499,21.63
721,1377712504,21.62
721,1377712509,21.63
721,1377712514,21.63
721,1377712519,21.64
721,1377712524,21.64
721,1377712529,21.64
721,1377712534,21.64
721,1377712539,21.64
721,1377712544,21.65
721,1377712549,21.63
721,1377712554,21.64
721,1377712559,21.64
721,1377712564,21.62
721,1377712569,21.64
721,1377712574,21.63
721,1377712579,21.63
721,1377712584,21.63
721,1377712589,21.64
721,1377712594,21.64
721,1377712599,21.64
721,1377712604,21.62
721,1377712609,21.64
721,1377712614,21.63
721,1377712619,21.64
721,1377712624,21.64
721,1377712629,21.64
721,1377712634,21.63
721,1377712639,21.64
721,1377712644,21.63
721,1377712649,21.63
721,1377712654,21.64
721,1377712659,21.64
721,1377712664,21.64
721,1377712669,21.64
721,1377712674,21.63
721,1377712679,21.63
721,1377712684,21.63
721,1377712689,21.64
721,1377712694,21.63
721,1377712699,21.64
721,1377712704,21.64
721,1377712709,21.63
721,1377712714,21.64
721,1377712719,21.64
721,1377712724,21.64
721,1377712729,21.65
721,1377712734,21.65
721,1377712739,21.65
721,1377712744,21.64
721,1377712749,21.64
721,1377712754,21.64
721,1377712759,21.64
721,1377712764,21.64
721,1377712769,21.64
721,1377712774,21.65
721,1377712779,21.65
721,1377712784,21.64
721,1377712789,21.64
721,1377712794,21.64
721,1377712799,21.64
721,1377712804,21.65
721,1377712809,21.64
721,1377712814,21.65
721,1377712819,21.64
721,1377712824,21.64
721,1377712829,21.64
721,1377712834,21.66
721,1377712839,21.64
721,1377712844,21.65
721,1377712849,21.65
721,1377712854,21.65
721,1377712859,21.64
721,1377712864,21.66
721,1377712869,21.66
721,1377712874,21.66
721,1377712879,21.66
721,1377712884,21.66
721,1377712889,21.66
721,1377712894,21.66
721,1377712899,21.65
721,1377712904,21.65
721,1377712909,21.66
721,1377712914,21.66
721,1377712919,21.66
721,1377712924,21.66
721,1377712929,21.65
721,1377712934,21.66
721,1377712939,21.65
721,1377712944,21.66
721,1377712949,21.65
721,1377712954,21.66
721,1377712959,21.65
721,1377712964,21.66
721,1377712969,21.66
721,1377712974,21.66
721,1377712979,21.65
721,1377712984,21.65
721,1377712989,21.65
721,1377712995,21.66
721,1377712999,21.65
721,1377713004,21.65
721,1377713009,21.65
721,1377713014,21.66
721,1377713019,21.65
721,1377713024,21.66
721,1377713029,21.66
721,1377713034,21.66
721,1377713039,21.65
721,1377713044,21.65
721,1377713049,21.66
721,1377713054,21.65
721,1377713059,21.66
721,1377713064,21.65
721,1377713069,21.66
721,1377713074,21.66
721,1377713079,21.66
721,1377713084,21.66
721,1377713089,21.66
721,1377713094,21.67
721,1377713099,21.66
721,1377713104,21.66
721,1377713109,21.66
721,1377713114,21.67
721,1377713119,21.66
721,1377713124,21.66
721,1377713129,21.66
721,1377713134,21.66
721,1377713139,21.66
721,1377713144,21.66
721,1377713149,21.66
721,1377713154,21.67
721,1377713159,21.66
721,1377713164,21.66
721,1377713169,21.66
721,1377713174,21.66
721,1377713179,21.66
721,1377713184,21.68
721,1377713189,21.68
721,1377713194,21.66
721,1377713199,21.66
721,1377713204,21.66
721,1377713209,21.66
721,1377713214,21.67
721,1377713219,21.67
721,1377713224,21.67
721,1377713229,21.68
721,1377713234,21.67
721,1377713239,21.67
721,1377713244,21.68
721,1377713249,21.68
721,1377713254,21.69
721,1377713259,21.68
721,1377713264,21.68
721,1377713269,21.68
721,1377713274,21.68
721,1377713279,21.67
721,1377713284,21.67
721,1377713289,21.68
721,1377713294,21.68
721,1377713299,21.68
721,1377713304,21.68
721,1377713309,21.68
721,1377713314,21.68
721,1377713319,21.67
721,1377713324,21.68
721,1377713329,21.67
721,1377713334,21.68
721,1377713339,21.68
721,1377713344,21.67
721,1377713349,21.67
721,1377713354,21.67
721,1377713359,21.68
721,1377713364,21.68
721,1377713369,21.68
721,1377713374,21.67
721,1377713379,21.69
721,1377713384,21.68
721,1377713389,21.68
721,1377713394,21.68
721,1377713399,21.67
721,1377713404,21.68
721,1377713409,21.69
721,1377713414,21.67
721,1377713419,21.67
721,1377713424,21.68
721,1377713429,21.68
721,1377713434,21.67
721,1377713439,21.68
721,1377713444,21.68
721,1377713449,21.68
721,1377713454,21.69
721,1377713459,21.69
721,1377713464,21.69
721,1377713469,21.68
721,1377713474,21.68
721,1377713479,21.69
721,1377713484,21.69
721,1377713489,21.69
721,1377713494,21.68
721,1377713499,21.68
721,1377713504,21.69
721,1377713509,21.68
721,1377713514,21.69
721,1377713519,21.7
721,1377713524,21.7
721,1377713529,21.7
721,1377713534,21.69
721,1377713539,21.7
721,1377713544,21.69
721,1377713549,21.69
721,1377713554,21.69
721,1377713559,21.69
721,1377713564,21.68
721,1377713569,21.7
721,1377713574,21.7
721,1377713579,21.69
721,1377713584,21.7
721,1377713589,21.69
721,1377713594,21.71
721,1377713599,21.7
721,1377713604,21.7
721,1377713609,21.7
721,1377713614,21.69
721,1377713619,21.7
721,1377713624,21.7
721,1377713629,21.69
721,1377713634,21.71
721,1377713639,21.7
721,1377713644,21.7
721,1377713649,21.7
721,1377713654,21.7
721,1377713659,21.7
721,1377713664,21.7
721,1377713669,21.7
721,1377713674,21.71
721,1377713679,21.7
721,1377713684,21.7
721,1377713689,21.7
721,1377713694,21.71
721,1377713699,21.71
721,1377713704,21.7
721,1377713709,21.7
721,1377713714,21.71
721,1377713719,21.71
721,1377713724,21.71
721,1377713729,21.7
721,1377713734,21.71
721,1377713739,21.7
721,1377713744,21.71
721,1377713749,21.71
721,1377713754,21.7
721,1377713759,21.7
721,1377713764,21.71
721,1377713769,21.71
721,1377713774,21.72
721,1377713779,21.71
721,1377713784,21.72
721,1377713789,21.71
721,1377713794,21.71
721,1377713799,21.71
721,1377713804,21.7
721,1377713809,21.71
721,1377713814,21.71
721,1377713819,21.71
721,1377713824,21.72
721,1377713829,21.72
721,1377713834,21.71
721,1377713839,21.7
721,1377713844,21.71
721,1377713849,21.72
721,1377713854,21.72
721,1377713859,21.71
721,1377713864,21.72
721,1377713869,21.7
721,1377713874,21.71
721,1377713879,21.71
721,1377713884,21.7
721,1377713889,21.71
721,1377713894,21.71
721,1377713899,21.71
721,1377713904,21.72
721,1377713909,21.71
721,1377713914,21.71
721,1377713919,21.71
721,1377713924,21.71
721,1377713929,21.72
721,1377713934,21.71
721,1377713939,21.72
721,1377713944,21.73
721,1377713949,21.72
721,1377713954,21.71
721,1377713959,21.71
721,1377713964,21.71
721,1377713969,21.71
721,1377713974,21.7
721,1377713979,21.72
721,1377713984,21.72
721,1377713989,21.72
721,1377713994,21.72
721,1377713999,21.72
721,1377714004,21.72
721,1377714009,21.71
721,1377714014,21.73
721,1377714019,21.72
721,1377714024,21.72
721,1377714029,21.72
721,1377714034,21.72
721,1377714039,21.71
721,1377714044,21.72
721,1377714049,21.7
721,1377714054,21.72
721,1377714059,21.71
721,1377714064,21.71
721,1377714069,21.71
721,1377714074,21.72
721,1377714079,21.72
721,1377714084,21.73
721,1377714089,21.72
721,1377714094,21.72
721,1377714099,21.73
721,1377714104,21.73
721,1377714109,21.73
721,1377714114,21.72
721,1377714119,21.72
721,1377714124,21.72
721,1377714129,21.73
721,1377714134,21.73
721,1377714139,21.72
721,1377714144,21.73
721,1377714149,21.73
721,1377714154,21.72
721,1377714159,21.72
721,1377714164,21.73
721,1377714169,21.74
721,1377714174,21.72
721,1377714179,21.72
721,1377714184,21.73
721,1377714189,21.72
721,1377714194,21.72
721,1377714199,21.73
721,1377714204,21.73
721,1377714209,21.72
721,1377714214,21.74
721,1377714219,21.72
721,1377714224,21.73
721,1377714229,21.74
721,1377714234,21.74
721,1377714239,21.73
721,1377714244,21.72
721,1377714249,21.72
721,1377714254,21.73
721,1377714259,21.73
721,1377714264,21.74
721,1377714269,21.72
721,1377714274,21.73
721,1377714279,21.73
721,1377714284,21.74
721,1377714289,21.72
721,1377714294,21.73
721,1377714299,21.73
721,1377714304,21.73
721,1377714309,21.73
721,1377714314,21.73
721,1377714319,21.73
721,1377714324,21.72
721,1377714329,21.72
721,1377714334,21.72
721,1377714339,21.72
721,1377714344,21.73
721,1377714349,21.73
721,1377714354,21.72
721,1377714359,21.74
721,1377714364,21.74
721,1377714369,21.73
721,1377714374,21.74
721,1377714379,21.72
721,1377714384,21.74
721,1377714389,21.74
721,1377714394,21.74
721,1377714399,21.73
721,1377714404,21.74
721,1377714409,21.73
721,1377714414,21.73
721,1377714419,21.73
721,1377714424,21.72
721,1377714429,21.74
721,1377714434,21.74
721,1377714439,21.74
721,1377714444,21.73
721,1377714449,21.75
721,1377714454,21.73
721,1377714459,21.74
721,1377714464,21.75
721,1377714469,21.74
721,1377714474,21.72
721,1377714479,21.74
721,1377714484,21.74
721,1377714489,21.73
721,1377714494,21.74
721,1377714499,21.74
721,1377714504,21.74
721,1377714509,21.74
721,1377714514,21.74
721,1377714519,21.74
721,1377714524,21.74
721,1377714529,21.74
721,1377714534,21.74
721,1377714539,21.74
721,1377714544,21.74
721,1377714549,21.75
721,1377714554,21.74
721,1377714559,21.75
721,1377714564,21.74
721,1377714569,21.75
721,1377714574,21.74
721,1377714579,21.73
721,1377714584,21.75
721,1377714589,21.74
721,1377714594,21.74
721,1377714599,21.74
721,1377714604,21.74
721,1377714609,21.74
721,1377714614,21.74
721,1377714619,21.74
721,1377714624,21.75
721,1377714629,21.75
721,1377714634,21.74
721,1377714639,21.75
721,1377714644,21.75
721,1377714649,21.74
721,1377714654,21.74
721,1377714659,21.74
721,1377714664,21.75
721,1377714669,21.73
721,1377714674,21.75
721,1377714679,21.74
721,1377714684,21.75
721,1377714689,21.74
721,1377714694,21.74
721,1377714699,21.74
721,1377714704,21.74
721,1377714709,21.74
721,1377714714,21.75
721,1377714719,21.76
721,1377714724,21.75
721,1377714729,21.75
721,1377714734,21.75
721,1377714739,21.76
721,1377714744,21.76
721,1377714749,21.75
721,1377714754,21.75
721,1377714759,21.75
721,1377714764,21.75
721,1377714769,21.76
721,1377714775,21.77
721,1377714779,21.76
721,1377714784,21.76
721,1377714789,21.76
721,1377714794,21.76
721,1377714799,21.76
721,1377714804,21.74
721,1377714809,21.76
721,1377714814,21.76
721,1377714819,21.76
721,1377714824,21.77
721,1377714829,21.76
721,1377714834,21.77
721,1377714839,21.75
721,1377714844,21.76
721,1377714849,21.77
721,1377714854,21.76
721,1377714859,21.76
721,1377714864,21.77
721,1377714869,21.76
721,1377714874,21.77
721,1377714879,21.78
721,1377714884,21.77
721,1377714889,21.76
721,1377714894,21.76
721,1377714899,21.76
721,1377714904,21.77
721,1377714909,21.78
721,1377714914,21.77
721,1377714919,21.78
721,1377714924,21.76
721,1377714929,21.76
721,1377714934,21.76
721,1377714939,21.76
721,1377714944,21.76
721,1377714949,21.77
721,1377714954,21.76
721,1377714959,21.77
721,1377714964,21.78
721,1377714969,21.76
721,1377714974,21.78
721,1377714979,21.76
721,1377714984,21.78
721,1377714989,21.77
721,1377714994,21.78
721,1377714999,21.78
721,1377715004,21.78
721,1377715009,21.77
721,1377715014,21.78
721,1377715019,21.78
721,1377715024,21.78
721,1377715029,21.78
721,1377715034,21.77
721,1377715039,21.79
721,1377715044,21.77
721,1377715049,21.78
721,1377715054,21.78
721,1377715059,21.78
721,1377715064,21.78
721,1377715069,21.77
721,1377715074,21.78
721,1377715079,21.77
721,1377715084,21.78
721,1377715089,21.78
721,1377715094,21.78
721,1377715099,21.78
721,1377715104,21.78
721,1377715109,21.78
721,1377715114,21.78
721,1377715119,21.79
721,1377715124,21.79
721,1377715129,21.78
721,1377715134,21.78
721,1377715139,21.78
721,1377715144,21.78
721,1377715149,21.78
721,1377715154,21.78
721,1377715159,21.79
721,1377715164,21.8
721,1377715169,21.78
721,1377715174,21.78
721,1377715179,21.78
721,1377715184,21.78
721,1377715189,21.79
721,1377715194,21.79
721,1377715199,21.78
721,1377715204,21.78
721,1377715209,21.8
721,1377715214,21.78
721,1377715219,21.8
721,1377715224,21.8
721,1377715229,21.78
721,1377715234,21.8
721,1377715239,21.8
721,1377715244,21.79
721,1377715249,21.8
721,1377715254,21.8
721,1377715259,21.8
721,1377715264,21.79
721,1377715269,21.79
721,1377715274,21.79
721,1377715279,21.8
721,1377715284,21.8
721,1377715289,21.79
721,1377715294,21.8
721,1377715299,21.79
721,1377715304,21.81
721,1377715309,21.79
721,1377715314,21.8
721,1377715319,21.82
721,1377715324,21.8
721,1377715329,21.8
721,1377715334,21.79
721,1377715339,21.8
721,1377715344,21.8
721,1377715349,21.82
721,1377715354,21.79
721,1377715359,21.81
721,1377715364,21.8
721,1377715369,21.8
721,1377715374,21.8
721,1377715379,21.8
721,1377715384,21.8
721,1377715389,21.8
721,1377715394,21.8
721,1377715399,21.8
721,1377715404,21.81
721,1377715409,21.8
721,1377715414,21.81
721,1377715419,21.81
721,1377715424,21.81
721,1377715429,21.8
721,1377715434,21.81
721,1377715439,21.8
721,1377715444,21.8
721,1377715449,21.8
721,1377715454,21.81
721,1377715459,21.8
721,1377715464,21.8
721,1377715469,21.8
721,1377715474,21.81
721,1377715479,21.81
721,1377715484,21.8
721,1377715489,21.81
721,1377715494,21.81
721,1377715499,21.82
721,1377715504,21.81
721,1377715509,21.81
721,1377715514,21.81
721,1377715519,21.81
721,1377715524,21.82
721,1377715529,21.82
721,1377715534,21.82
721,1377715539,21.82
721,1377715544,21.82
721,1377715549,21.81
721,1377715554,21.8
721,1377715559,21.82
721,1377715564,21.82
721,1377715569,21.82
721,1377715574,21.81
721,1377715579,21.81
721,1377715584,21.81
721,1377715589,21.82
721,1377715594,21.82
721,1377715599,21.82
721,1377715604,21.82
721,1377715609,21.82
721,1377715614,21.83
721,1377715619,21.82
721,1377715624,21.82
721,1377715629,21.83
721,1377715634,21.83
721,1377715639,21.82
721,1377715644,21.82
721,1377715649,21.83
721,1377715654,21.82
721,1377715659,21.82
721,1377715664,21.82
721,1377715669,21.82
721,1377715674,21.83
721,1377715679,21.82
721,1377715684,21.82
721,1377715689,21.82
721,1377715694,21.82
721,1377715699,21.82
721,1377715704,21.83
721,1377715709,21.82
721,1377715714,21.82
721,1377715719,21.83
721,1377715724,21.82
721,1377715729,21.82
721,1377715734,21.82
721,1377715739,21.83
721,1377715744,21.83
721,1377715749,21.82
721,1377715754,21.82
721,1377715759,21.82
721,1377715764,21.83
721,1377715769,21.83
721,1377715774,21.82
721,1377715779,21.85
721,1377715784,21.84
721,1377715789,21.83
721,1377715794,21.82
721,1377715799,21.82
721,1377715804,21.83
721,1377715809,21.82
721,1377715814,21.83
721,1377715819,21.84
721,1377715824,21.82
721,1377715829,21.84
721,1377715836,21.82
721,1377715840,21.84
721,1377715844,21.82
721,1377715849,21.83
721,1377715854,21.84
721,1377715859,21.83
721,1377715864,21.83
721,1377715869,21.83
721,1377715874,21.84
721,1377715879,21.83
721,1377715884,21.83
721,1377715889,21.84
721,1377715894,21.83
721,1377715899,21.84
721,1377715904,21.85
721,1377715909,21.84
721,1377715914,21.83
721,1377715919,21.84
721,1377715924,21.84
721,1377715929,21.85
721,1377715934,21.84
721,1377715939,21.84
721,1377715944,21.84
721,1377715949,21.84
721,1377715954,21.85
721,1377715959,21.84
721,1377715964,21.85
721,1377715969,21.85
721,1377715974,21.85
721,1377715979,21.85
721,1377715984,21.84
721,1377715989,21.84
721,1377716001,21.84
721,1377716006,21.85
721,1377716009,21.84
721,1377716014,21.85
721,1377716019,21.85
721,1377716024,21.84
721,1377716029,21.85
721,1377716035,21.85
721,1377716039,21.84
721,1377716045,21.84
721,1377716049,21.86
721,1377716054,21.84
721,1377716059,21.84
721,1377716064,21.85
721,1377716069,21.86
721,1377716074,21.84
721,1377716079,21.84
721,1377716084,21.84
721,1377716089,21.84
721,1377716094,21.85
721,1377716099,21.85
721,1377716104,21.86
721,1377716109,21.85
721,1377716114,21.86
721,1377716119,21.86
721,1377716124,21.86
721,1377716129,21.86
721,1377716134,21.86
721,1377716140,21.87
721,1377716144,21.86
721,1377716149,21.86
721,1377716154,21.85
721,1377716159,21.85
721,1377716164,21.86
721,1377716169,21.86
721,1377716174,21.85
721,1377716179,21.86
721,1377716184,21.86
721,1377716189,21.86
721,1377716194,21.84
721,1377716199,21.85
721,1377716204,21.86
721,1377716209,21.85
721,1377716214,21.84
721,1377716219,21.86
721,1377716224,21.86
721,1377716230,21.85
721,1377716234,21.86
721,1377716239,21.86
721,1377716244,21.85
721,1377716249,21.86
721,1377716254,21.85
721,1377716259,21.86
721,1377716264,21.86
721,1377716269,21.85
721,1377716274,21.86
721,1377716280,21.86
721,1377716284,21.85
721,1377716289,21.86
721,1377716294,21.84
721,1377716299,21.86
721,1377716304,21.85
721,1377716309,21.86
721,1377716314,21.85
721,1377716319,21.86
721,1377716324,21.86
721,1377716329,21.86
721,1377716334,21.86
721,1377716339,21.86
721,1377716344,21.86
721,1377716349,21.86
721,1377716354,21.86
721,1377716359,21.86
721,1377716364,21.86
721,1377716369,21.85
721,1377716374,21.86
721,1377716379,21.87
721,1377716384,21.86
721,1377716389,21.86
721,1377716394,21.86
721,1377716399,21.87
721,1377716404,21.87
721,1377716409,21.86
721,1377716414,21.87
721,1377716419,21.86
721,1377716424,21.86
721,1377716429,21.86
721,1377716434,21.87
721,1377716439,21.87
721,1377716444,21.87
721,1377716449,21.86
721,1377716454,21.87
721,1377716459,21.87
721,1377716464,21.88
721,1377716469,21.86
721,1377716474,21.86
721,1377716479,21.87
721,1377716484,21.87
721,1377716489,21.87
721,1377716494,21.86
721,1377716499,21.87
721,1377716504,21.87
721,1377716509,21.87
721,1377716514,21.87
721,1377716519,21.86
721,1377716524,21.87
721,1377716529,21.86
721,1377716534,21.88
721,1377716539,21.87
721,1377716544,21.87
721,1377716549,21.88
721,1377716554,21.86
721,1377716559,21.87
721,1377716564,21.88
721,1377716569,21.87
721,1377716574,21.88
721,1377716579,21.87
721,1377716584,21.87
721,1377716589,21.88
721,1377716594,21.87
721,1377716599,21.89
721,1377716604,21.88
721,1377716609,21.88
721,1377716614,21.86
721,1377716619,21.87
721,1377716624,21.88
721,1377716629,21.88
721,1377716634,21.88
721,1377716639,21.88
721,1377716644,21.88
721,1377716649,21.88
721,1377716654,21.87
721,1377716659,21.88
721,1377716664,21.88
721,1377716669,21.88
721,1377716674,21.87
721,1377716679,21.87
721,1377716684,21.88
721,1377716689,21.88
721,1377716694,21.88
721,1377716699,21.89
721,1377716704,21.9
721,1377716709,21.86
721,1377716714,21.89
721,1377716719,21.88
721,1377716724,21.88
721,1377716729,21.88
721,1377716734,21.88
721,1377716739,21.89
721,1377716744,21.88
721,1377716749,21.89
721,1377716754,21.88
721,1377716759,21.88
721,1377716764,21.88
721,1377716769,21.88
721,1377716774,21.89
721,1377716779,21.88
721,1377716784,21.88
721,1377716789,21.89
721,1377716794,21.89
721,1377716799,21.89
721,1377716804,21.88
721,1377716809,21.88
721,1377716814,21.89
721,1377716819,21.89
721,1377716824,21.88
721,1377716829,21.88
721,1377716834,21.88
721,1377716839,21.88
721,1377716844,21.88
721,1377716849,21.88
721,1377716854,21.88
721,1377716859,21.89
721,1377716864,21.88
721,1377716869,21.89
721,1377716874,21.89
721,1377716879,21.89
721,1377716884,21.89
721,1377716889,21.89
721,1377716894,21.9
721,1377716899,21.89
721,1377716904,21.89
721,1377716909,21.9
721,1377716914,21.89
721,1377716919,21.88
721,1377716924,21.9
721,1377716929,21.88
721,1377716934,21.9
721,1377716939,21.9
721,1377716944,21.89
721,1377716949,21.9
721,1377716954,21.89
721,1377716959,21.9
721,1377716964,21.9
721,1377716969,21.9
721,1377716974,21.89
721,1377716979,21.9
721,1377716984,21.9
721,1377716989,21.9
721,1377716994,21.9
721,1377716999,21.9
721,1377717004,21.9
721,1377717009,21.89
721,1377717014,21.9
721,1377717019,21.9
721,1377717024,21.9
721,1377717029,21.91
721,1377717034,21.9
721,1377717039,21.9
721,1377717044,21.91
721,1377717049,21.9
721,1377717054,21.92
721,1377717059,21.9
721,1377717064,21.9
721,1377717069,21.91
721,1377717074,21.9
721,1377717079,21.9
721,1377717084,21.91
721,1377717089,21.91
721,1377717094,21.9
721,1377717099,21.92
721,1377717104,21.91
721,1377717109,21.91
721,1377717114,21.9
721,1377717119,21.93
721,1377717124,21.91
721,1377717129,21.91
721,1377717134,21.92
721,1377717139,21.92
721,1377717144,21.9
721,1377717149,21.91
721,1377717154,21.93
721,1377717159,21.9
721,1377717164,21.91
721,1377717169,21.92
721,1377717174,21.92
721,1377717179,21.9
721,1377717184,21.92
721,1377717189,21.92
721,1377717194,21.91
721,1377717199,21.91
721,1377717204,21.92
721,1377717209,21.92
721,1377717214,21.91
721,1377717219,21.91
721,1377717224,21.91
721,1377717229,21.92
721,1377717234,21.92
721,1377717239,21.92
721,1377717244,21.91
721,1377717249,21.91
721,1377717254,21.91
721,1377717259,21.91
721,1377717264,21.92
721,1377717269,21.92
721,1377717274,21.92
721,1377717279,21.92
721,1377717284,21.91
721,1377717289,21.92
721,1377717294,21.92
721,1377717299,21.91
721,1377717304,21.91
721,1377717309,21.93
721,1377717314,21.93
721,1377717319,21.93
721,1377717324,21.92
721,1377717329,21.93
721,1377717334,21.92
721,1377717339,21.92
721,1377717344,21.93
721,1377717349,21.93
721,1377717354,21.93
721,1377717359,21.93
721,1377717364,21.92
721,1377717369,21.92
721,1377717374,21.93
721,1377717379,21.92
721,1377717384,21.92
721,1377717389,21.93
721,1377717394,21.94
721,1377717399,21.93
721,1377717404,21.92
721,1377717409,21.94
721,1377717414,21.94
721,1377717419,21.94
721,1377717424,21.94
721,1377717429,21.93
721,1377717434,21.93
721,1377717439,21.94
721,1377717444,21.92
721,1377717449,21.92
721,1377717454,21.94
721,1377717459,21.92
721,1377717464,21.93
721,1377717469,21.94
721,1377717474,21.94
721,1377717479,21.93
721,1377717484,21.93
721,1377717489,21.92
721,1377717494,21.94
721,1377717499,21.94
721,1377717505,21.94
721,1377717509,21.93
721,1377717514,21.93
721,1377717519,21.94
721,1377717524,21.95
721,1377717529,21.93
721,1377717534,21.94
721,1377717539,21.94
721,1377717544,21.95
721,1377717549,21.94
721,1377717554,21.93
721,1377717559,21.94
721,1377717564,21.94
721,1377717569,21.94
721,1377717574,21.93
721,1377717579,21.93
721,1377717584,21.95
721,1377717589,21.94
721,1377717594,21.95
721,1377717599,21.94
721,1377717604,21.94
721,1377717609,21.95
721,1377717614,21.94
721,1377717619,21.95
721,1377717624,21.95
721,1377717629,21.96
721,1377717634,21.96
721,1377717639,21.96
721,1377717644,21.95
721,1377717649,21.96
721,1377717654,21.95
721,1377717659,21.95
721,1377717664,21.95
721,1377717669,21.95
721,1377717674,21.96
721,1377717679,21.94
721,1377717684,21.96
721,1377717689,21.96
721,1377717694,21.96
721,1377717699,21.95
721,1377717704,21.96
721,1377717709,21.95
721,1377717714,21.96
721,1377717719,21.96
721,1377717724,21.95
721,1377717729,21.96
721,1377717734,21.96
721,1377717739,21.95
721,1377717744,21.96
721,1377717749,21.96
721,1377717754,21.96
721,1377717759,21.96
721,1377717764,21.96
721,1377717769,21.96
721,1377717774,21.96
721,1377717779,21.95
721,1377717784,21.96
721,1377717789,21.97
721,1377717794,21.96
721,1377717799,21.96
721,1377717804,21.95
721,1377717809,21.96
721,1377717814,21.96
721,1377717819,21.96
721,1377717824,21.97
721,1377717829,21.96
721,1377717834,21.96
721,1377717839,21.98
721,1377717844,21.96
721,1377717849,21.97
721,1377717854,21.97
721,1377717859,21.97
721,1377717864,21.97
721,1377717869,21.96
721,1377717874,21.97
721,1377717879,21.97
721,1377717884,21.96
721,1377717889,21.97
721,1377717894,21.97
721,1377717899,21.96
721,1377717905,21.97
721,1377717909,21.98
721,1377717914,21.96
721,1377717919,21.97
721,1377717924,21.97
721,1377717929,21.97
721,1377717934,21.98
721,1377717939,21.97
721,1377717944,21.98
721,1377717949,21.98
721,1377717954,21.97
721,1377717959,21.98
721,1377717964,21.97
721,1377717969,21.98
721,1377717974,21.96
721,1377717979,21.98
721,1377717984,21.98
721,1377717989,21.96
721,1377717994,21.97
721,1377717999,21.98
721,1377718004,21.97
721,1377718009,21.98
721,1377718014,21.98
721,1377718019,21.97
721,1377718024,21.98
721,1377718029,21.97
721,1377718034,21.98
721,1377718039,21.98
721,1377718044,21.98
721,1377718049,21.98
721,1377718054,21.98
721,1377718059,21.98
721,1377718064,21.97
721,1377718069,21.98
721,1377718074,21.99
721,1377718079,21.97
721,1377718084,21.99
721,1377718089,21.98
721,1377718094,21.99
721,1377718099,22.0
721,1377718104,21.98
721,1377718109,21.98
721,1377718114,21.98
721,1377718119,21.98
721,1377718124,21.98
721,1377718129,22.0
721,1377718134,21.98
721,1377718139,21.98
721,1377718144,21.98
721,1377718149,21.98
721,1377718154,21.98
721,1377718159,21.98
721,1377718164,21.99
721,1377718169,21.99
721,1377718174,21.99
721,1377718179,21.98
721,1377718184,21.99
721,1377718189,21.99
721,1377718194,21.98
721,1377718199,21.99
721,1377718204,21.99
721,1377718209,21.99
721,1377718214,21.98
721,1377718219,22.0
721,1377718224,21.99
721,1377718229,21.99
721,1377718234,22.0
721,1377718239,22.0
721,1377718244,21.99
721,1377718249,21.99
721,1377718254,22.0
721,1377718259,22.0
721,1377718264,22.0
721,1377718269,22.0
721,1377718274,21.98
721,1377718279,21.99
721,1377718284,22.0
721,1377718289,22.01
721,1377718294,21.99
721,1377718299,22.0
721,1377718304,22.0
721,1377718309,22.0
721,1377718314,22.0
721,1377718319,22.0
721,1377718324,22.0
721,1377718329,22.0
721,1377718334,22.01
721,1377718339,22.0
721,1377718344,22.0
721,1377718349,22.0
721,1377718354,22.0
721,1377718359,22.0
721,1377718364,22.0
721,1377718369,22.0
721,1377718374,22.0
721,1377718379,22.0
721,1377718384,22.0
721,1377718389,22.0
721,1377718394,22.0
721,1377718399,22.0
721,1377718404,22.01
721,1377718409,22.01
721,1377718414,22.0
721,1377718419,22.0
721,1377718424,22.01
721,1377718429,22.0
721,1377718434,22.0
721,1377718439,22.0
721,1377718444,22.0
721,1377718449,22.0
721,1377718454,22.02
721,1377718459,22.01
721,1377718464,22.01
721,1377718469,22.01
721,1377718474,22.0
721,1377718479,22.01
721,1377718484,22.02
721,1377718489,22.01
721,1377718494,22.0
721,1377718499,22.0
721,1377718504,22.0
721,1377718509,22.0
721,1377718514,22.0
721,1377718519,22.0
721,1377718524,22.0
721,1377718529,22.01
721,1377718534,22.01
721,1377718539,22.02
721,1377718544,22.01
721,1377718549,22.01
721,1377718554,22.0
721,1377718559,22.0
721,1377718564,22.01
721,1377718569,22.0
721,1377718574,22.02
721,1377718579,22.02
721,1377718584,22.01
721,1377718589,22.02
721,1377718594,22.02
721,1377718599,22.01
721,1377718604,22.02
721,1377718609,22.01
721,1377718614,22.02
721,1377718619,22.0
721,1377718624,22.0
721,1377718629,22.02
721,1377718634,22.01
721,1377718639,22.02
721,1377718644,22.02
721,1377718649,22.03
721,1377718654,22.01
721,1377718659,22.02
721,1377718664,22.02
721,1377718669,22.02
721,1377718674,22.02
721,1377718679,22.02
721,1377718684,22.02
721,1377718689,22.03
721,1377718694,22.02
721,1377718699,22.02
721,1377718704,22.02
721,1377718709,22.03
721,1377718714,22.02
721,1377718719,22.03
721,1377718724,22.03
721,1377718729,22.02
721,1377718734,22.02
721,1377718739,22.03
721,1377718744,22.03
721,1377718749,22.02
721,1377718754,22.02
721,1377718759,22.02
721,1377718764,22.02
721,1377718769,22.03
721,1377718774,22.02
721,1377718779,22.03
721,1377718784,22.03
721,1377718789,22.03
721,1377718794,22.03
721,1377718799,22.03
721,1377718804,22.04
721,1377718809,22.04
721,1377718814,22.03
721,1377718819,22.03
721,1377718824,22.02
721,1377718829,22.04
721,1377718834,22.03
721,1377718839,22.03
721,1377718844,22.04
721,1377718849,22.02
721,1377718854,22.04
721,1377718859,22.04
721,1377718864,22.04
721,1377718869,22.04
721,1377718874,22.04
721,1377718879,22.03
721,1377718884,22.02
721,1377718889,22.03
721,1377718894,22.04
721,1377718899,22.03
721,1377718904,22.04
721,1377718909,22.04
721,1377718914,22.05
721,1377718919,22.04
721,1377718924,22.04
721,1377718929,22.03
721,1377718934,22.04
721,1377718939,22.04
721,1377718944,22.04
721,1377718949,22.04
721,1377718954,22.03
721,1377718959,22.04
721,1377718964,22.03
721,1377718969,22.04
721,1377718974,22.04
721,1377718979,22.05
721,1377718984,22.05
721,1377718989,22.04
721,1377718994,22.06
721,1377718999,22.05
721,1377719004,22.04
721,1377719009,22.05
721,1377719014,22.05
721,1377719019,22.04
721,1377719024,22.05
721,1377719029,22.05
721,1377719034,22.04
721,1377719039,22.05
721,1377719044,22.05
721,1377719049,22.05
721,1377719054,22.05
721,1377719059,22.05
721,1377719064,22.05
721,1377719069,22.04
721,1377719074,22.05
721,1377719079,22.04
721,1377719084,22.06
721,1377719089,22.04
721,1377719094,22.04
721,1377719099,22.04
721,1377719104,22.05
721,1377719109,22.05
721,1377719114,22.05
721,1377719119,22.04
721,1377719124,22.05
721,1377719129,22.05
721,1377719134,22.05
721,1377719139,22.05
721,1377719144,22.05
721,1377719149,22.05
721,1377719154,22.06
721,1377719159,22.05
721,1377719164,22.05
721,1377719169,22.04
721,1377719174,22.04
721,1377719179,22.04
721,1377719184,22.05
721,1377719189,22.06
721,1377719194,22.06
721,1377719199,22.06
721,1377719204,22.05
721,1377719209,22.06
721,1377719214,22.06
721,1377719219,22.06
721,1377719224,22.05
721,1377719229,22.05
721,1377719234,22.06
721,1377719239,22.07
721,1377719244,22.06
721,1377719249,22.06
721,1377719254,22.06
721,1377719259,22.05
721,1377719264,22.06
721,1377719269,22.06
721,1377719274,22.05
721,1377719279,22.06
721,1377719284,22.06
721,1377719289,22.06
721,1377719294,22.06
721,1377719299,22.05
721,1377719304,22.06
721,1377719309,22.06
721,1377719314,22.06
721,1377719319,22.06
721,1377719324,22.06
721,1377719329,22.06
721,1377719334,22.06
721,1377719339,22.06
721,1377719344,22.06
721,1377719349,22.07
721,1377719354,22.05
721,1377719359,22.06
721,1377719364,22.07
721,1377719369,22.06
721,1377719374,22.07
721,1377719379,22.06
721,1377719384,22.08
721,1377719389,22.07
721,1377719394,22.06
721,1377719399,22.07
721,1377719404,22.07
721,1377719409,22.06
721,1377719414,22.07
721,1377719419,22.06
721,1377719424,22.06
721,1377719429,22.07
721,1377719434,22.07
721,1377719439,22.06
721,1377719445,22.07
721,1377719449,22.08
721,1377719454,22.07
721,1377719459,22.07
721,1377719464,22.08
721,1377719469,22.07
721,1377719474,22.07
721,1377719479,22.08
721,1377719484,22.07
721,1377719489,22.08
721,1377719494,22.07
721,1377719499,22.08
721,1377719504,22.07
721,1377719509,22.08
721,1377719514,22.08
721,1377719519,22.08
721,1377719524,22.07
721,1377719529,22.08
721,1377719534,22.08
721,1377719539,22.08
721,1377719544,22.08
721,1377719549,22.09
721,1377719554,22.08
721,1377719559,22.08
721,1377719564,22.09
721,1377719569,22.08
721,1377719574,22.08
721,1377719579,22.08
721,1377719584,22.08
721,1377719589,22.09
721,1377719594,22.08
721,1377719599,22.08
721,1377719604,22.09
721,1377719609,22.08
721,1377719614,22.09
721,1377719619,22.09
721,1377719624,22.09
721,1377719629,22.08
721,1377719634,22.08
721,1377719639,22.09
721,1377719644,22.09
721,1377719649,22.1
721,1377719654,22.08
721,1377719659,22.08
721,1377719664,22.1
721,1377719669,22.08
721,1377719674,22.08
721,1377719679,22.09
721,1377719684,22.09
721,1377719689,22.1
721,1377719694,22.1
721,1377719699,22.1
721,1377719704,22.1
721,1377719709,22.09
721,1377719714,22.09
721,1377719719,22.1
721,1377719724,22.09
721,1377719729,22.09
721,1377719734,22.1
721,1377719739,22.11
721,1377719744,22.1
721,1377719749,22.1
721,1377719754,22.1
721,1377719759,22.1
721,1377719764,22.1
721,1377719769,22.1
721,1377719774,22.11
721,1377719779,22.11
721,1377719784,22.1
721,1377719789,22.1
721,1377719794,22.1
721,1377719799,22.1
721,1377719804,22.1
721,1377719809,22.1
721,1377719814,22.1
721,1377719819,22.1
721,1377719824,22.12
721,1377719829,22.1
721,1377719834,22.11
721,1377719839,22.1
721,1377719844,22.1
721,1377719849,22.11
721,1377719854,22.1
721,1377719859,22.1
721,1377719864,22.1
721,1377719869,22.11
721,1377719874,22.1
721,1377719879,22.1
721,1377719884,22.12
721,1377719889,22.1
721,1377719894,22.11
721,1377719899,22.12
721,1377719904,22.11
721,1377719909,22.1
721,1377719914,22.1
721,1377719919,22.1
721,1377719924,22.11
721,1377719929,22.1
721,1377719934,22.11
721,1377719939,22.1
721,1377719944,22.12
721,1377719949,22.11
721,1377719954,22.11
721,1377719959,22.11
721,1377719964,22.12
721,1377719969,22.12
721,1377719974,22.11
721,1377719979,22.12
721,1377719984,22.11
721,1377719989,22.12
721,1377719994,22.11
721,1377719999,22.11
721,1377720004,22.11
721,1377720009,22.12
721,1377720014,22.11
721,1377720019,22.12
721,1377720024,22.12
721,1377720029,22.12
721,1377720034,22.12
721,1377720039,22.11
721,1377720044,22.12
721,1377720049,22.12
721,1377720054,22.12
721,1377720059,22.12
721,1377720064,22.12
721,1377720069,22.13
721,1377720074,22.12
721,1377720079,22.12
721,1377720084,22.12
721,1377720089,22.12
721,1377720094,22.13
721,1377720099,22.13
721,1377720104,22.12
721,1377720109,22.13
721,1377720114,22.12
721,1377720119,22.12
721,1377720124,22.11
721,1377720129,22.12
721,1377720134,22.13
721,1377720139,22.12
721,1377720144,22.13
721,1377720149,22.13
721,1377720154,22.12
721,1377720159,22.12
721,1377720164,22.14
721,1377720169,22.12
721,1377720174,22.12
721,1377720179,22.12
721,1377720184,22.14
721,1377720189,22.14
721,1377720194,22.13
721,1377720199,22.12
721,1377720204,22.12
721,1377720209,22.12
721,1377720214,22.13
721,1377720219,22.13
721,1377720224,22.13
721,1377720229,22.12
721,1377720234,22.12
721,1377720239,22.14
721,1377720244,22.13
721,1377720249,22.14
721,1377720254,22.14
721,1377720259,22.13
721,1377720264,22.13
721,1377720269,22.13
721,1377720274,22.13
721,1377720279,22.13
721,1377720284,22.14
721,1377720289,22.14
721,1377720294,22.14
721,1377720299,22.15
721,1377720304,22.14
721,1377720309,22.14
721,1377720314,22.14
721,1377720319,22.13
721,1377720324,22.14
721,1377720329,22.15
721,1377720334,22.13
721,1377720339,22.14
721,1377720344,22.14
721,1377720349,22.14
721,1377720354,22.15
721,1377720359,22.14
721,1377720364,22.14
721,1377720369,22.14
721,1377720374,22.13
721,1377720379,22.14
721,1377720384,22.14
721,1377720389,22.16
721,1377720394,22.15
721,1377720399,22.14
721,1377720404,22.15
721,1377720409,22.14
721,1377720414,22.15
721,1377720419,22.14
721,1377720424,22.15
721,1377720429,22.14
721,1377720434,22.14
721,1377720439,22.14
721,1377720444,22.15
721,1377720449,22.14
721,1377720454,22.14
721,1377720459,22.16
721,1377720464,22.16
721,1377720469,22.15
721,1377720474,22.15
721,1377720479,22.15
721,1377720484,22.16
721,1377720489,22.15
721,1377720494,22.14
721,1377720499,22.15
721,1377720504,22.15
721,1377720509,22.15
721,1377720514,22.15
721,1377720519,22.15
721,1377720524,22.15
721,1377720529,22.16
721,1377720534,22.15
721,1377720539,22.15
721,1377720544,22.15
721,1377720549,22.16
721,1377720554,22.16
721,1377720559,22.16
721,1377720564,22.15
721,1377720569,22.16
721,1377720574,22.16
721,1377720579,22.16
721,1377720584,22.16
721,1377720589,22.15
721,1377720594,22.17
721,1377720599,22.16
721,1377720604,22.16
721,1377720609,22.16
721,1377720614,22.16
721,1377720619,22.16
721,1377720624,22.17
721,1377720629,22.17
721,1377720634,22.16
721,1377720639,22.16
721,1377720644,22.16
721,1377720649,22.16
721,1377720654,22.16
721,1377720659,22.16
721,1377720664,22.17
721,1377720669,22.16
721,1377720674,22.16
721,1377720679,22.17
721,1377720684,22.18
721,1377720689,22.16
721,1377720694,22.16
721,1377720699,22.16
721,1377720704,22.16
721,1377720709,22.18
721,1377720714,22.18
721,1377720719,22.18
721,1377720724,22.17
721,1377720729,22.17
721,1377720734,22.16
721,1377720739,22.18
721,1377720744,22.17
721,1377720749,22.18
721,1377720754,22.17
721,1377720759,22.18
721,1377720764,22.17
721,1377720769,22.18
721,1377720774,22.19
721,1377720779,22.17
721,1377720784,22.18
721,1377720789,22.18
721,1377720794,22.18
721,1377720799,22.18
721,1377720804,22.18
721,1377720809,22.18
721,1377720814,22.18
721,1377720819,22.18
721,1377720824,22.18
721,1377720829,22.18
721,1377720834,22.18
721,1377720839,22.19
721,1377720844,22.19
721,1377720849,22.18
721,1377720854,22.18
721,1377720859,22.18
721,1377720864,22.18
721,1377720869,22.18
721,1377720874,22.18
721,1377720879,22.18
721,1377720884,22.19
721,1377720889,22.19
721,1377720894,22.18
721,1377720899,22.2
721,1377720904,22.2
721,1377720909,22.19
721,1377720914,22.2
721,1377720919,22.19
721,1377720924,22.2
721,1377720929,22.18
721,1377720934,22.18
721,1377720939,22.19
721,1377720944,22.19
721,1377720949,22.19
721,1377720954,22.2
721,1377720959,22.19
721,1377720964,22.2
721,1377720969,22.19
721,1377720974,22.21
721,1377720979,22.21
721,1377720984,22.19
721,1377720989,22.2
721,1377720994,22.21
721,1377720999,22.21
721,1377721004,22.2
721,1377721009,22.2
721,1377721014,22.19
721,1377721019,22.19
721,1377721024,22.21
721,1377721029,22.2
721,1377721034,22.2
721,1377721039,22.2
721,1377721044,22.2
721,1377721049,22.19
721,1377721054,22.2
721,1377721059,22.2
721,1377721064,22.2
721,1377721069,22.21
721,1377721074,22.2
721,1377721079,22.2
721,1377721084,22.19
721,1377721089,22.2
721,1377721094,22.2
721,1377721099,22.2
721,1377721104,22.2
721,1377721109,22.2
721,1377721114,22.2
721,1377721119,22.21
721,1377721124,22.2
721,1377721129,22.2
721,1377721134,22.2
721,1377721139,22.21
721,1377721144,22.2
721,1377721149,22.21
721,1377721154,22.21
721,1377721159,22.2
721,1377721164,22.21
721,1377721169,22.21
721,1377721174,22.21
721,1377721179,22.21
721,1377721184,22.2
721,1377721189,22.22
721,1377721194,22.21
721,1377721199,22.2
721,1377721204,22.2
721,1377721209,22.2
721,1377721214,22.22
721,1377721219,22.2
721,1377721224,22.21
721,1377721229,22.22
721,1377721234,22.2
721,1377721239,22.21
721,1377721244,22.2
721,1377721249,22.22
721,1377721254,22.21
721,1377721259,22.21
721,1377721264,22.21
721,1377721269,22.22
721,1377721274,22.22
721,1377721279,22.22
721,1377721284,22.21
721,1377721289,22.22
721,1377721294,22.21
721,1377721299,22.21
721,1377721304,22.21
721,1377721309,22.21
721,1377721314,22.22
721,1377721319,22.21
721,1377721324,22.22
721,1377721329,22.22
721,1377721334,22.22
721,1377721339,22.22
721,1377721344,22.22
721,1377721349,22.22
721,1377721354,22.22
721,1377721359,22.22
721,1377721364,22.22
721,1377721369,22.23
721,1377721374,22.23
721,1377721379,22.23
721,1377721384,22.22
721,1377721389,22.22
721,1377721394,22.22
721,1377721399,22.22
721,1377721404,22.21
721,1377721409,22.22
721,1377721414,22.22
721,1377721419,22.22
721,1377721424,22.22
721,1377721429,22.23
721,1377721434,22.22
721,1377721439,22.21
721,1377721444,22.22
721,1377721449,22.23
721,1377721454,22.22
721,1377721459,22.23
721,1377721464,22.22
721,1377721469,22.23
721,1377721474,22.22
721,1377721479,22.23
721,1377721484,22.23
721,1377721489,22.23
721,1377721494,22.24
721,1377721499,22.23
721,1377721504,22.24
721,1377721509,22.24
721,1377721514,22.23
721,1377721519,22.22
721,1377721524,22.23
721,1377721529,22.23
721,1377721534,22.24
721,1377721539,22.23
721,1377721544,22.24
721,1377721549,22.24
721,1377721554,22.24
721,1377721559,22.23
721,1377721564,22.23
721,1377721569,22.23
721,1377721574,22.24
721,1377721579,22.23
721,1377721584,22.24
721,1377721589,22.24
721,1377721594,22.23
721,1377721599,22.24
721,1377721604,22.24
721,1377721609,22.23
721,1377721614,22.24
721,1377721619,22.24
721,1377721624,22.25
721,1377721629,22.24
721,1377721634,22.24
721,1377721639,22.24
721,1377721644,22.23
721,1377721649,22.24
721,1377721654,22.25
721,1377721659,22.24
721,1377721664,22.23
721,1377721669,22.24
721,1377721674,22.25
721,1377721679,22.24
721,1377721684,22.24
721,1377721689,22.24
721,1377721694,22.24
721,1377721699,22.24
721,1377721704,22.24
721,1377721709,22.24
721,1377721714,22.24
721,1377721719,22.24
721,1377721724,22.24
721,1377721729,22.25
721,1377721734,22.25
721,1377721739,22.24
721,1377721744,22.25
721,1377721749,22.24
721,1377721754,22.24
721,1377721759,22.24
721,1377721764,22.25
721,1377721769,22.24
721,1377721774,22.26
721,1377721779,22.25
721,1377721784,22.25
721,1377721789,22.26
721,1377721794,22.26
721,1377721799,22.24
721,1377721804,22.26
721,1377721809,22.25
721,1377721814,22.26
721,1377721819,22.26
721,1377721824,22.26
721,1377721829,22.26
721,1377721834,22.26
721,1377721839,22.27
721,1377721844,22.25
721,1377721849,22.26
721,1377721854,22.26
721,1377721859,22.25
721,1377721864,22.26
721,1377721869,22.26
721,1377721874,22.26
721,1377721879,22.25
721,1377721884,22.25
721,1377721889,22.26
721,1377721894,22.26
721,1377721899,22.26
721,1377721904,22.26
721,1377721909,22.25
721,1377721914,22.26
721,1377721919,22.25
721,1377721924,22.26
721,1377721929,22.25
721,1377721934,22.25
721,1377721939,22.26
721,1377721944,22.26
721,1377721949,22.27
721,1377721954,22.26
721,1377721959,22.27
721,1377721964,22.26
721,1377721969,22.26
721,1377721974,22.26
721,1377721979,22.27
721,1377721984,22.25
721,1377721989,22.26
721,1377721994,22.26
721,1377721999,22.27
721,1377722004,22.28
721,1377722009,22.26
721,1377722014,22.26
721,1377722019,22.27
721,1377722024,22.28
721,1377722029,22.27
721,1377722034,22.26
721,1377722039,22.27
721,1377722044,22.27
721,1377722049,22.27
721,1377722054,22.26
721,1377722059,22.27
721,1377722064,22.28
721,1377722069,22.28
721,1377722074,22.28
721,1377722079,22.27
721,1377722084,22.27
721,1377722089,22.28
721,1377722094,22.29
721,1377722099,22.28
721,1377722104,22.29
721,1377722109,22.28
721,1377722114,22.28
721,1377722119,22.27
721,1377722124,22.28
721,1377722129,22.28
721,1377722134,22.28
721,1377722139,22.28
721,1377722144,22.28
721,1377722149,22.28
721,1377722154,22.29
721,1377722159,22.27
721,1377722164,22.28
721,1377722169,22.29
721,1377722174,22.28
721,1377722179,22.27
721,1377722184,22.28
721,1377722189,22.3
721,1377722194,22.27
721,1377722199,22.28
721,1377722204,22.28
721,1377722209,22.28
721,1377722214,22.28
721,1377722219,22.28
721,1377722224,22.28
721,1377722229,22.29
721,1377722234,22.29
721,1377722239,22.29
721,1377722244,22.29
721,1377722249,22.28
721,1377722254,22.29
721,1377722259,22.28
721,1377722264,22.3
721,1377722269,22.3
721,1377722274,22.3
721,1377722279,22.29
721,1377722284,22.3
721,1377722289,22.3
721,1377722294,22.3
721,1377722299,22.28
721,1377722304,22.28
721,1377722309,22.28
721,1377722314,22.28
721,1377722319,22.29
721,1377722324,22.28
721,1377722329,22.29
721,1377722334,22.3
721,1377722339,22.3
721,1377722344,22.28
721,1377722349,22.3
721,1377722354,22.29
721,1377722359,22.3
721,1377722364,22.29
721,1377722369,22.3
721,1377722374,22.3
721,1377722379,22.29
721,1377722384,22.3
721,1377722389,22.3
721,1377722394,22.3
721,1377722399,22.3
721,1377722404,22.3
721,1377722409,22.29
721,1377722414,22.29
721,1377722419,22.3
721,1377722424,22.3
721,1377722429,22.3
721,1377722434,22.3
721,1377722439,22.3
721,1377722444,22.3
721,1377722449,22.3
721,1377722454,22.3
721,1377722459,22.3
721,1377722464,22.3
721,1377722469,22.31
721,1377722474,22.3
721,1377722479,22.3
721,1377722484,22.31
721,1377722489,22.3
721,1377722494,22.31
721,1377722499,22.31
721,1377722504,22.3
721,1377722509,22.32
721,1377722514,22.31
721,1377722519,22.31
721,1377722524,22.3
721,1377722529,22.31
721,1377722534,22.3
721,1377722539,22.31
721,1377722544,22.31
721,1377722549,22.3
721,1377722554,22.32
721,1377722559,22.31
721,1377722564,22.31
721,1377722569,22.31
721,1377722574,22.3
721,1377722579,22.3
721,1377722584,22.32
721,1377722589,22.31
721,1377722594,22.31
721,1377722599,22.31
721,1377722604,22.3
721,1377722609,22.3
721,1377722614,22.3
721,1377722619,22.3
721,1377722624,22.31
721,1377722629,22.32
721,1377722634,22.32
721,1377722639,22.3
721,1377722644,22.32
721,1377722649,22.32
721,1377722654,22.32
721,1377722659,22.32
721,1377722664,22.32
721,1377722669,22.31
721,1377722674,22.31
721,1377722679,22.32
721,1377722684,22.32
721,1377722689,22.31
721,1377722694,22.32
721,1377722699,22.32
721,1377722704,22.33
721,1377722709,22.32
721,1377722714,22.32
721,1377722719,22.32
721,1377722724,22.33
721,1377722729,22.32
721,1377722734,22.33
721,1377722739,22.32
721,1377722744,22.32
721,1377722749,22.32
721,1377722754,22.32
721,1377722759,22.32
721,1377722764,22.32
721,1377722769,22.32
721,1377722774,22.34
721,1377722779,22.33
721,1377722784,22.33
721,1377722789,22.34
721,1377722794,22.33
721,1377722799,22.33
721,1377722804,22.33
721,1377722809,22.33
721,1377722814,22.33
721,1377722819,22.33
721,1377722824,22.33
721,1377722829,22.33
721,1377722834,22.33
721,1377722839,22.33
721,1377722844,22.32
721,1377722849,22.34
721,1377722854,22.34
721,1377722859,22.34
721,1377722864,22.33
721,1377722869,22.33
721,1377722874,22.32
721,1377722879,22.34
721,1377722884,22.32
721,1377722889,22.32
721,1377722894,22.34
721,1377722899,22.33
721,1377722904,22.33
721,1377722909,22.33
721,1377722914,22.34
721,1377722919,22.33
721,1377722924,22.33
721,1377722929,22.33
721,1377722934,22.33
721,1377722939,22.34
721,1377722944,22.33
721,1377722949,22.33
721,1377722954,22.33
721,1377722959,22.34
721,1377722964,22.34
721,1377722969,22.32
721,1377722974,22.34
721,1377722979,22.33
721,1377722984,22.34
721,1377722989,22.34
721,1377722994,22.34
721,1377722999,22.33
721,1377723004,22.34
721,1377723009,22.34
721,1377723014,22.33
721,1377723019,22.34
721,1377723024,22.34
721,1377723029,22.35
721,1377723034,22.34
721,1377723039,22.35
721,1377723044,22.34
721,1377723049,22.34
721,1377723054,22.34
721,1377723059,22.34
721,1377723064,22.35
721,1377723069,22.34
721,1377723074,22.34
721,1377723079,22.35
721,1377723084,22.34
721,1377723089,22.34
721,1377723094,22.34
721,1377723099,22.34
721,1377723104,22.34
721,1377723109,22.33
721,1377723114,22.34
721,1377723119,22.34
721,1377723124,22.34
721,1377723129,22.35
721,1377723134,22.34
721,1377723139,22.35
721,1377723144,22.34
721,1377723149,22.35
721,1377723154,22.36
721,1377723159,22.34
721,1377723164,22.35
721,1377723169,22.34
721,1377723174,22.34
721,1377723179,22.34
721,1377723184,22.35
721,1377723189,22.36
721,1377723194,22.35
721,1377723199,22.35
721,1377723204,22.34
721,1377723209,22.34
721,1377723214,22.35
721,1377723219,22.35
721,1377723224,22.35
721,1377723229,22.35
721,1377723234,22.36
721,1377723239,22.35
721,1377723244,22.35
721,1377723249,22.36
721,1377723254,22.34
721,1377723259,22.36
721,1377723264,22.36
721,1377723269,22.35
721,1377723274,22.36
721,1377723279,22.35
721,1377723284,22.35
721,1377723289,22.35
721,1377723294,22.35
721,1377723299,22.35
721,1377723304,22.37
721,1377723309,22.35
721,1377723314,22.36
721,1377723319,22.37
721,1377723324,22.36
721,1377723329,22.36
721,1377723334,22.36
721,1377723339,22.36
721,1377723344,22.36
721,1377723349,22.36
721,1377723354,22.36
721,1377723359,22.37
721,1377723364,22.36
721,1377723369,22.36
721,1377723374,22.37
721,1377723379,22.37
721,1377723384,22.36
721,1377723389,22.36
721,1377723394,22.36
721,1377723399,22.37
721,1377723404,22.37
721,1377723409,22.36
721,1377723414,22.37
721,1377723419,22.37
721,1377723424,22.37
721,1377723429,22.36
721,1377723434,22.37
721,1377723439,22.38
721,1377723444,22.37
721,1377723449,22.37
721,1377723454,22.36
721,1377723459,22.36
721,1377723464,22.37
721,1377723469,22.38
721,1377723474,22.37
721,1377723479,22.37
721,1377723484,22.38
721,1377723489,22.38
721,1377723494,22.38
721,1377723499,22.37
721,1377723504,22.38
721,1377723509,22.37
721,1377723514,22.36
721,1377723519,22.36
721,1377723524,22.37
721,1377723529,22.38
721,1377723534,22.36
721,1377723539,22.37
721,1377723544,22.38
721,1377723549,22.38
721,1377723554,22.37
721,1377723559,22.37
721,1377723564,22.37
721,1377723569,22.36
721,1377723574,22.38
721,1377723579,22.37
721,1377723584,22.38
721,1377723589,22.38
721,1377723594,22.38
721,1377723599,22.38
721,1377723604,22.37
721,1377723609,22.38
721,1377723614,22.38
721,1377723619,22.38
721,1377723624,22.38
721,1377723629,22.38
721,1377723634,22.38
721,1377723639,22.38
721,1377723644,22.38
721,1377723649,22.38
721,1377723654,22.39
721,1377723659,22.38
721,1377723664,22.39
721,1377723669,22.39
721,1377723674,22.38
721,1377723679,22.39
721,1377723684,22.38
721,1377723689,22.39
721,1377723694,22.39
721,1377723699,22.38
721,1377723705,22.38
721,1377723709,22.4
721,1377723714,22.38
721,1377723719,22.38
721,1377723724,22.38
721,1377723729,22.38
721,1377723734,22.38
721,1377723739,22.38
721,1377723744,22.38
721,1377723749,22.39
721,1377723754,22.39
721,1377723759,22.39
721,1377723764,22.38
721,1377723769,22.38
721,1377723774,22.38
721,1377723779,22.38
721,1377723784,22.39
721,1377723789,22.39
721,1377723794,22.39
721,1377723799,22.38
721,1377723804,22.39
721,1377723809,22.38
721,1377723814,22.39
721,1377723819,22.38
721,1377723824,22.4
721,1377723829,22.39
721,1377723834,22.38
721,1377723839,22.39
721,1377723844,22.4
721,1377723849,22.39
721,1377723854,22.38
721,1377723859,22.39
721,1377723864,22.39
721,1377723869,22.39
721,1377723874,22.39
721,1377723879,22.38
721,1377723884,22.4
721,1377723889,22.4
721,1377723894,22.39
721,1377723899,22.4
721,1377723904,22.4
721,1377723909,22.4
721,1377723914,22.4
721,1377723919,22.4
721,1377723924,22.4
721,1377723929,22.4
721,1377723934,22.4
721,1377723939,22.4
721,1377723944,22.39
721,1377723949,22.4
721,1377723954,22.39
721,1377723959,22.4
721,1377723964,22.4
721,1377723969,22.4
721,1377723974,22.38
721,1377723979,22.4
721,1377723984,22.4
721,1377723989,22.4
721,1377723994,22.4
721,1377723999,22.4
721,1377724004,22.39
721,1377724009,22.39
721,1377724014,22.39
721,1377724019,22.4
721,1377724024,22.4
721,1377724029,22.4
721,1377724034,22.4
721,1377724039,22.39
721,1377724044,22.4
721,1377724049,22.4
721,1377724054,22.4
721,1377724059,22.4
721,1377724064,22.39
721,1377724069,22.4
721,1377724074,22.41
721,1377724079,22.39
721,1377724084,22.4
721,1377724089,22.4
721,1377724094,22.41
721,1377724099,22.4
721,1377724104,22.41
721,1377724109,22.4
721,1377724114,22.4
721,1377724119,22.41
721,1377724124,22.41
721,1377724129,22.4
721,1377724134,22.4
721,1377724139,22.4
721,1377724144,22.4
721,1377724149,22.4
721,1377724154,22.41
721,1377724159,22.41
721,1377724164,22.4
721,1377724169,22.41
721,1377724174,22.41
721,1377724179,22.4
721,1377724184,22.4
721,1377724189,22.41
721,1377724194,22.41
721,1377724199,22.4
721,1377724204,22.41
721,1377724209,22.4
721,1377724214,22.41
721,1377724219,22.41
721,1377724224,22.41
721,1377724229,22.4
721,1377724234,22.41
721,1377724239,22.4
721,1377724244,22.42
721,1377724249,22.4
721,1377724254,22.42
721,1377724259,22.41
721,1377724264,22.41
721,1377724269,22.4
721,1377724274,22.41
721,1377724279,22.41
721,1377724284,22.41
721,1377724289,22.42
721,1377724294,22.41
721,1377724299,22.41
721,1377724304,22.42
721,1377724309,22.42
721,1377724314,22.42
721,1377724319,22.42
721,1377724324,22.41
721,1377724329,22.42
721,1377724334,22.41
721,1377724339,22.41
721,1377724344,22.41
721,1377724349,22.42
721,1377724354,22.42
721,1377724359,22.42
721,1377724364,22.41
721,1377724369,22.42
721,1377724374,22.42
721,1377724379,22.43
721,1377724384,22.41
721,1377724389,22.42
721,1377724394,22.41
721,1377724399,22.42
721,1377724404,22.42
721,1377724409,22.42
721,1377724414,22.43
721,1377724419,22.42
721,1377724424,22.41
721,1377724429,22.42
721,1377724434,22.42
721,1377724439,22.42
721,1377724444,22.43
721,1377724449,22.42
721,1377724454,22.42
721,1377724459,22.43
721,1377724464,22.42
721,1377724469,22.42
721,1377724474,22.43
721,1377724479,22.43
721,1377724484,22.43
721,1377724489,22.42
721,1377724494,22.43
721,1377724499,22.42
721,1377724504,22.43
721,1377724509,22.42
721,1377724514,22.43
721,1377724519,22.42
721,1377724524,22.43
721,1377724529,22.44
721,1377724534,22.43
721,1377724539,22.43
721,1377724544,22.44
721,1377724549,22.44
721,1377724554,22.44
721,1377724559,22.43
721,1377724564,22.43
721,1377724569,22.43
721,1377724574,22.43
721,1377724579,22.43
721,1377724584,22.43
721,1377724589,22.43
721,1377724594,22.43
721,1377724599,22.43
721,1377724604,22.44
721,1377724609,22.44
721,1377724614,22.43
721,1377724619,22.43
721,1377724624,22.43
721,1377724629,22.42
721,1377724634,22.43
721,1377724639,22.43
721,1377724644,22.43
721,1377724649,22.42
721,1377724654,22.44
721,1377724659,22.43
721,1377724664,22.44
721,1377724669,22.44
721,1377724674,22.43
721,1377724679,22.43
721,1377724684,22.44
721,1377724689,22.43
721,1377724694,22.44
721,1377724699,22.43
721,1377724704,22.44
721,1377724709,22.44
721,1377724714,22.44
721,1377724719,22.43
721,1377724724,22.44
721,1377724729,22.44
721,1377724734,22.44
721,1377724739,22.44
721,1377724744,22.44
721,1377724749,22.44
721,1377724754,22.44
721,1377724760,22.43
721,1377724764,22.44
721,1377724769,22.44
721,1377724774,22.44
721,1377724779,22.43
721,1377724784,22.44
721,1377724789,22.44
721,1377724794,22.44
721,1377724799,22.44
721,1377724804,22.44
721,1377724809,22.45
721,1377724814,22.43
721,1377724819,22.44
721,1377724824,22.45
721,1377724829,22.45
721,1377724834,22.44
721,1377724839,22.44
721,1377724844,22.44
721,1377724849,22.45
721,1377724854,22.45
721,1377724859,22.46
721,1377724864,22.45
721,1377724869,22.44
721,1377724874,22.46
721,1377724879,22.45
721,1377724884,22.45
721,1377724889,22.45
721,1377724894,22.43
721,1377724899,22.45
721,1377724904,22.47
721,1377724909,22.45
721,1377724914,22.44
721,1377724919,22.44
721,1377724924,22.45
721,1377724929,22.46
721,1377724934,22.45
721,1377724939,22.45
721,1377724944,22.46
721,1377724949,22.46
721,1377724954,22.45
721,1377724959,22.47
721,1377724964,22.46
721,1377724969,22.46
721,1377724974,22.46
721,1377724979,22.45
721,1377724984,22.45
721,1377724989,22.46
721,1377724994,22.45
721,1377724999,22.46
721,1377725004,22.45
721,1377725009,22.46
721,1377725014,22.46
721,1377725019,22.46
721,1377725024,22.46
721,1377725029,22.46
721,1377725034,22.46
721,1377725039,22.46
721,1377725044,22.46
721,1377725049,22.46
721,1377725054,22.45
721,1377725059,22.46
721,1377725064,22.46
721,1377725069,22.46
721,1377725074,22.46
721,1377725079,22.46
721,1377725084,22.46
721,1377725089,22.47
721,1377725094,22.47
721,1377725099,22.46
721,1377725104,22.48
721,1377725109,22.46
721,1377725114,22.46
721,1377725119,22.48
721,1377725124,22.45
721,1377725129,22.46
721,1377725134,22.46
721,1377725139,22.46
721,1377725144,22.46
721,1377725149,22.46
721,1377725154,22.47
721,1377725159,22.46
721,1377725164,22.46
721,1377725169,22.46
721,1377725174,22.45
721,1377725179,22.46
721,1377725184,22.47
721,1377725189,22.47
721,1377725194,22.46
721,1377725199,22.47
721,1377725204,22.46
721,1377725209,22.47
721,1377725214,22.47
721,1377725219,22.47
721,1377725224,22.48
721,1377725229,22.47
721,1377725234,22.47
721,1377725239,22.48
721,1377725244,22.47
721,1377725249,22.46
721,1377725254,22.47
721,1377725259,22.48
721,1377725264,22.47
721,1377725269,22.47
721,1377725274,22.48
721,1377725279,22.47
721,1377725284,22.47
721,1377725289,22.47
721,1377725294,22.48
721,1377725299,22.48
721,1377725304,22.48
721,1377725309,22.48
721,1377725314,22.46
721,1377725319,22.47
721,1377725324,22.48
721,1377725329,22.48
721,1377725334,22.48
721,1377725339,22.48
721,1377725344,22.48
721,1377725349,22.47
721,1377725354,22.48
721,1377725359,22.46
721,1377725364,22.48
721,1377725369,22.48
721,1377725374,22.47
721,1377725379,22.48
721,1377725384,22.47
721,1377725389,22.47
721,1377725394,22.48
721,1377725399,22.48
721,1377725404,22.47
721,1377725409,22.48
721,1377725414,22.48
721,1377725419,22.47
721,1377725424,22.49
721,1377725429,22.48
721,1377725434,22.49
721,1377725439,22.48
721,1377725444,22.48
721,1377725449,22.49
721,1377725454,22.48
721,1377725459,22.48
721,1377725464,22.48
721,1377725469,22.49
721,1377725474,22.48
721,1377725479,22.49
721,1377725484,22.49
721,1377725489,22.48
721,1377725494,22.49
721,1377725499,22.48
721,1377725504,22.48
721,1377725509,22.48
721,1377725514,22.48
721,1377725519,22.49
721,1377725524,22.49
721,1377725529,22.49
721,1377725534,22.49
721,1377725539,22.48
721,1377725544,22.48
721,1377725549,22.49
721,1377725554,22.49
721,1377725559,22.48
721,1377725564,22.49
721,1377725569,22.49
721,1377725574,22.49
721,1377725579,22.49
721,1377725584,22.49
721,1377725589,22.49
721,1377725594,22.49
721,1377725599,22.5
721,1377725604,22.48
721,1377725609,22.49
721,1377725614,22.49
721,1377725619,22.5
721,1377725624,22.5
721,1377725629,22.5
721,1377725634,22.49
721,1377725639,22.49
721,1377725644,22.49
721,1377725649,22.5
721,1377725654,22.5
721,1377725659,22.48
721,1377725664,22.49
721,1377725669,22.5
721,1377725674,22.5
721,1377725679,22.49
721,1377725684,22.49
721,1377725689,22.5
721,1377725694,22.5
721,1377725699,22.51
721,1377725704,22.5
721,1377725709,22.5
721,1377725714,22.5
721,1377725719,22.5
721,1377725724,22.5
721,1377725729,22.5
721,1377725734,22.5
721,1377725739,22.5
721,1377725744,22.5
721,1377725749,22.5
721,1377725754,22.51
721,1377725759,22.5
721,1377725764,22.5
721,1377725769,22.5
721,1377725774,22.5
721,1377725779,22.5
721,1377725784,22.49
721,1377725789,22.5
721,1377725794,22.5
721,1377725799,22.5
721,1377725804,22.5
721,1377725809,22.5
721,1377725814,22.51
721,1377725819,22.51
721,1377725824,22.51
721,1377725829,22.51
721,1377725834,22.51
721,1377725839,22.5
721,1377725844,22.5
721,1377725849,22.51
721,1377725854,22.51
721,1377725859,22.51
721,1377725864,22.5
721,1377725869,22.51
721,1377725874,22.5
721,1377725879,22.51
721,1377725884,22.52
721,1377725889,22.51
721,1377725894,22.5
721,1377725899,22.52
721,1377725904,22.5
721,1377725909,22.5
721,1377725914,22.5
721,1377725919,22.51
721,1377725924,22.52
721,1377725929,22.52
721,1377725934,22.5
721,1377725939,22.51
721,1377725944,22.51
721,1377725949,22.51
721,1377725954,22.52
721,1377725959,22.52
721,1377725964,22.52
721,1377725969,22.52
721,1377725974,22.51
721,1377725979,22.52
721,1377725984,22.5
721,1377725989,22.52
721,1377725994,22.52
721,1377725999,22.52
721,1377726004,22.52
721,1377726009,22.53
721,1377726014,22.52
721,1377726019,22.52
721,1377726024,22.52
721,1377726029,22.52
721,1377726034,22.52
721,1377726039,22.52
721,1377726044,22.52
721,1377726049,22.52
721,1377726054,22.52
721,1377726059,22.53
721,1377726064,22.52
721,1377726069,22.52
721,1377726074,22.51
721,1377726079,22.52
721,1377726084,22.52
721,1377726089,22.51
721,1377726094,22.53
721,1377726099,22.52
721,1377726104,22.53
721,1377726109,22.53
721,1377726114,22.53
721,1377726119,22.53
721,1377726124,22.52
721,1377726129,22.52
721,1377726134,22.52
721,1377726139,22.53
721,1377726144,22.53
721,1377726149,22.52
721,1377726154,22.52
721,1377726159,22.52
721,1377726164,22.52
721,1377726169,22.54
721,1377726174,22.53
721,1377726179,22.52
721,1377726184,22.53
721,1377726189,22.53
721,1377726194,22.53
721,1377726199,22.53
721,1377726204,22.53
721,1377726209,22.54
721,1377726214,22.53
721,1377726219,22.52
721,1377726224,22.53
721,1377726229,22.53
721,1377726234,22.53
721,1377726239,22.52
721,1377726244,22.53
721,1377726249,22.53
721,1377726254,22.54
721,1377726259,22.54
721,1377726264,22.53
721,1377726269,22.53
721,1377726274,22.53
721,1377726279,22.53
721,1377726284,22.53
721,1377726289,22.53
721,1377726294,22.54
721,1377726299,22.53
721,1377726304,22.52
721,1377726314,22.53
721,1377726319,22.53
721,1377726324,22.54
721,1377726329,22.53
721,1377726334,22.54
721,1377726339,22.53
721,1377726344,22.54
721,1377726349,22.53
721,1377726354,22.53
721,1377726359,22.54
721,1377726364,22.53
721,1377726369,22.53
721,1377726374,22.53
721,1377726379,22.54
721,1377726384,22.53
721,1377726389,22.53
721,1377726394,22.53
721,1377726399,22.54
721,1377726404,22.54
721,1377726409,22.53
721,1377726414,22.53
721,1377726419,22.53
721,1377726424,22.54
721,1377726429,22.53
721,1377726434,22.54
721,1377726439,22.54
721,1377726444,22.54
721,1377726449,22.54
721,1377726454,22.54
721,1377726459,22.54
721,1377726464,22.54
721,1377726469,22.54
721,1377726474,22.54
721,1377726479,22.54
721,1377726484,22.54
721,1377726489,22.54
721,1377726494,22.55
721,1377726499,22.54
721,1377726504,22.54
721,1377726509,22.56
721,1377726514,22.55
721,1377726519,22.54
721,1377726524,22.55
721,1377726529,22.54
721,1377726534,22.55
721,1377726539,22.55
721,1377726544,22.55
721,1377726549,22.54
721,1377726554,22.54
721,1377726559,22.54
721,1377726564,22.53
721,1377726569,22.55
721,1377726574,22.55
721,1377726579,22.55
721,1377726584,22.55
721,1377726589,22.54
721,1377726594,22.54
721,1377726599,22.54
721,1377726604,22.55
721,1377726609,22.55
721,1377726614,22.54
721,1377726619,22.54
721,1377726624,22.55
721,1377726629,22.55
721,1377726634,22.55
721,1377726639,22.54
721,1377726644,22.54
721,1377726649,22.55
721,1377726654,22.54
721,1377726659,22.56
721,1377726664,22.55
721,1377726669,22.55
721,1377726674,22.56
721,1377726679,22.56
721,1377726684,22.54
721,1377726689,22.55
721,1377726694,22.54
721,1377726699,22.55
721,1377726704,22.56
721,1377726709,22.54
721,1377726714,22.56
721,1377726719,22.55
721,1377726724,22.55
721,1377726729,22.54
721,1377726734,22.56
721,1377726739,22.56
721,1377726744,22.54
721,1377726749,22.55
721,1377726754,22.56
721,1377726759,22.55
721,1377726764,22.56
721,1377726769,22.55
721,1377726774,22.55
721,1377726779,22.55
721,1377726784,22.55
721,1377726789,22.55
721,1377726794,22.56
721,1377726799,22.54
721,1377726804,22.55
721,1377726809,22.54
721,1377726814,22.56
721,1377726819,22.56
721,1377726824,22.55
721,1377726829,22.56
721,1377726834,22.56
721,1377726839,22.56
721,1377726844,22.56
721,1377726849,22.56
721,1377726854,22.57
721,1377726859,22.55
721,1377726864,22.56
721,1377726869,22.56
721,1377726874,22.56
721,1377726879,22.55
721,1377726884,22.56
721,1377726889,22.56
721,1377726894,22.56
721,1377726899,22.57
721,1377726904,22.56
721,1377726909,22.56
721,1377726914,22.56
721,1377726919,22.56
721,1377726924,22.56
721,1377726929,22.56
721,1377726934,22.56
721,1377726939,22.56
721,1377726944,22.56
721,1377726949,22.57
721,1377726954,22.58
721,1377726959,22.56
721,1377726964,22.56
721,1377726969,22.56
721,1377726974,22.55
721,1377726979,22.56
721,1377726984,22.56
721,1377726989,22.58
721,1377726994,22.56
721,1377726999,22.56
721,1377727004,22.56
721,1377727009,22.57
721,1377727014,22.57
721,1377727019,22.58
721,1377727024,22.57
721,1377727029,22.56
721,1377727034,22.57
721,1377727039,22.57
721,1377727044,22.56
721,1377727049,22.57
721,1377727054,22.56
721,1377727059,22.56
721,1377727064,22.56
721,1377727069,22.56
721,1377727074,22.56
721,1377727079,22.58
721,1377727084,22.57
721,1377727089,22.57
721,1377727094,22.56
721,1377727099,22.56
721,1377727104,22.58
721,1377727109,22.56
721,1377727114,22.57
721,1377727119,22.58
721,1377727124,22.57
721,1377727129,22.58
721,1377727134,22.57
721,1377727139,22.57
721,1377727144,22.58
721,1377727149,22.57
721,1377727154,22.58
721,1377727159,22.58
721,1377727164,22.58
721,1377727169,22.57
721,1377727174,22.58
721,1377727179,22.57
721,1377727184,22.57
721,1377727189,22.58
721,1377727194,22.57
721,1377727199,22.58
721,1377727204,22.56
721,1377727209,22.57
721,1377727214,22.58
721,1377727219,22.58
721,1377727224,22.57
721,1377727229,22.58
721,1377727234,22.57
721,1377727239,22.57
721,1377727244,22.58
721,1377727249,22.59
721,1377727254,22.58
721,1377727259,22.58
721,1377727264,22.59
721,1377727269,22.58
721,1377727274,22.59
721,1377727279,22.58
721,1377727284,22.58
721,1377727289,22.58
721,1377727294,22.57
721,1377727299,22.56
721,1377727304,22.58
721,1377727309,22.58
721,1377727314,22.58
721,1377727319,22.57
721,1377727324,22.57
721,1377727329,22.57
721,1377727334,22.58
721,1377727339,22.58
721,1377727344,22.57
721,1377727349,22.58
721,1377727354,22.58
721,1377727359,22.58
721,1377727364,22.58
721,1377727369,22.58
721,1377727374,22.59
721,1377727379,22.58
721,1377727384,22.58
721,1377727389,22.58
721,1377727394,22.59
721,1377727399,22.59
721,1377727404,22.6
721,1377727409,22.58
721,1377727414,22.59
721,1377727419,22.58
721,1377727424,22.59
721,1377727429,22.59
721,1377727434,22.58
721,1377727439,22.6
721,1377727444,22.59
721,1377727449,22.58
721,1377727454,22.6
721,1377727459,22.59
721,1377727464,22.58
721,1377727469,22.59
721,1377727474,22.59
721,1377727479,22.58
721,1377727484,22.6
721,1377727489,22.58
721,1377727494,22.59
721,1377727499,22.58
721,1377727504,22.59
721,1377727509,22.6
721,1377727514,22.59
721,1377727519,22.6
721,1377727524,22.6
721,1377727529,22.6
721,1377727534,22.58
721,1377727539,22.59
721,1377727544,22.59
721,1377727549,22.59
721,1377727554,22.6
721,1377727559,22.59
721,1377727564,22.58
721,1377727569,22.59
721,1377727574,22.6
721,1377727579,22.59
721,1377727584,22.59
721,1377727589,22.59
721,1377727594,22.58
721,1377727599,22.6
721,1377727604,22.59
721,1377727609,22.59
721,1377727614,22.6
721,1377727619,22.6
721,1377727624,22.6
721,1377727629,22.6
721,1377727634,22.6
721,1377727639,22.58
721,1377727644,22.59
721,1377727649,22.6
721,1377727654,22.6
721,1377727659,22.6
721,1377727664,22.59
721,1377727669,22.6
721,1377727674,22.6
721,1377727679,22.6
721,1377727684,22.6
721,1377727689,22.59
721,1377727694,22.6
721,1377727699,22.6
721,1377727704,22.6
721,1377727709,22.6
721,1377727714,22.61
721,1377727719,22.6
721,1377727724,22.6
721,1377727729,22.6
721,1377727734,22.59
721,1377727739,22.6
721,1377727744,22.6
721,1377727749,22.6
721,1377727754,22.6
721,1377727759,22.6
721,1377727764,22.6
721,1377727769,22.6
721,1377727774,22.6
721,1377727779,22.61
721,1377727784,22.61
721,1377727789,22.6
721,1377727794,22.61
721,1377727799,22.6
721,1377727804,22.61
721,1377727809,22.61
721,1377727814,22.6
721,1377727819,22.6
721,1377727824,22.61
721,1377727829,22.61
721,1377727834,22.61
721,1377727839,22.61
721,1377727844,22.62
721,1377727849,22.61
721,1377727854,22.6
721,1377727859,22.62
721,1377727864,22.62
721,1377727869,22.62
721,1377727874,22.62
721,1377727879,22.61
721,1377727884,22.6
721,1377727889,22.62
721,1377727894,22.61
721,1377727899,22.61
721,1377727904,22.61
721,1377727909,22.62
721,1377727914,22.62
721,1377727919,22.6
721,1377727924,22.61
721,1377727929,22.62
721,1377727934,22.6
721,1377727939,22.6
721,1377727944,22.62
721,1377727949,22.62
721,1377727954,22.61
721,1377727959,22.61
721,1377727964,22.62
721,1377727969,22.62
721,1377727974,22.62
721,1377727979,22.61
721,1377727984,22.63
721,1377727989,22.62
721,1377727994,22.62
721,1377727999,22.62
721,1377728004,22.61
721,1377728009,22.61
721,1377728014,22.62
721,1377728019,22.61
721,1377728024,22.62
721,1377728029,22.62
721,1377728034,22.62
721,1377728039,22.62
721,1377728044,22.61
721,1377728049,22.61
721,1377728054,22.62
721,1377728059,22.62
721,1377728064,22.62
721,1377728069,22.62
721,1377728074,22.62
721,1377728079,22.61
721,1377728084,22.62
721,1377728089,22.62
721,1377728094,22.62
721,1377728099,22.61
721,1377728104,22.62
721,1377728109,22.62
721,1377728114,22.62
721,1377728119,22.61
721,1377728124,22.62
721,1377728129,22.62
721,1377728134,22.63
721,1377728139,22.62
721,1377728144,22.62
721,1377728149,22.63
721,1377728154,22.62
721,1377728159,22.63
721,1377728164,22.63
721,1377728169,22.64
721,1377728174,22.63
721,1377728179,22.63
721,1377728184,22.62
721,1377728189,22.63
721,1377728194,22.63
721,1377728199,22.62
721,1377728204,22.62
721,1377728209,22.61
721,1377728214,22.61
721,1377728219,22.61
721,1377728224,22.62
721,1377728229,22.62
721,1377728234,22.62
721,1377728239,22.63
721,1377728244,22.62
721,1377728249,22.62
721,1377728254,22.63
721,1377728259,22.63
721,1377728264,22.62
721,1377728269,22.62
721,1377728274,22.62
721,1377728279,22.62
721,1377728284,22.62
721,1377728289,22.62
721,1377728294,22.62
721,1377728299,22.62
721,1377728304,22.64
721,1377728309,22.61
721,1377728314,22.63
721,1377728319,22.63
721,1377728324,22.63
721,1377728329,22.62
721,1377728334,22.62
721,1377728339,22.62
721,1377728344,22.62
721,1377728349,22.63
721,1377728354,22.62
721,1377728359,22.62
721,1377728364,22.64
721,1377728369,22.63
721,1377728374,22.63
721,1377728379,22.63
721,1377728384,22.63
721,1377728389,22.62
721,1377728394,22.63
721,1377728399,22.62
721,1377728404,22.64
721,1377728409,22.62
721,1377728414,22.62
721,1377728419,22.63
721,1377728424,22.63
721,1377728429,22.62
721,1377728434,22.64
721,1377728439,22.63
721,1377728444,22.62
721,1377728449,22.62
721,1377728454,22.63
721,1377728459,22.63
721,1377728464,22.64
721,1377728469,22.63
721,1377728474,22.63
721,1377728479,22.64
721,1377728484,22.63
721,1377728489,22.62
721,1377728494,22.63
721,1377728499,22.64
721,1377728504,22.62
721,1377728509,22.63
721,1377728514,22.64
721,1377728519,22.63
721,1377728524,22.63
721,1377728529,22.62
721,1377728534,22.63
721,1377728539,22.64
721,1377728544,22.64
721,1377728549,22.62
721,1377728554,22.63
721,1377728559,22.64
721,1377728564,22.64
721,1377728569,22.63
721,1377728574,22.63
721,1377728579,22.63
721,1377728584,22.64
721,1377728589,22.63
721,1377728594,22.64
721,1377728599,22.64
721,1377728604,22.64
721,1377728609,22.64
721,1377728614,22.64
721,1377728619,22.64
721,1377728624,22.64
721,1377728629,22.63
721,1377728634,22.64
721,1377728639,22.64
721,1377728644,22.64
721,1377728649,22.62
721,1377728654,22.63
721,1377728659,22.64
721,1377728664,22.63
721,1377728669,22.64
721,1377728674,22.63
721,1377728679,22.64
721,1377728684,22.64
721,1377728689,22.64
721,1377728694,22.64
721,1377728699,22.64
721,1377728704,22.66
721,1377728709,22.64
721,1377728714,22.64
721,1377728719,22.63
721,1377728724,22.64
721,1377728729,22.64
721,1377728734,22.64
721,1377728739,22.64
721,1377728744,22.64
721,1377728749,22.64
721,1377728754,22.65
721,1377728759,22.64
721,1377728764,22.64
721,1377728769,22.64
721,1377728774,22.64
721,1377728779,22.63
721,1377728784,22.64
721,1377728789,22.64
721,1377728794,22.64
721,1377728799,22.64
721,1377728804,22.64
721,1377728809,22.64
721,1377728814,22.64
721,1377728819,22.64
721,1377728824,22.64
721,1377728829,22.65
721,1377728834,22.65
721,1377728839,22.64
721,1377728844,22.65
721,1377728849,22.65
721,1377728854,22.64
721,1377728859,22.66
721,1377728864,22.66
721,1377728869,22.65
721,1377728874,22.64
721,1377728879,22.65
721,1377728884,22.65
721,1377728889,22.64
721,1377728894,22.65
721,1377728899,22.66
721,1377728904,22.64
721,1377728909,22.65
721,1377728914,22.64
721,1377728919,22.66
721,1377728924,22.64
721,1377728929,22.65
721,1377728934,22.64
721,1377728939,22.65
721,1377728944,22.65
721,1377728949,22.65
721,1377728954,22.64
721,1377728959,22.65
721,1377728964,22.65
721,1377728969,22.65
721,1377728974,22.64
721,1377728979,22.66
721,1377728984,22.64
721,1377728989,22.65
721,1377728994,22.65
721,1377728999,22.66
721,1377729004,22.65
721,1377729009,22.64
721,1377729014,22.65
721,1377729019,22.66
721,1377729024,22.65
721,1377729029,22.65
721,1377729034,22.66
721,1377729039,22.66
721,1377729044,22.66
721,1377729049,22.66
721,1377729054,22.65
721,1377729059,22.66
721,1377729064,22.65
721,1377729069,22.65
721,1377729074,22.65
721,1377729079,22.66
721,1377729084,22.66
721,1377729089,22.65
721,1377729094,22.66
721,1377729099,22.65
721,1377729104,22.65
721,1377729109,22.66
721,1377729114,22.66
721,1377729119,22.66
721,1377729124,22.65
721,1377729129,22.66
721,1377729134,22.65
721,1377729139,22.68
721,1377729144,22.67
721,1377729149,22.66
721,1377729154,22.67
721,1377729159,22.66
721,1377729164,22.66
721,1377729169,22.66
721,1377729174,22.65
721,1377729179,22.68
721,1377729184,22.66
721,1377729189,22.67
721,1377729194,22.66
721,1377729199,22.66
721,1377729204,22.66
721,1377729209,22.67
721,1377729214,22.67
721,1377729219,22.66
721,1377729224,22.67
721,1377729229,22.68
721,1377729234,22.66
721,1377729239,22.66
721,1377729244,22.66
721,1377729249,22.67
721,1377729254,22.67
721,1377729259,22.66
721,1377729264,22.67
721,1377729269,22.68
721,1377729274,22.66
721,1377729279,22.67
721,1377729284,22.67
721,1377729289,22.68
721,1377729294,22.68
721,1377729299,22.67
721,1377729304,22.67
721,1377729309,22.67
721,1377729314,22.68
721,1377729319,22.68
721,1377729324,22.68
721,1377729329,22.68
721,1377729334,22.68
721,1377729339,22.67
721,1377729344,22.67
721,1377729349,22.68
721,1377729354,22.68
721,1377729359,22.69
721,1377729364,22.68
721,1377729369,22.69
721,1377729374,22.69
721,1377729379,22.68
721,1377729384,22.68
721,1377729389,22.69
721,1377729394,22.68
721,1377729399,22.69
721,1377729404,22.69
721,1377729409,22.69
721,1377729414,22.68
721,1377729419,22.7
721,1377729424,22.68
721,1377729429,22.69
721,1377729434,22.69
721,1377729439,22.7
721,1377729444,22.68
721,1377729449,22.68
721,1377729454,22.69
721,1377729459,22.69
721,1377729464,22.7
721,1377729469,22.7
721,1377729474,22.7
721,1377729479,22.7
721,1377729484,22.7
721,1377729489,22.7
721,1377729494,22.69
721,1377729499,22.7
721,1377729504,22.7
721,1377729509,22.7
721,1377729514,22.69
721,1377729519,22.7
721,1377729524,22.71
721,1377729529,22.7
721,1377729534,22.7
721,1377729539,22.71
721,1377729544,22.7
721,1377729549,22.7
721,1377729554,22.7
721,1377729559,22.7
721,1377729564,22.7
721,1377729569,22.7
721,1377729574,22.71
721,1377729579,22.71
721,1377729584,22.71
721,1377729589,22.71
721,1377729594,22.71
721,1377729599,22.72
721,1377729604,22.71
721,1377729609,22.7
721,1377729614,22.71
721,1377729619,22.7
721,1377729624,22.71
721,1377729629,22.72
721,1377729634,22.71
721,1377729639,22.71
721,1377729644,22.72
721,1377729649,22.72
721,1377729654,22.72
721,1377729659,22.71
721,1377729664,22.73
721,1377729669,22.72
721,1377729674,22.72
721,1377729679,22.71
721,1377729684,22.73
721,1377729689,22.72
721,1377729694,22.73
721,1377729699,22.72
721,1377729704,22.73
721,1377729709,22.73
721,1377729714,22.72
721,1377729719,22.73
721,1377729724,22.73
721,1377729729,22.73
721,1377729734,22.73
721,1377729739,22.73
721,1377729744,22.74
721,1377729749,22.72
721,1377729754,22.73
721,1377729759,22.74
721,1377729764,22.73
721,1377729769,22.74
721,1377729774,22.74
721,1377729779,22.74
721,1377729784,22.73
721,1377729789,22.74
721,1377729794,22.74
721,1377729799,22.74
721,1377729804,22.74
721,1377729809,22.75
721,1377729814,22.74
721,1377729819,22.74
721,1377729824,22.74
721,1377729829,22.74
721,1377729834,22.74
721,1377729839,22.74
721,1377729844,22.73
721,1377729849,22.74
721,1377729854,22.74
721,1377729859,22.74
721,1377729864,22.74
721,1377729869,22.74
721,1377729874,22.76
721,1377729879,22.76
721,1377729884,22.75
721,1377729889,22.74
721,1377729894,22.74
721,1377729899,22.74
721,1377729904,22.75
721,1377729909,22.74
721,1377729914,22.75
721,1377729919,22.75
721,1377729924,22.75
721,1377729929,22.74
721,1377729934,22.74
721,1377729939,22.75
721,1377729944,22.74
721,1377729949,22.75
721,1377729954,22.74
721,1377729959,22.74
721,1377729964,22.74
721,1377729969,22.75
721,1377729974,22.75
721,1377729979,22.75
721,1377729984,22.75
721,1377729989,22.75
721,1377729994,22.76
721,1377729999,22.76
721,1377730004,22.75
721,1377730009,22.74
721,1377730014,22.76
721,1377730019,22.76
721,1377730024,22.75
721,1377730029,22.75
721,1377730034,22.76
721,1377730039,22.76
721,1377730044,22.76
721,1377730049,22.76
721,1377730054,22.76
721,1377730059,22.76
721,1377730064,22.75
721,1377730069,22.75
721,1377730074,22.76
721,1377730079,22.76
721,1377730084,22.76
721,1377730089,22.76
721,1377730094,22.76
721,1377730099,22.76
721,1377730104,22.76
721,1377730109,22.75
721,1377730114,22.77
721,1377730119,22.76
721,1377730124,22.77
721,1377730129,22.77
721,1377730134,22.76
721,1377730139,22.76
721,1377730144,22.75
721,1377730149,22.76
721,1377730154,22.76
721,1377730159,22.76
721,1377730164,22.77
721,1377730169,22.79
721,1377730174,22.77
721,1377730179,22.77
721,1377730184,22.76
721,1377730189,22.77
721,1377730194,22.78
721,1377730199,22.76
721,1377730204,22.77
721,1377730209,22.78
721,1377730214,22.77
721,1377730219,22.77
721,1377730224,22.78
721,1377730229,22.78
721,1377730234,22.78
721,1377730239,22.78
721,1377730244,22.77
721,1377730249,22.77
721,1377730254,22.78
721,1377730259,22.78
721,1377730264,22.78
721,1377730269,22.78
721,1377730274,22.78
721,1377730279,22.8
721,1377730284,22.79
721,1377730289,22.79
721,1377730294,22.78
721,1377730299,22.8
721,1377730304,22.8
721,1377730309,22.8
721,1377730314,22.79
721,1377730319,22.8
721,1377730324,22.79
721,1377730329,22.8
721,1377730334,22.79
721,1377730339,22.8
721,1377730344,22.8
721,1377730349,22.79
721,1377730354,22.79
721,1377730359,22.79
721,1377730364,22.79
721,1377730369,22.81
721,1377730374,22.8
721,1377730379,22.78
721,1377730384,22.8
721,1377730389,22.8
721,1377730394,22.8
721,1377730399,22.8
721,1377730404,22.8
721,1377730409,22.8
721,1377730414,22.8
721,1377730419,22.79
721,1377730424,22.8
721,1377730429,22.81
721,1377730434,22.81
721,1377730439,22.8
721,1377730444,22.81
721,1377730449,22.81
721,1377730454,22.81
721,1377730459,22.8
721,1377730464,22.8
721,1377730469,22.8
721,1377730474,22.8
721,1377730479,22.8
721,1377730484,22.81
721,1377730489,22.8
721,1377730494,22.81
721,1377730499,22.81
721,1377730504,22.81
721,1377730509,22.81
721,1377730514,22.82
721,1377730519,22.82
721,1377730524,22.82
721,1377730529,22.8
721,1377730534,22.81
721,1377730539,22.81
721,1377730544,22.82
721,1377730549,22.81
721,1377730554,22.82
721,1377730559,22.82
721,1377730564,22.82
721,1377730569,22.82
721,1377730574,22.82
721,1377730579,22.81
721,1377730584,22.82
721,1377730589,22.81
721,1377730594,22.81
721,1377730599,22.82
721,1377730604,22.83
721,1377730609,22.82
721,1377730614,22.82
721,1377730619,22.82
721,1377730624,22.82
721,1377730629,22.82
721,1377730634,22.83
721,1377730639,22.82
721,1377730644,22.83
721,1377730649,22.84
721,1377730654,22.83
721,1377730659,22.82
721,1377730664,22.84
721,1377730669,22.83
721,1377730674,22.82
721,1377730679,22.84
721,1377730684,22.84
721,1377730689,22.82
721,1377730694,22.82
721,1377730699,22.82
721,1377730704,22.83
721,1377730709,22.84
721,1377730714,22.83
721,1377730719,22.82
721,1377730724,22.83
721,1377730729,22.83
721,1377730734,22.84
721,1377730739,22.84
721,1377730744,22.84
721,1377730749,22.83
721,1377730754,22.83
721,1377730759,22.83
721,1377730764,22.84
721,1377730769,22.84
721,1377730774,22.84
721,1377730779,22.84
721,1377730784,22.84
721,1377730789,22.84
721,1377730794,22.84
721,1377730799,22.83
721,1377730804,22.84
721,1377730809,22.84
721,1377730814,22.85
721,1377730819,22.84
721,1377730824,22.83
721,1377730829,22.84
721,1377730834,22.84
721,1377730839,22.83
721,1377730844,22.84
721,1377730849,22.84
721,1377730854,22.84
721,1377730859,22.84
721,1377730864,22.85
721,1377730869,22.84
721,1377730874,22.86
721,1377730879,22.84
721,1377730884,22.84
721,1377730889,22.84
721,1377730894,22.86
721,1377730899,22.84
721,1377730904,22.84
721,1377730909,22.85
721,1377730914,22.85
721,1377730919,22.86
721,1377730924,22.85
721,1377730929,22.84
721,1377730934,22.84
721,1377730939,22.85
721,1377730944,22.86
721,1377730949,22.84
721,1377730954,22.84
721,1377730959,22.84
721,1377730964,22.84
721,1377730969,22.84
721,1377730974,22.84
721,1377730979,22.86
721,1377730984,22.85
721,1377730989,22.86
721,1377730994,22.84
721,1377730999,22.84
721,1377731004,22.84
721,1377731009,22.86
721,1377731014,22.86
721,1377731019,22.85
721,1377731024,22.85
721,1377731029,22.84
721,1377731034,22.86
721,1377731039,22.86
721,1377731044,22.86
721,1377731049,22.86
721,1377731054,22.85
721,1377731059,22.85
721,1377731064,22.87
721,1377731069,22.86
721,1377731074,22.88
721,1377731079,22.86
721,1377731084,22.87
721,1377731089,22.86
721,1377731094,22.86
721,1377731099,22.86
721,1377731104,22.86
721,1377731109,22.86
721,1377731114,22.87
721,1377731119,22.87
721,1377731124,22.86
721,1377731129,22.87
721,1377731134,22.86
721,1377731139,22.85
721,1377731144,22.87
721,1377731149,22.86
721,1377731154,22.86
721,1377731159,22.86
721,1377731164,22.86
721,1377731169,22.86
721,1377731174,22.86
721,1377731179,22.86
721,1377731184,22.87
721,1377731189,22.86
721,1377731194,22.88
721,1377731199,22.86
721,1377731204,22.86
721,1377731209,22.86
721,1377731214,22.87
721,1377731219,22.87
721,1377731224,22.88
721,1377731229,22.86
721,1377731234,22.88
721,1377731239,22.86
721,1377731244,22.87
721,1377731249,22.86
721,1377731254,22.87
721,1377731259,22.86
721,1377731264,22.88
721,1377731269,22.88
721,1377731274,22.87
721,1377731279,22.87
721,1377731284,22.87
721,1377731289,22.86
721,1377731294,22.86
721,1377731299,22.88
721,1377731304,22.87
721,1377731309,22.88
721,1377731314,22.87
721,1377731319,22.87
721,1377731324,22.87
721,1377731329,22.86
721,1377731334,22.87
721,1377731339,22.87
721,1377731344,22.87
721,1377731349,22.86
721,1377731354,22.87
721,1377731359,22.88
721,1377731364,22.86
721,1377731369,22.86
721,1377731374,22.86
721,1377731379,22.87
721,1377731384,22.86
721,1377731389,22.86
721,1377731394,22.87
721,1377731399,22.86
721,1377731404,22.86
721,1377731409,22.87
721,1377731414,22.87
721,1377731419,22.86
721,1377731424,22.87
721,1377731429,22.86
721,1377731434,22.86
721,1377731439,22.87
721,1377731444,22.87
721,1377731449,22.86
721,1377731454,22.86
721,1377731459,22.87
721,1377731464,22.87
721,1377731469,22.87
721,1377731474,22.86
721,1377731479,22.86
721,1377731484,22.86
721,1377731489,22.85
721,1377731494,22.86
721,1377731499,22.85
721,1377731504,22.86
721,1377731509,22.86
721,1377731514,22.86
721,1377731519,22.87
721,1377731524,22.87
721,1377731529,22.85
721,1377731534,22.87
721,1377731539,22.87
721,1377731544,22.86
721,1377731549,22.86
721,1377731554,22.85
721,1377731559,22.86
721,1377731564,22.86
721,1377731569,22.86
721,1377731574,22.86
721,1377731579,22.86
721,1377731584,22.86
721,1377731589,22.86
721,1377731594,22.87
721,1377731599,22.87
721,1377731604,22.86
721,1377731609,22.86
721,1377731614,22.86
721,1377731619,22.87
721,1377731624,22.87
721,1377731629,22.87
721,1377731634,22.87
721,1377731639,22.87
721,1377731644,22.88
721,1377731649,22.87
721,1377731654,22.88
721,1377731659,22.88
721,1377731664,22.88
721,1377731669,22.87
721,1377731674,22.88
721,1377731679,22.88
721,1377731684,22.86
721,1377731689,22.88
721,1377731694,22.86
721,1377731699,22.87
721,1377731704,22.87
721,1377731709,22.87
721,1377731714,22.87
721,1377731719,22.86
721,1377731724,22.88
721,1377731729,22.86
721,1377731734,22.88
721,1377731739,22.88
721,1377731744,22.86
721,1377731749,22.88
721,1377731754,22.88
721,1377731759,22.87
721,1377731764,22.87
721,1377731769,22.87
721,1377731774,22.86
721,1377731779,22.86
721,1377731784,22.86
721,1377731789,22.86
721,1377731794,22.87
721,1377731799,22.86
721,1377731804,22.87
721,1377731809,22.86
721,1377731814,22.87
721,1377731819,22.87
721,1377731824,22.87
721,1377731829,22.86
721,1377731834,22.87
721,1377731839,22.86
721,1377731844,22.86
721,1377731849,22.88
721,1377731854,22.87
721,1377731859,22.87
721,1377731864,22.88
721,1377731869,22.86
721,1377731874,22.87
721,1377731879,22.87
721,1377731884,22.87
721,1377731889,22.87
721,1377731894,22.86
721,1377731899,22.86
721,1377731904,22.88
721,1377731909,22.88
721,1377731914,22.87
721,1377731919,22.88
721,1377731924,22.87
721,1377731929,22.88
721,1377731934,22.88
721,1377731939,22.87
721,1377731944,22.87
721,1377731949,22.87
721,1377731954,22.88
721,1377731959,22.87
721,1377731964,22.86
721,1377731969,22.88
721,1377731974,22.87
721,1377731979,22.86
721,1377731984,22.87
721,1377731989,22.85
721,1377731994,22.86
721,1377731999,22.87
721,1377732004,22.87
721,1377732009,22.87
721,1377732014,22.86
721,1377732019,22.88
721,1377732024,22.88
721,1377732029,22.87
721,1377732034,22.87
721,1377732039,22.87
721,1377732044,22.88
721,1377732049,22.87
721,1377732054,22.88
721,1377732059,22.88
721,1377732064,22.87
721,1377732069,22.88
721,1377732074,22.87
721,1377732079,22.88
721,1377732084,22.87
721,1377732089,22.88
721,1377732094,22.88
721,1377732099,22.87
721,1377732104,22.87
721,1377732109,22.88
721,1377732114,22.88
721,1377732119,22.86
721,1377732124,22.88
721,1377732129,22.87
721,1377732134,22.87
721,1377732139,22.87
721,1377732144,22.89
721,1377732149,22.88
721,1377732154,22.88
721,1377732159,22.88
721,1377732164,22.88
721,1377732169,22.88
721,1377732174,22.89
721,1377732179,22.88
721,1377732184,22.89
721,1377732189,22.88
721,1377732194,22.88
721,1377732199,22.88
721,1377732204,22.88
721,1377732209,22.88
721,1377732214,22.88
721,1377732219,22.89
721,1377732224,22.88
721,1377732229,22.88
721,1377732234,22.88
721,1377732239,22.88
721,1377732244,22.87
721,1377732249,22.88
721,1377732254,22.88
721,1377732259,22.88
721,1377732264,22.88
721,1377732269,22.88
721,1377732274,22.87
721,1377732279,22.87
721,1377732284,22.88
721,1377732289,22.87
721,1377732294,22.88
721,1377732299,22.89
721,1377732304,22.88
721,1377732309,22.88
721,1377732314,22.88
721,1377732319,22.88
721,1377732324,22.89
721,1377732329,22.89
721,1377732334,22.89
721,1377732339,22.88
721,1377732344,22.89
721,1377732349,22.88
721,1377732354,22.88
721,1377732359,22.89
721,1377732364,22.88
721,1377732369,22.89
721,1377732374,22.88
721,1377732379,22.89
721,1377732384,22.88
721,1377732389,22.89
721,1377732394,22.88
721,1377732399,22.89
721,1377732404,22.88
721,1377732409,22.9
721,1377732414,22.88
721,1377732419,22.88
721,1377732424,22.89
721,1377732429,22.88
721,1377732434,22.89
721,1377732439,22.88
721,1377732444,22.87
721,1377732449,22.88
721,1377732454,22.88
721,1377732459,22.88
721,1377732464,22.88
721,1377732469,22.88
721,1377732474,22.88
721,1377732479,22.9
721,1377732484,22.89
721,1377732489,22.88
721,1377732494,22.88
721,1377732499,22.88
721,1377732504,22.88
721,1377732509,22.88
721,1377732514,22.88
721,1377732519,22.88
721,1377732524,22.9
721,1377732529,22.88
721,1377732534,22.88
721,1377732539,22.89
721,1377732544,22.89
721,1377732549,22.88
721,1377732554,22.89
721,1377732559,22.88
721,1377732564,22.88
721,1377732569,22.88
721,1377732574,22.89
721,1377732579,22.89
721,1377732584,22.88
721,1377732589,22.9
721,1377732594,22.88
721,1377732599,22.88
721,1377732604,22.89
721,1377732609,22.89
721,1377732614,22.88
721,1377732619,22.89
721,1377732624,22.9
721,1377732629,22.88
721,1377732634,22.89
721,1377732639,22.89
721,1377732644,22.9
721,1377732649,22.89
721,1377732654,22.89
721,1377732659,22.88
721,1377732664,22.89
721,1377732669,22.88
721,1377732674,22.89
721,1377732679,22.89
721,1377732684,22.89
721,1377732689,22.89
721,1377732694,22.9
721,1377732699,22.9
721,1377732704,22.89
721,1377732709,22.89
721,1377732714,22.89
721,1377732719,22.89
721,1377732724,22.9
721,1377732729,22.88
721,1377732734,22.89
721,1377732739,22.89
721,1377732744,22.89
721,1377732749,22.9
721,1377732754,22.9
721,1377732759,22.88
721,1377732764,22.89
721,1377732769,22.89
721,1377732774,22.9
721,1377732779,22.9
721,1377732784,22.89
721,1377732789,22.89
721,1377732794,22.89
721,1377732799,22.89
721,1377732804,22.88
721,1377732809,22.89
721,1377732814,22.89
721,1377732819,22.89
721,1377732824,22.89
721,1377732829,22.88
721,1377732834,22.88
721,1377732839,22.88
721,1377732844,22.89
721,1377732849,22.89
721,1377732854,22.88
721,1377732859,22.89
721,1377732864,22.88
721,1377732869,22.88
721,1377732874,22.88
721,1377732879,22.87
721,1377732884,22.88
721,1377732889,22.89
721,1377732894,22.89
721,1377732899,22.89
721,1377732904,22.89
721,1377732909,22.89
721,1377732914,22.87
721,1377732919,22.88
721,1377732924,22.9
721,1377732929,22.89
721,1377732934,22.88
721,1377732939,22.89
721,1377732944,22.9
721,1377732949,22.89
721,1377732954,22.89
721,1377732959,22.89
721,1377732964,22.89
721,1377732969,22.9
721,1377732974,22.88
721,1377732979,22.89
721,1377732984,22.88
721,1377732989,22.88
721,1377732994,22.9
721,1377732999,22.88
721,1377733004,22.88
721,1377733009,22.88
721,1377733014,22.89
721,1377733019,22.89
721,1377733024,22.88
721,1377733029,22.89
721,1377733034,22.89
721,1377733039,22.88
721,1377733044,22.9
721,1377733049,22.9
721,1377733054,22.89
721,1377733059,22.89
721,1377733064,22.88
721,1377733069,22.88
721,1377733074,22.88
721,1377733079,22.88
721,1377733084,22.88
721,1377733089,22.89
721,1377733094,22.88
721,1377733099,22.88
721,1377733104,22.88
721,1377733109,22.88
721,1377733114,22.89
721,1377733119,22.89
721,1377733124,22.89
721,1377733129,22.88
721,1377733134,22.89
721,1377733139,22.89
721,1377733144,22.88
721,1377733149,22.89
721,1377733154,22.89
721,1377733159,22.89
721,1377733164,22.89
721,1377733169,22.9
721,1377733174,22.89
721,1377733179,22.89
721,1377733184,22.9
721,1377733189,22.89
721,1377733194,22.89
721,1377733199,22.88
721,1377733204,22.89
721,1377733209,22.88
721,1377733214,22.89
721,1377733219,22.89
721,1377733224,22.89
721,1377733229,22.88
721,1377733234,22.89
721,1377733239,22.89
721,1377733244,22.89
721,1377733249,22.88
721,1377733254,22.89
721,1377733259,22.89
721,1377733264,22.88
721,1377733269,22.89
721,1377733274,22.9
721,1377733279,22.9
721,1377733284,22.89
721,1377733289,22.9
721,1377733294,22.9
721,1377733299,22.89
721,1377733304,22.89
721,1377733309,22.9
721,1377733314,22.89
721,1377733319,22.9
721,1377733324,22.89
721,1377733329,22.9
721,1377733334,22.88
721,1377733339,22.89
721,1377733344,22.88
721,1377733349,22.89
721,1377733354,22.89
721,1377733359,22.89
721,1377733364,22.89
721,1377733369,22.88
721,1377733374,22.89
721,1377733379,22.9
721,1377733384,22.9
721,1377733389,22.9
721,1377733394,22.9
721,1377733399,22.9
721,1377733404,22.89
721,1377733409,22.9
721,1377733414,22.9
721,1377733419,22.89
721,1377733424,22.9
721,1377733429,22.89
721,1377733434,22.9
721,1377733439,22.89
721,1377733444,22.9
721,1377733449,22.89
721,1377733454,22.9
721,1377733459,22.89
721,1377733464,22.91
721,1377733469,22.9
721,1377733474,22.9
721,1377733479,22.89
721,1377733484,22.89
721,1377733489,22.88
721,1377733494,22.9
721,1377733499,22.9
721,1377733504,22.9
721,1377733509,22.89
721,1377733514,22.88
721,1377733519,22.89
721,1377733524,22.89
721,1377733529,22.9
721,1377733534,22.89
721,1377733539,22.89
721,1377733544,22.89
721,1377733549,22.9
721,1377733554,22.9
721,1377733559,22.9
721,1377733564,22.89
721,1377733569,22.89
721,1377733574,22.9
721,1377733579,22.9
721,1377733584,22.9
721,1377733589,22.9
721,1377733594,22.9
721,1377733599,22.9
721,1377733604,22.9
721,1377733609,22.9
721,1377733614,22.9
721,1377733619,22.9
721,1377733624,22.89
721,1377733629,22.9
721,1377733634,22.91
721,1377733639,22.9
721,1377733644,22.9
721,1377733649,22.91
721,1377733654,22.9
721,1377733659,22.91
721,1377733664,22.9
721,1377733669,22.9
721,1377733674,22.91
721,1377733679,22.9
721,1377733684,22.92
721,1377733689,22.91
721,1377733694,22.9
721,1377733699,22.9
721,1377733704,22.9
721,1377733709,22.9
721,1377733714,22.92
721,1377733719,22.89
721,1377733724,22.91
721,1377733729,22.9
721,1377733734,22.91
721,1377733739,22.9
721,1377733744,22.9
721,1377733749,22.9
721,1377733754,22.9
721,1377733759,22.9
721,1377733764,22.9
721,1377733769,22.9
721,1377733774,22.9
721,1377733779,22.9
721,1377733784,22.9
721,1377733789,22.9
721,1377733794,22.9
721,1377733799,22.9
721,1377733804,22.9
721,1377733809,22.91
721,1377733814,22.9
721,1377733819,22.9
721,1377733824,22.9
721,1377733829,22.91
721,1377733834,22.91
721,1377733839,22.9
721,1377733844,22.9
721,1377733849,22.9
721,1377733854,22.91
721,1377733859,22.9
721,1377733864,22.91
721,1377733869,22.9
721,1377733874,22.91
721,1377733879,22.9
721,1377733884,22.9
721,1377733889,22.91
721,1377733894,22.9
721,1377733899,22.9
721,1377733904,22.9
721,1377733909,22.91
721,1377733914,22.9
721,1377733919,22.9
721,1377733924,22.9
721,1377733929,22.91
721,1377733934,22.9
721,1377733939,22.9
721,1377733944,22.91
721,1377733949,22.91
721,1377733954,22.9
721,1377733959,22.9
721,1377733964,22.89
721,1377733969,22.9
721,1377733974,22.9
721,1377733979,22.91
721,1377733984,22.9
721,1377733989,22.9
721,1377733994,22.9
721,1377733999,22.89
721,1377734004,22.9
721,1377734009,22.9
721,1377734014,22.9
721,1377734019,22.9
721,1377734024,22.9
721,1377734029,22.9
721,1377734034,22.9
721,1377734039,22.9
721,1377734044,22.91
721,1377734049,22.91
721,1377734054,22.9
721,1377734059,22.9
721,1377734064,22.91
721,1377734069,22.9
721,1377734074,22.9
721,1377734079,22.89
721,1377734084,22.9
721,1377734089,22.91
721,1377734094,22.9
721,1377734099,22.9
721,1377734104,22.9
721,1377734109,22.9
721,1377734114,22.9
721,1377734119,22.9
721,1377734124,22.9
721,1377734129,22.89
721,1377734134,22.9
721,1377734139,22.9
721,1377734144,22.91
721,1377734149,22.9
721,1377734154,22.9
721,1377734159,22.9
721,1377734164,22.9
721,1377734169,22.9
721,1377734174,22.9
721,1377734179,22.9
721,1377734184,22.9
721,1377734189,22.9
721,1377734194,22.91
721,1377734199,22.91
721,1377734204,22.9
721,1377734209,22.9
721,1377734214,22.92
721,1377734219,22.9
721,1377734224,22.92
721,1377734229,22.91
721,1377734234,22.9
721,1377734239,22.92
721,1377734244,22.92
721,1377734249,22.9
721,1377734254,22.92
721,1377734259,22.92
721,1377734264,22.92
721,1377734269,22.91
721,1377734274,22.91
721,1377734279,22.9
721,1377734284,22.91
721,1377734289,22.91
721,1377734294,22.91
721,1377734299,22.91
721,1377734304,22.91
721,1377734309,22.9
721,1377734314,22.92
721,1377734319,22.91
721,1377734324,22.91
721,1377734329,22.92
721,1377734334,22.9
721,1377734339,22.92
721,1377734344,22.9
721,1377734349,22.92
721,1377734354,22.9
721,1377734359,22.91
721,1377734364,22.92
721,1377734369,22.9
721,1377734374,22.91
721,1377734379,22.92
721,1377734384,22.92
721,1377734389,22.91
721,1377734394,22.91
721,1377734399,22.91
721,1377734404,22.92
721,1377734409,22.92
721,1377734414,22.9
721,1377734419,22.91
721,1377734424,22.9
721,1377734429,22.91
721,1377734434,22.92
721,1377734439,22.92
721,1377734444,22.92
721,1377734449,22.91
721,1377734454,22.92
721,1377734459,22.92
721,1377734464,22.91
721,1377734469,22.91
721,1377734474,22.91
721,1377734479,22.92
721,1377734484,22.92
721,1377734489,22.91
721,1377734494,22.91
721,1377734499,22.9
721,1377734504,22.91
721,1377734509,22.91
721,1377734514,22.91
721,1377734519,22.92
721,1377734524,22.91
721,1377734529,22.92
721,1377734534,22.92
721,1377734539,22.92
721,1377734544,22.91
721,1377734549,22.91
721,1377734554,22.92
721,1377734559,22.91
721,1377734564,22.91
721,1377734569,22.92
721,1377734574,22.91
721,1377734579,22.91
721,1377734584,22.92
721,1377734589,22.92
721,1377734594,22.91
721,1377734599,22.92
721,1377734604,22.92
721,1377734609,22.91
721,1377734614,22.91
721,1377734619,22.91
721,1377734624,22.9
721,1377734629,22.9
721,1377734634,22.91
721,1377734639,22.91
721,1377734644,22.9
721,1377734649,22.91
721,1377734654,22.9
721,1377734659,22.92
721,1377734664,22.91
721,1377734669,22.92
721,1377734674,22.91
721,1377734679,22.92
721,1377734684,22.91
721,1377734689,22.92
721,1377734694,22.92
721,1377734699,22.92
721,1377734704,22.91
721,1377734709,22.92
721,1377734714,22.9
721,1377734719,22.9
721,1377734724,22.91
721,1377734729,22.91
721,1377734734,22.92
721,1377734739,22.92
721,1377734744,22.91
721,1377734749,22.92
721,1377734754,22.91
721,1377734759,22.91
721,1377734764,22.9
721,1377734769,22.91
721,1377734774,22.92
721,1377734779,22.93
721,1377734784,22.92
721,1377734789,22.91
721,1377734794,22.92
721,1377734799,22.91
721,1377734804,22.92
721,1377734809,22.91
721,1377734814,22.91
721,1377734819,22.92
721,1377734824,22.92
721,1377734829,22.91
721,1377734834,22.92
721,1377734839,22.92
721,1377734844,22.92
721,1377734849,22.91
721,1377734854,22.91
721,1377734859,22.91
721,1377734864,22.92
721,1377734869,22.91
721,1377734874,22.91
721,1377734879,22.91
721,1377734884,22.92
721,1377734889,22.92
721,1377734894,22.91
721,1377734899,22.92
721,1377734904,22.91
721,1377734909,22.91
721,1377734914,22.91
721,1377734919,22.92
721,1377734924,22.91
721,1377734929,22.91
721,1377734934,22.92
721,1377734939,22.92
721,1377734944,22.92
721,1377734949,22.92
721,1377734954,22.92
721,1377734959,22.92
721,1377734964,22.92
721,1377734969,22.92
721,1377734974,22.94
721,1377734979,22.92
721,1377734984,22.9
721,1377734989,22.92
721,1377734994,22.91
721,1377734999,22.91
721,1377735004,22.92
721,1377735009,22.91
721,1377735014,22.91
721,1377735019,22.92
721,1377735024,22.91
721,1377735029,22.92
721,1377735034,22.91
721,1377735039,22.92
721,1377735044,22.92
721,1377735049,22.91
721,1377735054,22.91
721,1377735059,22.91
721,1377735064,22.92
721,1377735069,22.91
721,1377735074,22.91
721,1377735079,22.91
721,1377735084,22.92
721,1377735089,22.92
721,1377735094,22.92
721,1377735099,22.92
721,1377735104,22.92
721,1377735109,22.92
721,1377735114,22.92
721,1377735119,22.91
721,1377735124,22.91
721,1377735129,22.91
721,1377735134,22.92
721,1377735139,22.92
721,1377735144,22.91
721,1377735149,22.92
721,1377735154,22.92
721,1377735159,22.92
721,1377735164,22.92
721,1377735169,22.92
721,1377735174,22.91
721,1377735179,22.92
721,1377735184,22.91
721,1377735189,22.92
721,1377735194,22.92
721,1377735199,22.91
721,1377735204,22.91
721,1377735209,22.91
721,1377735214,22.91
721,1377735219,22.92
721,1377735224,22.92
721,1377735229,22.91
721,1377735234,22.91
721,1377735239,22.92
721,1377735244,22.91
721,1377735249,22.92
721,1377735254,22.92
721,1377735259,22.92
721,1377735264,22.91
721,1377735269,22.91
721,1377735275,22.92
721,1377735279,22.92
721,1377735284,22.9
721,1377735289,22.91
721,1377735294,22.91
721,1377735299,22.92
721,1377735304,22.92
721,1377735309,22.9
721,1377735314,22.92
721,1377735319,22.94
721,1377735324,22.92
721,1377735329,22.92
721,1377735334,22.92
721,1377735339,22.92
721,1377735344,22.91
721,1377735349,22.9
721,1377735354,22.92
721,1377735359,22.92
721,1377735364,22.92
721,1377735369,22.92
721,1377735374,22.92
721,1377735379,22.91
721,1377735384,22.92
721,1377735389,22.91
721,1377735394,22.92
721,1377735399,22.92
721,1377735404,22.92
721,1377735409,22.92
721,1377735414,22.92
721,1377735419,22.91
721,1377735424,22.91
721,1377735429,22.92
721,1377735434,22.93
721,1377735439,22.93
721,1377735444,22.91
721,1377735449,22.92
721,1377735454,22.92
721,1377735459,22.92
721,1377735464,22.92
721,1377735469,22.92
721,1377735474,22.92
721,1377735479,22.92
721,1377735484,22.92
721,1377735489,22.92
721,1377735494,22.91
721,1377735499,22.92
721,1377735504,22.91
721,1377735509,22.92
721,1377735514,22.92
721,1377735519,22.92
721,1377735524,22.92
721,1377735529,22.91
721,1377735534,22.92
721,1377735539,22.92
721,1377735544,22.92
721,1377735549,22.92
721,1377735554,22.92
721,1377735559,22.92
721,1377735564,22.91
721,1377735569,22.91
721,1377735574,22.92
721,1377735579,22.92
721,1377735584,22.92
721,1377735589,22.92
721,1377735594,22.92
721,1377735599,22.92
721,1377735604,22.92
721,1377735609,22.92
721,1377735614,22.92
721,1377735619,22.92
721,1377735624,22.92
721,1377735629,22.92
721,1377735634,22.92
721,1377735639,22.92
721,1377735644,22.92
721,1377735649,22.92
721,1377735654,22.92
721,1377735659,22.92
721,1377735664,22.92
721,1377735669,22.93
721,1377735674,22.92
721,1377735679,22.92
721,1377735684,22.93
721,1377735689,22.92
721,1377735694,22.92
721,1377735699,22.92
721,1377735704,22.92
721,1377735709,22.92
721,1377735714,22.93
721,1377735719,22.93
721,1377735724,22.94
721,1377735729,22.93
721,1377735734,22.92
721,1377735739,22.92
721,1377735744,22.94
721,1377735749,22.92
721,1377735754,22.92
721,1377735759,22.93
721,1377735764,22.92
721,1377735769,22.93
721,1377735774,22.93
721,1377735779,22.94
721,1377735784,22.92
721,1377735789,22.92
721,1377735794,22.93
721,1377735799,22.93
721,1377735804,22.94
721,1377735809,22.92
721,1377735814,22.93
721,1377735819,22.93
721,1377735824,22.92
721,1377735829,22.94
721,1377735834,22.94
721,1377735839,22.93
721,1377735844,22.93
721,1377735849,22.93
721,1377735854,22.92
721,1377735859,22.94
721,1377735864,22.93
721,1377735869,22.92
721,1377735874,22.94
721,1377735879,22.93
721,1377735884,22.92
721,1377735889,22.92
721,1377735894,22.93
721,1377735899,22.93
721,1377735904,22.94
721,1377735909,22.93
721,1377735914,22.93
721,1377735919,22.92
721,1377735924,22.92
721,1377735929,22.93
721,1377735934,22.93
721,1377735939,22.93
721,1377735944,22.93
721,1377735949,22.94
721,1377735954,22.93
721,1377735959,22.92
721,1377735964,22.92
721,1377735969,22.93
721,1377735974,22.94
721,1377735979,22.93
721,1377735984,22.94
721,1377735989,22.94
721,1377735994,22.94
721,1377735999,22.92
721,1377736004,22.93
721,1377736009,22.92
721,1377736014,22.92
721,1377736019,22.92
721,1377736024,22.93
721,1377736029,22.93
721,1377736034,22.94
721,1377736039,22.92
721,1377736044,22.93
721,1377736049,22.93
721,1377736054,22.92
721,1377736059,22.92
721,1377736064,22.92
721,1377736069,22.93
721,1377736074,22.94
721,1377736079,22.94
721,1377736084,22.92
721,1377736089,22.92
721,1377736094,22.92
721,1377736099,22.94
721,1377736104,22.93
721,1377736109,22.93
721,1377736114,22.93
721,1377736119,22.92
721,1377736124,22.92
721,1377736129,22.94
721,1377736134,22.94
721,1377736139,22.93
721,1377736144,22.93
721,1377736149,22.93
721,1377736154,22.92
721,1377736159,22.94
721,1377736164,22.94
721,1377736169,22.93
721,1377736174,22.93
721,1377736179,22.92
721,1377736184,22.91
721,1377736189,22.92
721,1377736194,22.94
721,1377736199,22.92
721,1377736204,22.93
721,1377736209,22.93
721,1377736214,22.93
721,1377736219,22.92
721,1377736224,22.94
721,1377736229,22.94
721,1377736234,22.93
721,1377736239,22.93
721,1377736244,22.94
721,1377736249,22.93
721,1377736254,22.92
721,1377736259,22.92
721,1377736264,22.92
721,1377736269,22.92
721,1377736274,22.93
721,1377736279,22.92
721,1377736284,22.93
721,1377736289,22.92
721,1377736294,22.91
721,1377736299,22.93
721,1377736304,22.93
721,1377736309,22.92
721,1377736314,22.92
721,1377736319,22.94
721,1377736324,22.92
721,1377736329,22.92
721,1377736334,22.92
721,1377736339,22.92
721,1377736344,22.92
721,1377736349,22.94
721,1377736354,22.93
721,1377736359,22.92
721,1377736364,22.91
721,1377736369,22.92
721,1377736374,22.92
721,1377736379,22.93
721,1377736384,22.92
721,1377736389,22.92
721,1377736394,22.92
721,1377736399,22.92
721,1377736404,22.92
721,1377736409,22.93
721,1377736414,22.92
721,1377736419,22.92
721,1377736424,22.93
721,1377736429,22.92
721,1377736434,22.92
721,1377736439,22.92
721,1377736444,22.92
721,1377736449,22.92
721,1377736454,22.93
721,1377736459,22.92
721,1377736464,22.92
721,1377736469,22.92
721,1377736474,22.93
721,1377736479,22.92
721,1377736484,22.92
721,1377736489,22.92
721,1377736494,22.92
721,1377736499,22.92
721,1377736504,22.92
721,1377736509,22.92
721,1377736514,22.92
721,1377736519,22.92
721,1377736524,22.91
721,1377736529,22.92
721,1377736534,22.93
721,1377736539,22.92
721,1377736544,22.92
721,1377736549,22.92
721,1377736554,22.93
721,1377736559,22.92
721,1377736564,22.92
721,1377736569,22.93
721,1377736574,22.93
721,1377736579,22.93
721,1377736584,22.91
721,1377736589,22.92
721,1377736594,22.92
721,1377736599,22.93
721,1377736604,22.92
721,1377736609,22.92
721,1377736614,22.92
721,1377736619,22.92
721,1377736624,22.92
721,1377736629,22.92
721,1377736634,22.92
721,1377736639,22.91
721,1377736644,22.91
721,1377736649,22.92
721,1377736654,22.92
721,1377736659,22.91
721,1377736664,22.91
721,1377736669,22.92
721,1377736674,22.92
721,1377736679,22.93
721,1377736684,22.91
721,1377736689,22.91
721,1377736694,22.92
721,1377736699,22.92
721,1377736704,22.92
721,1377736709,22.92
721,1377736714,22.92
721,1377736719,22.92
721,1377736724,22.93
721,1377736729,22.92
721,1377736734,22.93
721,1377736739,22.92
721,1377736744,22.92
721,1377736749,22.92
721,1377736754,22.92
721,1377736759,22.92
721,1377736764,22.93
721,1377736769,22.92
721,1377736774,22.91
721,1377736779,22.92
721,1377736784,22.92
721,1377736789,22.92
721,1377736794,22.92
721,1377736799,22.92
721,1377736804,22.91
721,1377736809,22.92
721,1377736814,22.92
721,1377736819,22.92
721,1377736824,22.92
721,1377736829,22.93
721,1377736834,22.91
721,1377736839,22.92
721,1377736844,22.91
721,1377736849,22.92
721,1377736854,22.92
721,1377736859,22.91
721,1377736864,22.92
721,1377736869,22.92
721,1377736874,22.92
721,1377736879,22.93
721,1377736884,22.92
721,1377736889,22.91
721,1377736894,22.91
721,1377736899,22.92
721,1377736904,22.92
721,1377736909,22.92
721,1377736914,22.92
721,1377736919,22.92
721,1377736924,22.91
721,1377736929,22.92
721,1377736934,22.92
721,1377736939,22.92
721,1377736944,22.92
721,1377736949,22.92
721,1377736954,22.92
721,1377736959,22.92
721,1377736964,22.93
721,1377736969,22.92
721,1377736974,22.92
721,1377736979,22.93
721,1377736984,22.92
721,1377736989,22.91
721,1377736994,22.92
721,1377736999,22.93
721,1377737004,22.92
721,1377737009,22.93
721,1377737014,22.92
721,1377737019,22.92
721,1377737024,22.92
721,1377737029,22.91
721,1377737034,22.92
721,1377737039,22.91
721,1377737044,22.93
721,1377737049,22.92
721,1377737054,22.93
721,1377737059,22.92
721,1377737064,22.92
721,1377737069,22.92
721,1377737074,22.92
721,1377737079,22.93
721,1377737084,22.92
721,1377737089,22.92
721,1377737094,22.94
721,1377737099,22.92
721,1377737104,22.92
721,1377737109,22.92
721,1377737114,22.92
721,1377737119,22.92
721,1377737124,22.92
721,1377737129,22.93
721,1377737134,22.93
721,1377737139,22.93
721,1377737144,22.92
721,1377737149,22.92
721,1377737154,22.93
721,1377737159,22.92
721,1377737164,22.93
721,1377737169,22.93
721,1377737174,22.92
721,1377737179,22.92
721,1377737184,22.92
721,1377737189,22.92
721,1377737194,22.92
721,1377737199,22.93
721,1377737204,22.93
721,1377737209,22.94
721,1377737214,22.93
721,1377737219,22.94
721,1377737224,22.92
721,1377737229,22.94
721,1377737234,22.93
721,1377737239,22.92
721,1377737244,22.93
721,1377737248,22.94
721,1377737254,22.92
721,1377737259,22.93
721,1377737264,22.93
721,1377737269,22.93
721,1377737274,22.92
721,1377737279,22.92
721,1377737284,22.92
721,1377737289,22.94
721,1377737294,22.93
721,1377737299,22.94
721,1377737304,22.94
721,1377737309,22.94
721,1377737314,22.94
721,1377737319,22.93
721,1377737324,22.93
721,1377737329,22.94
721,1377737334,22.94
721,1377737339,22.94
721,1377737344,22.93
721,1377737349,22.93
721,1377737354,22.94
721,1377737359,22.93
721,1377737364,22.94
721,1377737369,22.93
721,1377737374,22.93
721,1377737379,22.94
721,1377737384,22.93
721,1377737389,22.94
721,1377737394,22.93
721,1377737399,22.93
721,1377737404,22.95
721,1377737409,22.93
721,1377737414,22.94
721,1377737419,22.93
721,1377737424,22.93
721,1377737429,22.94
721,1377737434,22.93
721,1377737439,22.93
721,1377737444,22.93
721,1377737449,22.94
721,1377737454,22.93
721,1377737459,22.94
721,1377737464,22.93
721,1377737469,22.93
721,1377737474,22.94
721,1377737479,22.94
721,1377737484,22.94
721,1377737489,22.94
721,1377737494,22.93
721,1377737499,22.94
721,1377737503,22.94
721,1377737509,22.94
721,1377737514,22.94
721,1377737519,22.94
721,1377737524,22.94
721,1377737529,22.93
721,1377737534,22.93
721,1377737539,22.94
721,1377737544,22.94
721,1377737549,22.94
721,1377737554,22.95
721,1377737559,22.95
721,1377737564,22.94
721,1377737569,22.93
721,1377737574,22.93
721,1377737578,22.94
721,1377737584,22.94
721,1377737589,22.94
721,1377737594,22.94
721,1377737599,22.93
721,1377737604,22.93
721,1377737609,22.94
721,1377737614,22.94
721,1377737619,22.94
721,1377737624,22.94
721,1377737629,22.93
721,1377737634,22.94
721,1377737639,22.94
721,1377737644,22.95
721,1377737649,22.94
721,1377737654,22.94
721,1377737659,22.93
721,1377737663,22.94
721,1377737669,22.94
721,1377737674,22.94
721,1377737679,22.94
721,1377737684,22.94
721,1377737689,22.94
721,1377737693,22.95
721,1377737699,22.94
721,1377737704,22.95
721,1377737709,22.94
721,1377737714,22.95
721,1377737718,22.94
721,1377737724,22.94
721,1377737729,22.94
721,1377737734,22.94
721,1377737738,22.94
721,1377737743,22.94
721,1377737749,22.95
721,1377737754,22.94
721,1377737759,22.94
721,1377737764,22.96
721,1377737769,22.94
721,1377737773,22.95
721,1377737779,22.96
721,1377737784,22.94
721,1377737789,22.94
721,1377737794,22.95
721,1377737799,22.94
721,1377737804,22.95
721,1377737809,22.95
721,1377737814,22.95
721,1377737819,22.95
721,1377737824,22.95
721,1377737829,22.96
721,1377737834,22.97
721,1377737839,22.96
721,1377737844,22.96
721,1377737849,22.95
721,1377737853,22.94
721,1377737859,22.96
721,1377737864,22.96
721,1377737869,22.95
721,1377737874,22.96
721,1377737879,22.95
721,1377737883,22.96
721,1377737889,22.94
721,1377737893,22.94
721,1377737899,22.95
721,1377737904,22.95
721,1377737909,22.96
721,1377737914,22.94
721,1377737918,22.96
721,1377737923,22.96
721,1377737929,22.96
721,1377737934,22.95
721,1377737939,22.96
721,1377737943,22.96
721,1377737948,22.96
721,1377737954,22.96
721,1377737958,22.96
721,1377737963,22.96
721,1377737969,22.95
721,1377737974,22.96
721,1377737978,22.96
721,1377737983,22.96
721,1377737988,22.97
721,1377737993,22.96
721,1377737999,22.96
721,1377738004,22.96
721,1377738008,22.96
721,1377738013,22.96
721,1377738019,22.97
721,1377738024,22.96
721,1377738028,22.97
721,1377738033,22.96
721,1377738038,22.96
721,1377738044,22.96
721,1377738048,22.96
721,1377738053,22.96
721,1377738058,22.97
721,1377738063,22.97
721,1377738068,22.97
721,1377738074,22.97
721,1377738078,22.97
721,1377738083,22.97
721,1377738088,22.96
721,1377738094,22.96
721,1377738099,22.96
721,1377738103,22.97
721,1377738108,22.97
721,1377738113,22.97
721,1377738118,22.96
721,1377738124,22.98
721,1377738128,22.96
721,1377738133,22.97
721,1377738138,22.97
721,1377738144,22.96
721,1377738148,22.97
721,1377738153,22.96
721,1377738158,22.97
721,1377738163,22.97
721,1377738168,22.97
721,1377738173,22.97
721,1377738179,22.98
721,1377738184,22.98
721,1377738188,22.98
721,1377738193,22.98
721,1377738198,22.96
721,1377738203,22.97
721,1377738208,22.97
721,1377738213,22.97
721,1377738218,22.97
721,1377738223,22.98
721,1377738228,22.97
721,1377738233,22.97
721,1377738238,22.97
721,1377738243,22.98
721,1377738248,22.98
721,1377738253,22.97
721,1377738258,22.98
721,1377738263,22.98
721,1377738268,22.96
721,1377738273,22.98
721,1377738278,22.98
721,1377738284,22.97
721,1377738289,22.97
721,1377738293,22.99
721,1377738298,22.98
721,1377738303,22.98
721,1377738309,22.99
721,1377738313,22.98
721,1377738318,22.98
721,1377738323,22.98
721,1377738328,22.97
721,1377738333,22.97
721,1377738338,22.98
721,1377738343,22.99
721,1377738348,22.98
721,1377738353,22.98
721,1377738358,22.98
721,1377738363,22.98
721,1377738368,22.98
721,1377738373,22.98
721,1377738378,22.98
721,1377738383,22.99
721,1377738388,22.99
721,1377738393,22.99
721,1377738398,23.0
721,1377738403,22.98
721,1377738408,22.98
721,1377738413,22.99
721,1377738418,22.99
721,1377738423,22.99
721,1377738428,23.0
721,1377738433,22.99
721,1377738438,22.99
721,1377738443,22.98
721,1377738448,23.0
721,1377738453,23.0
721,1377738458,23.0
721,1377738463,22.99
721,1377738468,22.99
721,1377738473,23.0
721,1377738478,22.99
721,1377738483,22.99
721,1377738488,23.0
721,1377738493,22.99
721,1377738498,22.99
721,1377738503,23.0
721,1377738508,23.0
721,1377738513,22.99
721,1377738518,22.99
721,1377738523,23.0
721,1377738528,23.0
721,1377738533,23.0
721,1377738538,23.0
721,1377738543,23.0
721,1377738548,23.0
721,1377738553,23.0
721,1377738558,22.98
721,1377738563,23.0
721,1377738568,22.99
721,1377738573,23.0
721,1377738578,23.0
721,1377738583,22.99
721,1377738588,22.99
721,1377738593,23.0
721,1377738598,23.0
721,1377738603,23.0
721,1377738608,23.0
721,1377738613,23.01
721,1377738618,23.0
721,1377738623,23.01
721,1377738628,23.0
721,1377738633,23.0
721,1377738638,23.01
721,1377738643,23.01
721,1377738648,23.01
721,1377738653,23.0
721,1377738658,23.01
721,1377738664,23.01
721,1377738668,23.0
721,1377738673,23.0
721,1377738678,23.01
721,1377738683,23.01
721,1377738688,23.01
721,1377738693,23.0
721,1377738698,23.01
721,1377738703,23.0
721,1377738708,23.01
721,1377738713,23.01
721,1377738718,23.01
721,1377738723,23.0
721,1377738728,23.01
721,1377738733,23.01
721,1377738738,23.01
721,1377738743,23.01
721,1377738748,23.02
721,1377738753,23.01
721,1377738758,23.0
721,1377738763,23.0
721,1377738768,23.02
721,1377738773,23.01
721,1377738778,23.01
721,1377738783,23.02
721,1377738788,23.01
721,1377738793,23.02
721,1377738798,23.02
721,1377738803,23.02
721,1377738808,23.02
721,1377738813,23.02
721,1377738818,23.02
721,1377738823,23.02
721,1377738828,23.02
721,1377738833,23.02
721,1377738838,23.01
721,1377738843,23.02
721,1377738848,23.03
721,1377738853,23.02
721,1377738858,23.02
721,1377738863,23.02
721,1377738868,23.02
721,1377738873,23.02
721,1377738878,23.02
721,1377738883,23.02
721,1377738888,23.02
721,1377738893,23.01
721,1377738898,23.03
721,1377738903,23.03
721,1377738908,23.03
721,1377738913,23.02
721,1377738918,23.03
721,1377738923,23.03
721,1377738928,23.02
721,1377738933,23.02
721,1377738938,23.02
721,1377738943,23.02
721,1377738948,23.02
721,1377738953,23.03
721,1377738958,23.04
721,1377738963,23.03
721,1377738968,23.03
721,1377738973,23.03
721,1377738978,23.02
721,1377738983,23.03
721,1377738988,23.04
721,1377738993,23.04
721,1377738998,23.04
721,1377739003,23.03
721,1377739008,23.03
721,1377739013,23.04
721,1377739018,23.04
721,1377739023,23.04
721,1377739028,23.03
721,1377739033,23.03
721,1377739038,23.04
721,1377739043,23.04
721,1377739048,23.04
721,1377739053,23.04
721,1377739058,23.04
721,1377739063,23.04
721,1377739068,23.05
721,1377739073,23.04
721,1377739078,23.04
721,1377739084,23.04
721,1377739088,23.03
721,1377739093,23.05
721,1377739098,23.04
721,1377739103,23.04
721,1377739108,23.04
721,1377739113,23.04
721,1377739118,23.05
721,1377739123,23.04
721,1377739128,23.04
721,1377739133,23.05
721,1377739138,23.06
721,1377739143,23.05
721,1377739148,23.05
721,1377739153,23.05
721,1377739158,23.06
721,1377739163,23.05
721,1377739168,23.04
721,1377739173,23.05
721,1377739178,23.06
721,1377739183,23.05
721,1377739188,23.05
721,1377739193,23.06
721,1377739198,23.04
721,1377739203,23.06
721,1377739208,23.06
721,1377739213,23.05
721,1377739218,23.06
721,1377739223,23.05
721,1377739228,23.07
721,1377739233,23.06
721,1377739238,23.06
721,1377739243,23.06
721,1377739248,23.06
721,1377739253,23.07
721,1377739258,23.07
721,1377739263,23.06
721,1377739268,23.06
721,1377739273,23.06
721,1377739278,23.06
721,1377739283,23.05
721,1377739288,23.07
721,1377739293,23.06
721,1377739298,23.07
721,1377739303,23.06
721,1377739308,23.06
721,1377739313,23.07
721,1377739318,23.07
721,1377739324,23.06
721,1377739328,23.06
721,1377739333,23.06
721,1377739338,23.07
721,1377739343,23.07
721,1377739348,23.07
721,1377739353,23.07
721,1377739358,23.06
721,1377739363,23.07
721,1377739368,23.06
721,1377739373,23.06
721,1377739378,23.06
721,1377739383,23.08
721,1377739388,23.07
721,1377739393,23.07
721,1377739398,23.06
721,1377739403,23.06
721,1377739408,23.06
721,1377739413,23.07
721,1377739418,23.06
721,1377739423,23.08
721,1377739428,23.08
721,1377739433,23.07
721,1377739438,23.08
721,1377739443,23.06
721,1377739448,23.08
721,1377739453,23.08
721,1377739458,23.08
721,1377739463,23.08
721,1377739468,23.08
721,1377739473,23.07
721,1377739478,23.06
721,1377739483,23.07
721,1377739488,23.08
721,1377739493,23.08
721,1377739498,23.08
721,1377739503,23.08
721,1377739508,23.08
721,1377739513,23.08
721,1377739518,23.07
721,1377739523,23.08
721,1377739528,23.09
721,1377739533,23.08
721,1377739538,23.09
721,1377739543,23.07
721,1377739548,23.08
721,1377739553,23.09
721,1377739558,23.08
721,1377739563,23.09
721,1377739568,23.09
721,1377739573,23.08
721,1377739578,23.08
721,1377739583,23.08
721,1377739588,23.08
721,1377739593,23.09
721,1377739598,23.08
721,1377739603,23.1
721,1377739608,23.1
721,1377739613,23.1
721,1377739618,23.09
721,1377739623,23.1
721,1377739628,23.1
721,1377739633,23.1
721,1377739638,23.09
721,1377739643,23.1
721,1377739648,23.09
721,1377739653,23.09
721,1377739658,23.09
721,1377739663,23.09
721,1377739668,23.1
721,1377739673,23.1
721,1377739678,23.1
721,1377739683,23.09
721,1377739688,23.09
721,1377739693,23.09
721,1377739698,23.1
721,1377739703,23.1
721,1377739708,23.1
721,1377739713,23.09
721,1377739718,23.08
721,1377739723,23.09
721,1377739728,23.1
721,1377739733,23.1
721,1377739738,23.1
721,1377739743,23.1
721,1377739748,23.09
721,1377739753,23.09
721,1377739758,23.1
721,1377739763,23.08
721,1377739768,23.09
721,1377739773,23.1
721,1377739778,23.1
721,1377739783,23.1
721,1377739788,23.1
721,1377739793,23.1
721,1377739798,23.1
721,1377739803,23.1
721,1377739808,23.09
721,1377739813,23.1
721,1377739818,23.1
721,1377739823,23.11
721,1377739828,23.1
721,1377739833,23.1
721,1377739838,23.1
721,1377739843,23.09
721,1377739848,23.1
721,1377739853,23.1
721,1377739858,23.1
721,1377739863,23.1
721,1377739868,23.1
721,1377739873,23.1
721,1377739878,23.1
721,1377739883,23.1
721,1377739888,23.11
721,1377739893,23.1
721,1377739898,23.1
721,1377739903,23.11
721,1377739908,23.1
721,1377739913,23.11
721,1377739918,23.1
721,1377739923,23.1
721,1377739928,23.11
721,1377739933,23.1
721,1377739938,23.1
721,1377739943,23.1
721,1377739948,23.1
721,1377739953,23.1
721,1377739958,23.1
721,1377739963,23.1
721,1377739968,23.11
721,1377739973,23.1
721,1377739978,23.1
721,1377739983,23.1
721,1377739988,23.1
721,1377739993,23.11
721,1377739998,23.11
721,1377740003,23.1
721,1377740008,23.1
721,1377740013,23.1
721,1377740019,23.11
721,1377740023,23.1
721,1377740028,23.1
721,1377740033,23.1
721,1377740038,23.12
721,1377740043,23.1
721,1377740048,23.11
721,1377740053,23.1
721,1377740058,23.1
721,1377740063,23.11
721,1377740068,23.1
721,1377740073,23.11
721,1377740078,23.11
721,1377740083,23.11
721,1377740088,23.11
721,1377740093,23.1
721,1377740098,23.11
721,1377740103,23.11
721,1377740108,23.12
721,1377740113,23.1
721,1377740118,23.1
721,1377740123,23.11
721,1377740128,23.11
721,1377740133,23.1
721,1377740138,23.11
721,1377740143,23.1
721,1377740148,23.1
721,1377740153,23.12
721,1377740158,23.1
721,1377740163,23.1
721,1377740168,23.11
721,1377740173,23.11
721,1377740178,23.12
721,1377740183,23.11
721,1377740188,23.12
721,1377740193,23.1
721,1377740198,23.11
721,1377740203,23.11
721,1377740208,23.11
721,1377740213,23.11
721,1377740218,23.12
721,1377740223,23.12
721,1377740228,23.11
721,1377740233,23.1
721,1377740238,23.11
721,1377740243,23.12
721,1377740248,23.11
721,1377740253,23.1
721,1377740258,23.12
721,1377740263,23.12
721,1377740268,23.11
721,1377740273,23.12
721,1377740278,23.1
721,1377740283,23.12
721,1377740288,23.1
721,1377740293,23.12
721,1377740298,23.11
721,1377740303,23.12
721,1377740308,23.11
721,1377740313,23.12
721,1377740318,23.12
721,1377740323,23.12
721,1377740328,23.1
721,1377740333,23.12
721,1377740338,23.12
721,1377740343,23.12
721,1377740348,23.11
721,1377740353,23.12
721,1377740358,23.11
721,1377740363,23.11
721,1377740368,23.12
721,1377740373,23.12
721,1377740378,23.12
721,1377740383,23.12
721,1377740388,23.11
721,1377740393,23.11
721,1377740398,23.12
721,1377740403,23.12
721,1377740408,23.12
721,1377740413,23.11
721,1377740418,23.11
721,1377740423,23.11
721,1377740428,23.12
721,1377740433,23.12
721,1377740438,23.1
721,1377740443,23.12
721,1377740448,23.11
721,1377740453,23.11
721,1377740458,23.11
721,1377740463,23.1
721,1377740468,23.11
721,1377740473,23.11
721,1377740478,23.11
721,1377740483,23.11
721,1377740488,23.11
721,1377740493,23.11
721,1377740498,23.11
721,1377740503,23.11
721,1377740508,23.11
721,1377740513,23.12
721,1377740518,23.11
721,1377740524,23.1
721,1377740528,23.12
721,1377740533,23.12
721,1377740538,23.13
721,1377740543,23.12
721,1377740548,23.11
721,1377740553,23.12
721,1377740558,23.12
721,1377740563,23.12
721,1377740568,23.11
721,1377740573,23.12
721,1377740578,23.12
721,1377740583,23.12
721,1377740588,23.12
721,1377740593,23.12
721,1377740598,23.12
721,1377740603,23.12
721,1377740608,23.12
721,1377740613,23.13
721,1377740618,23.12
721,1377740623,23.13
721,1377740628,23.11
721,1377740633,23.12
721,1377740638,23.11
721,1377740643,23.11
721,1377740648,23.11
721,1377740653,23.12
721,1377740658,23.12
721,1377740663,23.12
721,1377740668,23.11
721,1377740673,23.12
721,1377740678,23.12
721,1377740683,23.11
721,1377740688,23.11
721,1377740693,23.12
721,1377740698,23.11
721,1377740703,23.12
721,1377740708,23.12
721,1377740713,23.12
721,1377740718,23.12
721,1377740723,23.12
721,1377740728,23.11
721,1377740733,23.12
721,1377740738,23.12
721,1377740743,23.11
721,1377740748,23.11
721,1377740753,23.1
721,1377740758,23.12
721,1377740763,23.12
721,1377740768,23.13
721,1377740773,23.12
721,1377740778,23.12
721,1377740783,23.12
721,1377740788,23.13
721,1377740793,23.12
721,1377740798,23.12
721,1377740803,23.12
721,1377740808,23.11
721,1377740813,23.11
721,1377740818,23.11
721,1377740823,23.11
721,1377740828,23.12
721,1377740833,23.12
721,1377740838,23.12
721,1377740843,23.12
721,1377740848,23.11
721,1377740853,23.12
721,1377740858,23.11
721,1377740863,23.11
721,1377740868,23.11
721,1377740873,23.11
721,1377740878,23.12
721,1377740883,23.12
721,1377740888,23.11
721,1377740893,23.11
721,1377740898,23.11
721,1377740903,23.11
721,1377740908,23.1
721,1377740913,23.11
721,1377740918,23.12
721,1377740923,23.1
721,1377740928,23.11
721,1377740933,23.12
721,1377740938,23.11
721,1377740943,23.1
721,1377740948,23.11
721,1377740953,23.12
721,1377740958,23.11
721,1377740963,23.11
721,1377740968,23.11
721,1377740973,23.1
721,1377740978,23.12
721,1377740983,23.11
721,1377740988,23.12
721,1377740993,23.11
721,1377740998,23.1
721,1377741003,23.11
721,1377741008,23.11
721,1377741013,23.11
721,1377741018,23.1
721,1377741023,23.1
721,1377741028,23.12
721,1377741033,23.11
721,1377741038,23.11
721,1377741043,23.1
721,1377741048,23.11
721,1377741053,23.1
721,1377741058,23.11
721,1377741063,23.11
721,1377741068,23.11
721,1377741073,23.11
721,1377741078,23.11
721,1377741083,23.11
721,1377741088,23.11
721,1377741093,23.11
721,1377741098,23.1
721,1377741103,23.12
721,1377741108,23.1
721,1377741113,23.1
721,1377741118,23.11
721,1377741123,23.1
721,1377741128,23.1
721,1377741133,23.1
721,1377741138,23.1
721,1377741143,23.11
721,1377741148,23.1
721,1377741153,23.11
721,1377741158,23.12
721,1377741163,23.1
721,1377741168,23.11
721,1377741173,23.11
721,1377741178,23.1
721,1377741183,23.1
721,1377741188,23.11
721,1377741193,23.09
721,1377741198,23.1
721,1377741203,23.11
721,1377741208,23.11
721,1377741213,23.1
721,1377741218,23.1
721,1377741223,23.1
721,1377741228,23.1
721,1377741233,23.12
721,1377741238,23.12
721,1377741243,23.12
721,1377741248,23.1
721,1377741253,23.1
721,1377741258,23.1
721,1377741263,23.11
721,1377741268,23.1
721,1377741273,23.11
721,1377741278,23.12
721,1377741283,23.1
721,1377741288,23.1
721,1377741293,23.1
721,1377741298,23.1
721,1377741303,23.1
721,1377741308,23.1
721,1377741313,23.11
721,1377741318,23.1
721,1377741323,23.1
721,1377741328,23.1
721,1377741333,23.1
721,1377741338,23.1
721,1377741343,23.1
721,1377741348,23.1
721,1377741353,23.09
721,1377741358,23.1
721,1377741363,23.1
721,1377741368,23.1
721,1377741373,23.1
721,1377741378,23.1
721,1377741383,23.1
721,1377741388,23.1
721,1377741393,23.1
721,1377741398,23.1
721,1377741403,23.11
721,1377741408,23.1
721,1377741413,23.1
721,1377741418,23.1
721,1377741423,23.1
721,1377741428,23.1
721,1377741433,23.1
721,1377741438,23.1
721,1377741443,23.1
721,1377741448,23.11
721,1377741453,23.09
721,1377741458,23.1
721,1377741463,23.09
721,1377741468,23.12
721,1377741473,23.11
721,1377741478,23.1
721,1377741483,23.09
721,1377741488,23.09
721,1377741493,23.1
721,1377741498,23.09
721,1377741503,23.1
721,1377741508,23.09
721,1377741513,23.09
721,1377741518,23.1
721,1377741523,23.1
721,1377741528,23.1
721,1377741533,23.09
721,1377741538,23.1
721,1377741543,23.1
721,1377741548,23.1
721,1377741553,23.1
721,1377741558,23.1
721,1377741563,23.1
721,1377741568,23.09
721,1377741573,23.1
721,1377741578,23.09
721,1377741583,23.1
721,1377741588,23.09
721,1377741593,23.09
721,1377741598,23.1
721,1377741603,23.1
721,1377741608,23.1
721,1377741613,23.1
721,1377741618,23.09
721,1377741623,23.09
721,1377741628,23.09
721,1377741633,23.1
721,1377741638,23.09
721,1377741643,23.09
721,1377741648,23.08
721,1377741653,23.08
721,1377741658,23.09
721,1377741663,23.09
721,1377741668,23.09
721,1377741673,23.1
721,1377741678,23.1
721,1377741683,23.1
721,1377741688,23.09
721,1377741693,23.09
721,1377741698,23.09
721,1377741703,23.08
721,1377741708,23.08
721,1377741713,23.1
721,1377741718,23.09
721,1377741723,23.09
721,1377741728,23.1
721,1377741733,23.1
721,1377741738,23.1
721,1377741743,23.1
721,1377741748,23.09
721,1377741753,23.08
721,1377741758,23.09
721,1377741763,23.09
721,1377741768,23.08
721,1377741773,23.08
721,1377741778,23.08
721,1377741783,23.1
721,1377741788,23.09
721,1377741793,23.09
721,1377741798,23.08
721,1377741803,23.08
721,1377741808,23.08
721,1377741813,23.09
721,1377741818,23.09
721,1377741823,23.08
721,1377741828,23.07
721,1377741833,23.09
721,1377741838,23.08
721,1377741843,23.08
721,1377741848,23.08
721,1377741853,23.07
721,1377741858,23.08
721,1377741863,23.08
721,1377741868,23.08
721,1377741873,23.08
721,1377741878,23.09
721,1377741883,23.09
721,1377741888,23.08
721,1377741893,23.08
721,1377741898,23.09
721,1377741903,23.09
721,1377741908,23.08
721,1377741913,23.08
721,1377741918,23.09
721,1377741923,23.07
721,1377741928,23.09
721,1377741933,23.07
721,1377741938,23.08
721,1377741943,23.08
721,1377741948,23.08
721,1377741953,23.07
721,1377741958,23.08
721,1377741963,23.08
721,1377741968,23.08
721,1377741973,23.09
721,1377741978,23.07
721,1377741983,23.08
721,1377741988,23.07
721,1377741993,23.08
721,1377741998,23.08
721,1377742003,23.08
721,1377742008,23.08
721,1377742013,23.08
721,1377742018,23.08
721,1377742023,23.08
721,1377742028,23.08
721,1377742033,23.08
721,1377742038,23.07
721,1377742043,23.08
721,1377742049,23.09
721,1377742053,23.08
721,1377742058,23.07
721,1377742063,23.08
721,1377742068,23.08
721,1377742073,23.08
721,1377742078,23.07
721,1377742083,23.07
721,1377742088,23.07
721,1377742093,23.07
721,1377742098,23.07
721,1377742103,23.07
721,1377742108,23.09
721,1377742113,23.08
721,1377742118,23.07
721,1377742123,23.07
721,1377742128,23.06
721,1377742133,23.07
721,1377742138,23.07
721,1377742143,23.08
721,1377742148,23.07
721,1377742153,23.06
721,1377742158,23.08
721,1377742163,23.08
721,1377742168,23.06
721,1377742173,23.06
721,1377742178,23.06
721,1377742183,23.06
721,1377742188,23.06
721,1377742193,23.07
721,1377742198,23.06
721,1377742203,23.06
721,1377742208,23.06
721,1377742213,23.06
721,1377742218,23.06
721,1377742223,23.05
721,1377742228,23.06
721,1377742233,23.06
721,1377742238,23.06
721,1377742243,23.06
721,1377742248,23.05
721,1377742253,23.06
721,1377742258,23.07
721,1377742263,23.06
721,1377742268,23.07
721,1377742273,23.05
721,1377742278,23.05
721,1377742283,23.06
721,1377742288,23.06
721,1377742293,23.06
721,1377742298,23.06
721,1377742303,23.06
721,1377742308,23.06
721,1377742313,23.06
721,1377742318,23.06
721,1377742323,23.06
721,1377742328,23.06
721,1377742333,23.06
721,1377742338,23.06
721,1377742343,23.06
721,1377742348,23.06
721,1377742353,23.05
721,1377742358,23.05
721,1377742363,23.04
721,1377742368,23.06
721,1377742373,23.04
721,1377742378,23.05
721,1377742383,23.05
721,1377742388,23.05
721,1377742393,23.05
721,1377742398,23.05
721,1377742403,23.05
721,1377742408,23.05
721,1377742413,23.05
721,1377742418,23.05
721,1377742423,23.06
721,1377742428,23.05
721,1377742433,23.05
721,1377742438,23.06
721,1377742443,23.05
721,1377742448,23.04
721,1377742453,23.05
721,1377742458,23.05
721,1377742463,23.05
721,1377742468,23.05
721,1377742473,23.05
721,1377742478,23.04
721,1377742483,23.04
721,1377742488,23.04
721,1377742493,23.05
721,1377742498,23.05
721,1377742503,23.04
721,1377742508,23.05
721,1377742513,23.05
721,1377742518,23.04
721,1377742523,23.04
721,1377742528,23.04
721,1377742533,23.05
721,1377742538,23.03
721,1377742543,23.04
721,1377742548,23.04
721,1377742553,23.03
721,1377742558,23.03
721,1377742563,23.03
721,1377742568,23.04
721,1377742573,23.03
721,1377742578,23.02
721,1377742583,23.03
721,1377742588,23.03
721,1377742593,23.03
721,1377742598,23.04
721,1377742603,23.04
721,1377742608,23.02
721,1377742613,23.04
721,1377742618,23.04
721,1377742623,23.03
721,1377742628,23.03
721,1377742633,23.03
721,1377742638,23.03
721,1377742643,23.02
721,1377742648,23.03
721,1377742653,23.02
721,1377742658,23.03
721,1377742663,23.03
721,1377742668,23.03
721,1377742673,23.03
721,1377742678,23.02
721,1377742683,23.03
721,1377742688,23.03
721,1377742693,23.02
721,1377742698,23.04
721,1377742703,23.03
721,1377742708,23.03
721,1377742713,23.02
721,1377742718,23.02
721,1377742723,23.02
721,1377742728,23.02
721,1377742733,23.02
721,1377742738,23.02
721,1377742743,23.02
721,1377742748,23.02
721,1377742753,23.02
721,1377742758,23.03
721,1377742763,23.02
721,1377742768,23.02
721,1377742773,23.02
721,1377742778,23.02
721,1377742783,23.02
721,1377742788,23.02
721,1377742793,23.01
721,1377742798,23.02
721,1377742803,23.01
721,1377742808,23.01
721,1377742813,23.02
721,1377742818,23.01
721,1377742823,23.02
721,1377742828,23.01
721,1377742833,23.02
721,1377742838,23.02
721,1377742843,23.01
721,1377742848,23.01
721,1377742853,23.02
721,1377742858,23.02
721,1377742863,23.02
721,1377742868,23.01
721,1377742873,23.0
721,1377742878,23.0
721,1377742883,23.0
721,1377742888,23.02
721,1377742893,23.01
721,1377742898,23.02
721,1377742903,23.02
721,1377742908,23.01
721,1377742913,23.02
721,1377742918,23.01
721,1377742923,23.01
721,1377742928,23.01
721,1377742933,23.01
721,1377742938,23.01
721,1377742943,23.0
721,1377742948,23.01
721,1377742953,23.01
721,1377742958,23.0
721,1377742963,23.01
721,1377742968,23.0
721,1377742973,23.0
721,1377742978,23.0
721,1377742983,23.01
721,1377742988,23.0
721,1377742993,23.02
721,1377742998,23.0
721,1377743003,23.01
721,1377743008,23.0
721,1377743013,23.02
721,1377743018,23.0
721,1377743023,23.01
721,1377743028,23.0
721,1377743033,23.01
721,1377743038,23.01
721,1377743043,22.99
721,1377743048,22.99
721,1377743053,23.0
721,1377743058,23.0
721,1377743063,23.0
721,1377743068,23.0
721,1377743073,23.01
721,1377743078,23.0
721,1377743083,23.01
721,1377743088,22.99
721,1377743093,22.99
721,1377743098,22.99
721,1377743103,23.0
721,1377743108,22.98
721,1377743113,23.0
721,1377743118,23.0
721,1377743123,22.99
721,1377743128,23.01
721,1377743133,23.0
721,1377743138,23.0
721,1377743143,23.0
721,1377743148,23.0
721,1377743153,22.99
721,1377743158,23.0
721,1377743163,22.99
721,1377743168,22.99
721,1377743173,22.99
721,1377743178,23.0
721,1377743183,22.99
721,1377743188,23.0
721,1377743193,23.0
721,1377743198,23.0
721,1377743203,23.02
721,1377743208,23.0
721,1377743213,23.01
721,1377743218,22.98
721,1377743223,22.99
721,1377743228,22.99
721,1377743233,22.99
721,1377743238,22.99
721,1377743243,22.98
721,1377743248,22.99
721,1377743253,22.99
721,1377743258,22.99
721,1377743263,22.98
721,1377743268,22.99
721,1377743273,22.98
721,1377743278,22.98
721,1377743283,22.99
721,1377743288,22.98
721,1377743293,22.99
721,1377743298,22.99
721,1377743303,22.98
721,1377743308,22.99
721,1377743313,22.98
721,1377743318,22.99
721,1377743323,22.98
721,1377743328,22.98
721,1377743333,22.97
721,1377743338,22.98
721,1377743343,23.0
721,1377743348,22.99
721,1377743353,22.98
721,1377743358,22.98
721,1377743363,22.98
721,1377743368,22.98
721,1377743373,22.97
721,1377743378,22.98
721,1377743383,22.98
721,1377743388,22.98
721,1377743393,22.97
721,1377743398,22.98
721,1377743403,22.98
721,1377743408,22.97
721,1377743413,22.98
721,1377743418,22.97
721,1377743423,22.96
721,1377743428,22.97
721,1377743433,22.98
721,1377743438,22.98
721,1377743443,22.96
721,1377743448,22.96
721,1377743453,22.96
721,1377743458,22.96
721,1377743463,22.97
721,1377743468,22.97
721,1377743473,22.96
721,1377743478,22.96
721,1377743483,22.97
721,1377743488,22.97
721,1377743493,22.97
721,1377743498,22.96
721,1377743503,22.98
721,1377743508,22.96
721,1377743513,22.97
721,1377743518,22.96
721,1377743523,22.96
721,1377743528,22.96
721,1377743533,22.97
721,1377743538,22.96
721,1377743543,22.95
721,1377743548,22.97
721,1377743553,22.96
721,1377743558,22.96
721,1377743563,22.95
721,1377743568,22.96
721,1377743573,22.96
721,1377743578,22.95
721,1377743583,22.95
721,1377743588,22.95
721,1377743593,22.96
721,1377743598,22.96
721,1377743603,22.95
721,1377743608,22.96
721,1377743613,22.95
721,1377743618,22.95
721,1377743623,22.96
721,1377743628,22.96
721,1377743633,22.94
721,1377743638,22.94
721,1377743643,22.94
721,1377743648,22.95
721,1377743653,22.95
721,1377743658,22.94
721,1377743663,22.94
721,1377743668,22.95
721,1377743673,22.94
721,1377743678,22.94
721,1377743683,22.94
721,1377743688,22.94
721,1377743693,22.94
721,1377743698,22.93
721,1377743703,22.94
721,1377743708,22.94
721,1377743713,22.94
721,1377743718,22.94
721,1377743723,22.94
721,1377743728,22.94
721,1377743733,22.94
721,1377743738,22.93
721,1377743743,22.94
721,1377743748,22.94
721,1377743753,22.94
721,1377743758,22.93
721,1377743763,22.94
721,1377743768,22.94
721,1377743773,22.92
721,1377743778,22.94
721,1377743783,22.95
721,1377743788,22.94
721,1377743793,22.94
721,1377743798,22.94
721,1377743803,22.93
721,1377743808,22.94
721,1377743813,22.93
721,1377743818,22.94
721,1377743823,22.93
721,1377743828,22.93
721,1377743833,22.92
721,1377743838,22.92
721,1377743843,22.93
721,1377743848,22.93
721,1377743853,22.93
721,1377743858,22.93
721,1377743863,22.93
721,1377743868,22.94
721,1377743873,22.93
721,1377743878,22.93
721,1377743883,22.92
721,1377743888,22.93
721,1377743893,22.92
721,1377743898,22.92
721,1377743903,22.91
721,1377743908,22.94
721,1377743913,22.94
721,1377743918,22.92
721,1377743923,22.92
721,1377743928,22.93
721,1377743933,22.93
721,1377743938,22.92
721,1377743943,22.92
721,1377743948,22.91
721,1377743953,22.92
721,1377743958,22.92
721,1377743963,22.93
721,1377743968,22.92
721,1377743973,22.93
721,1377743978,22.92
721,1377743983,22.92
721,1377743988,22.91
721,1377743993,22.91
721,1377743998,22.91
721,1377744003,22.9
721,1377744008,22.92
721,1377744013,22.92
721,1377744018,22.91
721,1377744023,22.92
721,1377744028,22.91
721,1377744033,22.9
721,1377744038,22.9
721,1377744043,22.9
721,1377744048,22.91
721,1377744053,22.91
721,1377744058,22.92
721,1377744063,22.9
721,1377744068,22.9
721,1377744073,22.91
721,1377744078,22.92
721,1377744083,22.91
721,1377744088,22.9
721,1377744093,22.91
721,1377744098,22.91
721,1377744103,22.9
721,1377744108,22.9
721,1377744113,22.9
721,1377744118,22.9
721,1377744123,22.91
721,1377744128,22.9
721,1377744133,22.91
721,1377744138,22.89
721,1377744143,22.9
721,1377744148,22.9
721,1377744153,22.9
721,1377744158,22.9
721,1377744163,22.9
721,1377744168,22.9
721,1377744173,22.9
721,1377744178,22.9
721,1377744183,22.9
721,1377744188,22.89
721,1377744193,22.9
721,1377744198,22.89
721,1377744203,22.89
721,1377744208,22.88
721,1377744213,22.89
721,1377744218,22.88
721,1377744223,22.89
721,1377744228,22.88
721,1377744233,22.88
721,1377744238,22.89
721,1377744243,22.89
721,1377744248,22.88
721,1377744253,22.89
721,1377744258,22.9
721,1377744263,22.88
721,1377744268,22.88
721,1377744273,22.89
721,1377744278,22.89
721,1377744283,22.89
721,1377744288,22.88
721,1377744293,22.89
721,1377744298,22.88
721,1377744303,22.89
721,1377744308,22.88
721,1377744313,22.88
721,1377744318,22.88
721,1377744323,22.88
721,1377744328,22.88
721,1377744333,22.87
721,1377744338,22.88
721,1377744343,22.88
721,1377744348,22.89
721,1377744353,22.88
721,1377744358,22.88
721,1377744363,22.88
721,1377744368,22.89
721,1377744373,22.88
721,1377744378,22.88
721,1377744383,22.88
721,1377744388,22.88
721,1377744393,22.88
721,1377744398,22.88
721,1377744403,22.86
721,1377744408,22.88
721,1377744413,22.87
721,1377744418,22.87
721,1377744423,22.87
721,1377744428,22.87
721,1377744433,22.87
721,1377744438,22.87
721,1377744443,22.87
721,1377744448,22.86
721,1377744453,22.87
721,1377744458,22.87
721,1377744463,22.86
721,1377744468,22.87
721,1377744473,22.86
721,1377744478,22.86
721,1377744483,22.86
721,1377744488,22.86
721,1377744493,22.86
721,1377744498,22.86
721,1377744503,22.86
721,1377744508,22.86
721,1377744513,22.86
721,1377744518,22.86
721,1377744523,22.86
721,1377744528,22.86
721,1377744533,22.85
721,1377744538,22.86
721,1377744543,22.84
721,1377744548,22.86
721,1377744553,22.85
721,1377744558,22.85
721,1377744563,22.85
721,1377744568,22.85
721,1377744573,22.85
721,1377744578,22.87
721,1377744583,22.86
721,1377744588,22.84
721,1377744593,22.85
721,1377744598,22.85
721,1377744603,22.85
721,1377744608,22.86
721,1377744613,22.84
721,1377744618,22.85
721,1377744623,22.84
721,1377744628,22.85
721,1377744633,22.85
721,1377744638,22.84
721,1377744643,22.84
721,1377744648,22.85
721,1377744653,22.84
721,1377744658,22.86
721,1377744663,22.85
721,1377744668,22.83
721,1377744673,22.85
721,1377744678,22.84
721,1377744683,22.84
721,1377744688,22.85
721,1377744693,22.84
721,1377744698,22.85
721,1377744703,22.85
721,1377744708,22.84
721,1377744713,22.84
721,1377744718,22.84
721,1377744723,22.84
721,1377744728,22.84
721,1377744733,22.84
721,1377744738,22.85
721,1377744743,22.83
721,1377744748,22.84
721,1377744753,22.85
721,1377744758,22.84
721,1377744763,22.84
721,1377744768,22.84
721,1377744773,22.85
721,1377744778,22.84
721,1377744783,22.84
721,1377744788,22.83
721,1377744793,22.84
721,1377744798,22.85
721,1377744803,22.85
721,1377744808,22.84
721,1377744813,22.84
721,1377744818,22.83
721,1377744823,22.84
721,1377744828,22.84
721,1377744833,22.82
721,1377744838,22.84
721,1377744843,22.85
721,1377744848,22.84
721,1377744853,22.84
721,1377744858,22.83
721,1377744863,22.82
721,1377744868,22.83
721,1377744873,22.83
721,1377744878,22.84
721,1377744883,22.82
721,1377744888,22.83
721,1377744893,22.83
721,1377744898,22.84
721,1377744903,22.84
721,1377744908,22.83
721,1377744913,22.83
721,1377744918,22.82
721,1377744923,22.83
721,1377744928,22.83
721,1377744933,22.84
721,1377744938,22.83
721,1377744943,22.82
721,1377744948,22.83
721,1377744953,22.82
721,1377744958,22.82
721,1377744963,22.82
721,1377744968,22.81
721,1377744973,22.82
721,1377744978,22.82
721,1377744983,22.82
721,1377744988,22.82
721,1377744993,22.83
721,1377744998,22.82
721,1377745003,22.83
721,1377745008,22.82
721,1377745013,22.82
721,1377745018,22.81
721,1377745023,22.82
721,1377745028,22.83
721,1377745033,22.82
721,1377745038,22.82
721,1377745043,22.83
721,1377745048,22.82
721,1377745053,22.81
721,1377745058,22.83
721,1377745063,22.83
721,1377745068,22.82
721,1377745073,22.8
721,1377745078,22.81
721,1377745083,22.82
721,1377745088,22.82
721,1377745093,22.81
721,1377745098,22.82
721,1377745103,22.82
721,1377745108,22.82
721,1377745113,22.83
721,1377745118,22.8
721,1377745123,22.81
721,1377745128,22.82
721,1377745133,22.81
721,1377745138,22.82
721,1377745143,22.81
721,1377745148,22.8
721,1377745153,22.81
721,1377745158,22.81
721,1377745163,22.8
721,1377745168,22.81
721,1377745173,22.81
721,1377745178,22.8
721,1377745183,22.81
721,1377745188,22.8
721,1377745193,22.8
721,1377745198,22.81
721,1377745203,22.8
721,1377745208,22.8
721,1377745213,22.8
721,1377745218,22.81
721,1377745223,22.8
721,1377745228,22.81
721,1377745233,22.8
721,1377745238,22.8
721,1377745243,22.8
721,1377745248,22.79
721,1377745253,22.79
721,1377745258,22.8
721,1377745263,22.8
721,1377745268,22.8
721,1377745273,22.8
721,1377745278,22.79
721,1377745283,22.79
721,1377745288,22.78
721,1377745293,22.78
721,1377745298,22.79
721,1377745303,22.79
721,1377745308,22.78
721,1377745313,22.79
721,1377745318,22.78
721,1377745323,22.78
721,1377745328,22.78
721,1377745333,22.78
721,1377745339,22.78
721,1377745343,22.8
721,1377745348,22.79
721,1377745353,22.8
721,1377745358,22.78
721,1377745363,22.78
721,1377745368,22.79
721,1377745373,22.8
721,1377745378,22.79
721,1377745383,22.78
721,1377745388,22.78
721,1377745393,22.78
721,1377745398,22.78
721,1377745403,22.78
721,1377745408,22.79
721,1377745413,22.78
721,1377745418,22.79
721,1377745423,22.78
721,1377745428,22.77
721,1377745433,22.78
721,1377745438,22.78
721,1377745443,22.77
721,1377745448,22.77
721,1377745453,22.78
721,1377745459,22.78
721,1377745463,22.78
721,1377745468,22.78
721,1377745473,22.78
721,1377745478,22.78
721,1377745483,22.77
721,1377745488,22.79
721,1377745493,22.79
721,1377745498,22.78
721,1377745503,22.78
721,1377745508,22.77
721,1377745513,22.78
721,1377745518,22.77
721,1377745523,22.77
721,1377745528,22.77
721,1377745533,22.76
721,1377745538,22.78
721,1377745543,22.76
721,1377745548,22.77
721,1377745553,22.76
721,1377745558,22.78
721,1377745563,22.77
721,1377745568,22.77
721,1377745573,22.76
721,1377745578,22.76
721,1377745583,22.76
721,1377745588,22.76
721,1377745593,22.76
721,1377745598,22.76
721,1377745603,22.76
721,1377745608,22.77
721,1377745613,22.76
721,1377745618,22.76
721,1377745623,22.76
721,1377745628,22.77
721,1377745633,22.76
721,1377745638,22.76
721,1377745643,22.77
721,1377745648,22.76
721,1377745653,22.76
721,1377745658,22.76
721,1377745663,22.76
721,1377745668,22.76
721,1377745673,22.76
721,1377745678,22.76
721,1377745683,22.76
721,1377745688,22.75
721,1377745693,22.75
721,1377745698,22.75
721,1377745703,22.75
721,1377745708,22.76
721,1377745713,22.74
721,1377745718,22.75
721,1377745723,22.75
721,1377745728,22.76
721,1377745733,22.75
721,1377745738,22.76
721,1377745743,22.75
721,1377745748,22.76
721,1377745753,22.75
721,1377745758,22.75
721,1377745763,22.74
721,1377745768,22.75
721,1377745773,22.75
721,1377745778,22.75
721,1377745783,22.76
721,1377745788,22.76
721,1377745793,22.74
721,1377745798,22.75
721,1377745803,22.75
721,1377745808,22.75
721,1377745813,22.76
721,1377745818,22.75
721,1377745823,22.74
721,1377745828,22.74
721,1377745833,22.74
721,1377745838,22.74
721,1377745843,22.75
721,1377745848,22.74
721,1377745853,22.74
721,1377745858,22.74
721,1377745863,22.75
721,1377745868,22.75
721,1377745873,22.74
721,1377745878,22.75
721,1377745883,22.75
721,1377745888,22.75
721,1377745893,22.74
721,1377745898,22.75
721,1377745903,22.74
721,1377745908,22.75
721,1377745913,22.74
721,1377745918,22.74
721,1377745923,22.74
721,1377745928,22.75
721,1377745933,22.74
721,1377745938,22.74
721,1377745943,22.76
721,1377745948,22.74
721,1377745953,22.74
721,1377745958,22.75
721,1377745963,22.73
721,1377745968,22.74
721,1377745973,22.75
721,1377745978,22.74
721,1377745983,22.74
721,1377745988,22.74
721,1377745993,22.74
721,1377745998,22.74
721,1377746003,22.73
721,1377746008,22.73
721,1377746013,22.74
721,1377746018,22.74
721,1377746023,22.74
721,1377746028,22.74
721,1377746033,22.74
721,1377746038,22.73
721,1377746043,22.74
721,1377746048,22.74
721,1377746053,22.73
721,1377746058,22.73
721,1377746063,22.74
721,1377746068,22.73
721,1377746073,22.72
721,1377746078,22.74
721,1377746083,22.73
721,1377746088,22.73
721,1377746093,22.72
721,1377746098,22.72
721,1377746103,22.72
721,1377746108,22.72
721,1377746113,22.72
721,1377746118,22.72
721,1377746123,22.72
721,1377746128,22.72
721,1377746133,22.72
721,1377746138,22.72
721,1377746143,22.72
721,1377746148,22.72
721,1377746153,22.72
721,1377746158,22.72
721,1377746163,22.72
721,1377746168,22.73
721,1377746173,22.72
721,1377746178,22.72
721,1377746183,22.72
721,1377746188,22.71
721,1377746193,22.71
721,1377746198,22.72
721,1377746203,22.7
721,1377746208,22.71
721,1377746213,22.72
721,1377746218,22.71
721,1377746223,22.72
721,1377746228,22.72
721,1377746233,22.71
721,1377746238,22.71
721,1377746243,22.7
721,1377746248,22.71
721,1377746253,22.71
721,1377746258,22.71
721,1377746263,22.72
721,1377746268,22.71
721,1377746273,22.7
721,1377746278,22.71
721,1377746283,22.72
721,1377746288,22.71
721,1377746293,22.71
721,1377746298,22.71
721,1377746303,22.71
721,1377746308,22.71
721,1377746313,22.71
721,1377746318,22.72
721,1377746323,22.72
721,1377746328,22.72
721,1377746333,22.71
721,1377746338,22.72
721,1377746343,22.71
721,1377746348,22.71
721,1377746353,22.7
721,1377746358,22.71
721,1377746363,22.72
721,1377746368,22.7
721,1377746373,22.7
721,1377746378,22.7
721,1377746383,22.7
721,1377746388,22.7
721,1377746393,22.7
721,1377746398,22.7
721,1377746403,22.7
721,1377746408,22.69
721,1377746413,22.71
721,1377746418,22.7
721,1377746423,22.71
721,1377746428,22.69
721,1377746433,22.7
721,1377746438,22.7
721,1377746443,22.7
721,1377746448,22.7
721,1377746453,22.7
721,1377746458,22.69
721,1377746463,22.69
721,1377746468,22.71
721,1377746473,22.7
721,1377746478,22.68
721,1377746483,22.68
721,1377746488,22.7
721,1377746493,22.69
721,1377746498,22.69
721,1377746503,22.69
721,1377746508,22.69
721,1377746513,22.7
721,1377746518,22.69
721,1377746523,22.69
721,1377746528,22.68
721,1377746533,22.68
721,1377746538,22.69
721,1377746543,22.7
721,1377746548,22.7
721,1377746553,22.69
721,1377746558,22.69
721,1377746563,22.69
721,1377746568,22.69
721,1377746573,22.68
721,1377746578,22.7
721,1377746583,22.7
721,1377746588,22.69
721,1377746593,22.69
721,1377746598,22.69
721,1377746603,22.7
721,1377746608,22.68
721,1377746613,22.68
721,1377746618,22.69
721,1377746623,22.68
721,1377746628,22.69
721,1377746633,22.7
721,1377746638,22.68
721,1377746643,22.68
721,1377746648,22.68
721,1377746653,22.68
721,1377746658,22.68
721,1377746663,22.69
721,1377746668,22.68
721,1377746673,22.68
721,1377746678,22.68
721,1377746683,22.68
721,1377746688,22.68
721,1377746693,22.68
721,1377746698,22.68
721,1377746703,22.69
721,1377746708,22.69
721,1377746713,22.68
721,1377746718,22.68
721,1377746723,22.68
721,1377746728,22.67
721,1377746733,22.68
721,1377746738,22.68
721,1377746743,22.68
721,1377746748,22.68
721,1377746753,22.67
721,1377746758,22.66
721,1377746763,22.68
721,1377746768,22.66
721,1377746773,22.66
721,1377746778,22.67
721,1377746783,22.68
721,1377746788,22.67
721,1377746793,22.67
721,1377746798,22.67
721,1377746803,22.67
721,1377746808,22.68
721,1377746813,22.68
721,1377746818,22.67
721,1377746823,22.68
721,1377746828,22.66
721,1377746833,22.68
721,1377746838,22.68
721,1377746843,22.67
721,1377746848,22.66
721,1377746853,22.68
721,1377746858,22.67
721,1377746863,22.66
721,1377746868,22.66
721,1377746873,22.66
721,1377746878,22.66
721,1377746883,22.67
721,1377746888,22.66
721,1377746893,22.67
721,1377746898,22.66
721,1377746903,22.65
721,1377746908,22.66
721,1377746913,22.66
721,1377746918,22.66
721,1377746923,22.66
721,1377746928,22.67
721,1377746933,22.66
721,1377746938,22.66
721,1377746943,22.66
721,1377746948,22.66
721,1377746953,22.66
721,1377746958,22.66
721,1377746965,22.66
721,1377746968,22.66
721,1377746973,22.65
721,1377746978,22.65
721,1377746983,22.66
721,1377746988,22.66
721,1377746993,22.65
721,1377746998,22.66
721,1377747003,22.65
721,1377747008,22.66
721,1377747013,22.66
721,1377747018,22.66
721,1377747023,22.66
721,1377747028,22.66
721,1377747033,22.66
721,1377747038,22.65
721,1377747043,22.66
721,1377747048,22.66
721,1377747053,22.65
721,1377747058,22.66
721,1377747063,22.65
721,1377747068,22.65
721,1377747073,22.65
721,1377747078,22.65
721,1377747083,22.65
721,1377747088,22.64
721,1377747093,22.65
721,1377747098,22.64
721,1377747103,22.64
721,1377747108,22.64
721,1377747113,22.64
721,1377747118,22.65
721,1377747123,22.64
721,1377747128,22.65
721,1377747133,22.64
721,1377747138,22.64
721,1377747143,22.64
721,1377747148,22.64
721,1377747153,22.64
721,1377747158,22.64
721,1377747163,22.64
721,1377747168,22.65
721,1377747173,22.64
721,1377747178,22.64
721,1377747183,22.64
721,1377747188,22.66
721,1377747193,22.64
721,1377747198,22.63
721,1377747203,22.64
721,1377747208,22.63
721,1377747213,22.63
721,1377747218,22.64
721,1377747223,22.64
721,1377747228,22.64
721,1377747233,22.64
721,1377747238,22.63
721,1377747243,22.63
721,1377747248,22.62
721,1377747253,22.64
721,1377747258,22.63
721,1377747263,22.64
721,1377747268,22.62
721,1377747273,22.63
721,1377747278,22.64
721,1377747283,22.63
721,1377747288,22.63
721,1377747293,22.62
721,1377747298,22.63
721,1377747303,22.62
721,1377747308,22.62
721,1377747313,22.63
721,1377747318,22.62
721,1377747323,22.62
721,1377747328,22.62
721,1377747333,22.62
721,1377747338,22.62
721,1377747343,22.63
721,1377747348,22.62
721,1377747353,22.62
721,1377747358,22.62
721,1377747363,22.63
721,1377747368,22.62
721,1377747373,22.62
721,1377747378,22.62
721,1377747383,22.63
721,1377747388,22.62
721,1377747393,22.62
721,1377747398,22.62
721,1377747403,22.62
721,1377747408,22.61
721,1377747413,22.62
721,1377747418,22.62
721,1377747423,22.62
721,1377747428,22.62
721,1377747433,22.61
721,1377747438,22.62
721,1377747443,22.62
721,1377747448,22.61
721,1377747453,22.61
721,1377747458,22.6
721,1377747463,22.62
721,1377747468,22.61
721,1377747473,22.6
721,1377747478,22.6
721,1377747483,22.6
721,1377747488,22.6
721,1377747493,22.6
721,1377747498,22.61
721,1377747503,22.6
721,1377747508,22.6
721,1377747513,22.61
721,1377747518,22.6
721,1377747523,22.6
721,1377747528,22.6
721,1377747533,22.61
721,1377747538,22.61
721,1377747543,22.59
721,1377747548,22.6
721,1377747553,22.6
721,1377747558,22.6
721,1377747563,22.6
721,1377747568,22.59
721,1377747573,22.6
721,1377747578,22.59
721,1377747583,22.61
721,1377747588,22.6
721,1377747593,22.6
721,1377747598,22.6
721,1377747603,22.61
721,1377747608,22.6
721,1377747613,22.6
721,1377747618,22.59
721,1377747623,22.6
721,1377747628,22.59
721,1377747633,22.6
721,1377747638,22.6
721,1377747643,22.6
721,1377747648,22.6
721,1377747653,22.59
721,1377747658,22.6
721,1377747663,22.59
721,1377747668,22.6
721,1377747673,22.59
721,1377747678,22.59
721,1377747683,22.59
721,1377747688,22.59
721,1377747693,22.59
721,1377747698,22.58
721,1377747703,22.59
721,1377747708,22.58
721,1377747713,22.59
721,1377747718,22.58
721,1377747723,22.59
721,1377747728,22.59
721,1377747733,22.58
721,1377747738,22.58
721,1377747743,22.58
721,1377747748,22.57
721,1377747753,22.57
721,1377747758,22.58
721,1377747763,22.59
721,1377747768,22.58
721,1377747773,22.58
721,1377747778,22.57
721,1377747783,22.58
721,1377747788,22.58
721,1377747793,22.58
721,1377747798,22.57
721,1377747803,22.58
721,1377747808,22.57
721,1377747813,22.56
721,1377747818,22.58
721,1377747823,22.57
721,1377747828,22.58
721,1377747833,22.58
721,1377747838,22.57
721,1377747843,22.57
721,1377747848,22.57
721,1377747853,22.58
721,1377747858,22.57
721,1377747863,22.57
721,1377747868,22.56
721,1377747873,22.57
721,1377747878,22.57
721,1377747883,22.57
721,1377747888,22.58
721,1377747893,22.57
721,1377747898,22.56
721,1377747903,22.56
721,1377747908,22.56
721,1377747913,22.56
721,1377747918,22.58
721,1377747923,22.56
721,1377747928,22.56
721,1377747933,22.56
721,1377747938,22.56
721,1377747943,22.55
721,1377747948,22.57
721,1377747953,22.56
721,1377747958,22.56
721,1377747963,22.56
721,1377747968,22.56
721,1377747973,22.56
721,1377747978,22.56
721,1377747983,22.56
721,1377747988,22.55
721,1377747993,22.56
721,1377747998,22.56
721,1377748003,22.56
721,1377748008,22.55
721,1377748013,22.55
721,1377748018,22.56
721,1377748023,22.55
721,1377748028,22.55
721,1377748033,22.55
721,1377748038,22.56
721,1377748043,22.54
721,1377748048,22.55
721,1377748053,22.55
721,1377748058,22.55
721,1377748063,22.55
721,1377748068,22.55
721,1377748073,22.54
721,1377748078,22.55
721,1377748083,22.55
721,1377748088,22.54
721,1377748093,22.54
721,1377748098,22.54
721,1377748103,22.54
721,1377748108,22.55
721,1377748113,22.54
721,1377748118,22.54
721,1377748123,22.55
721,1377748128,22.54
721,1377748133,22.54
721,1377748138,22.54
721,1377748143,22.54
721,1377748148,22.54
721,1377748153,22.56
721,1377748158,22.55
721,1377748163,22.54
721,1377748168,22.54
721,1377748173,22.54
721,1377748178,22.55
721,1377748183,22.53
721,1377748188,22.54
721,1377748193,22.54
721,1377748198,22.54
721,1377748203,22.53
721,1377748208,22.55
721,1377748213,22.54
721,1377748218,22.54
721,1377748223,22.54
721,1377748228,22.54
721,1377748233,22.54
721,1377748238,22.54
721,1377748243,22.54
721,1377748248,22.54
721,1377748253,22.54
721,1377748258,22.55
721,1377748263,22.55
721,1377748268,22.54
721,1377748273,22.53
721,1377748278,22.54
721,1377748283,22.54
721,1377748288,22.54
721,1377748293,22.54
721,1377748298,22.53
721,1377748303,22.54
721,1377748308,22.54
721,1377748313,22.54
721,1377748318,22.54
721,1377748323,22.52
721,1377748328,22.52
721,1377748333,22.54
721,1377748338,22.54
721,1377748343,22.54
721,1377748348,22.53
721,1377748353,22.53
721,1377748358,22.54
721,1377748363,22.54
721,1377748368,22.54
721,1377748373,22.54
721,1377748378,22.54
721,1377748383,22.54
721,1377748388,22.53
721,1377748393,22.52
721,1377748398,22.52
721,1377748403,22.52
721,1377748408,22.53
721,1377748413,22.53
721,1377748418,22.52
721,1377748423,22.52
721,1377748428,22.52
721,1377748433,22.52
721,1377748438,22.52
721,1377748443,22.53
721,1377748448,22.52
721,1377748453,22.53
721,1377748458,22.52
721,1377748463,22.52
721,1377748468,22.53
721,1377748473,22.54
721,1377748478,22.52
721,1377748483,22.53
721,1377748488,22.52
721,1377748493,22.52
721,1377748498,22.51
721,1377748503,22.52
721,1377748508,22.51
721,1377748513,22.52
721,1377748518,22.53
721,1377748523,22.52
721,1377748528,22.52
721,1377748533,22.52
721,1377748538,22.52
721,1377748543,22.52
721,1377748548,22.51
721,1377748553,22.51
721,1377748558,22.51
721,1377748563,22.51
721,1377748568,22.52
721,1377748573,22.51
721,1377748578,22.52
721,1377748583,22.52
721,1377748588,22.52
721,1377748593,22.5
721,1377748598,22.5
721,1377748603,22.51
721,1377748608,22.51
721,1377748613,22.51
721,1377748618,22.5
721,1377748623,22.51
721,1377748628,22.51
721,1377748633,22.5
721,1377748638,22.51
721,1377748643,22.5
721,1377748648,22.51
721,1377748653,22.51
721,1377748658,22.49
721,1377748663,22.5
721,1377748668,22.5
721,1377748673,22.5
721,1377748678,22.5
721,1377748683,22.5
721,1377748688,22.5
721,1377748693,22.5
721,1377748698,22.5
721,1377748703,22.5
721,1377748708,22.5
721,1377748713,22.49
721,1377748718,22.49
721,1377748723,22.5
721,1377748728,22.5
721,1377748733,22.5
721,1377748738,22.48
721,1377748743,22.5
721,1377748748,22.5
721,1377748753,22.49
721,1377748758,22.5
721,1377748763,22.5
721,1377748768,22.49
721,1377748773,22.49
721,1377748778,22.49
721,1377748783,22.48
721,1377748788,22.49
721,1377748793,22.49
721,1377748798,22.49
721,1377748803,22.49
721,1377748808,22.5
721,1377748813,22.48
721,1377748818,22.49
721,1377748823,22.49
721,1377748828,22.49
721,1377748833,22.5
721,1377748838,22.48
721,1377748843,22.5
721,1377748848,22.49
721,1377748853,22.49
721,1377748858,22.49
721,1377748863,22.48
721,1377748868,22.49
721,1377748873,22.49
721,1377748878,22.47
721,1377748883,22.48
721,1377748888,22.48
721,1377748893,22.47
721,1377748898,22.48
721,1377748903,22.48
721,1377748908,22.48
721,1377748913,22.47
721,1377748918,22.48
721,1377748923,22.47
721,1377748928,22.47
721,1377748933,22.48
721,1377748938,22.48
721,1377748943,22.48
721,1377748948,22.46
721,1377748953,22.49
721,1377748958,22.48
721,1377748963,22.47
721,1377748968,22.47
721,1377748973,22.48
721,1377748978,22.47
721,1377748983,22.48
721,1377748988,22.47
721,1377748993,22.48
721,1377748998,22.48
721,1377749003,22.47
721,1377749008,22.47
721,1377749013,22.46
721,1377749018,22.46
721,1377749023,22.47
721,1377749028,22.47
721,1377749033,22.46
721,1377749038,22.47
721,1377749043,22.46
721,1377749048,22.46
721,1377749053,22.46
721,1377749058,22.47
721,1377749063,22.46
721,1377749068,22.47
721,1377749073,22.46
721,1377749078,22.46
721,1377749083,22.46
721,1377749088,22.47
721,1377749093,22.46
721,1377749098,22.46
721,1377749103,22.46
721,1377749108,22.46
721,1377749113,22.45
721,1377749118,22.46
721,1377749123,22.46
721,1377749128,22.47
721,1377749133,22.45
721,1377749138,22.46
721,1377749143,22.45
721,1377749148,22.45
721,1377749153,22.47
721,1377749158,22.46
721,1377749163,22.46
721,1377749168,22.46
721,1377749173,22.45
721,1377749178,22.46
721,1377749183,22.45
721,1377749188,22.45
721,1377749193,22.44
721,1377749198,22.45
721,1377749203,22.45
721,1377749208,22.46
721,1377749213,22.46
721,1377749218,22.45
721,1377749223,22.46
721,1377749228,22.45
721,1377749233,22.44
721,1377749238,22.44
721,1377749243,22.46
721,1377749248,22.46
721,1377749253,22.46
721,1377749258,22.44
721,1377749263,22.45
721,1377749268,22.44
721,1377749273,22.45
721,1377749278,22.44
721,1377749283,22.44
721,1377749288,22.44
721,1377749293,22.44
721,1377749298,22.44
721,1377749303,22.44
721,1377749308,22.44
721,1377749313,22.44
721,1377749318,22.43
721,1377749323,22.44
721,1377749328,22.44
721,1377749333,22.43
721,1377749338,22.44
721,1377749343,22.43
721,1377749348,22.44
721,1377749353,22.44
721,1377749358,22.44
721,1377749363,22.43
721,1377749368,22.44
721,1377749373,22.45
721,1377749378,22.44
721,1377749383,22.44
721,1377749388,22.44
721,1377749393,22.44
721,1377749398,22.43
721,1377749403,22.43
721,1377749408,22.42
721,1377749413,22.42
721,1377749418,22.43
721,1377749423,22.42
721,1377749428,22.44
721,1377749433,22.42
721,1377749438,22.42
721,1377749443,22.42
721,1377749448,22.44
721,1377749453,22.42
721,1377749458,22.42
721,1377749463,22.42
721,1377749468,22.43
721,1377749473,22.41
721,1377749478,22.42
721,1377749483,22.42
721,1377749488,22.43
721,1377749493,22.41
721,1377749498,22.42
721,1377749503,22.42
721,1377749508,22.42
721,1377749513,22.42
721,1377749518,22.42
721,1377749523,22.42
721,1377749528,22.42
721,1377749533,22.42
721,1377749538,22.42
721,1377749543,22.41
721,1377749548,22.41
721,1377749553,22.41
721,1377749558,22.42
721,1377749563,22.41
721,1377749568,22.42
721,1377749573,22.42
721,1377749578,22.4
721,1377749583,22.41
721,1377749588,22.4
721,1377749593,22.42
721,1377749598,22.42
721,1377749603,22.41
721,1377749608,22.41
721,1377749613,22.41
721,1377749618,22.42
721,1377749623,22.41
721,1377749628,22.41
721,1377749633,22.4
721,1377749638,22.4
721,1377749643,22.41
721,1377749648,22.41
721,1377749653,22.41
721,1377749658,22.4
721,1377749663,22.4
721,1377749668,22.4
721,1377749673,22.4
721,1377749678,22.4
721,1377749683,22.4
721,1377749688,22.41
721,1377749693,22.4
721,1377749698,22.4
721,1377749703,22.4
721,1377749708,22.4
721,1377749713,22.4
721,1377749718,22.4
721,1377749723,22.4
721,1377749728,22.4
721,1377749733,22.39
721,1377749738,22.39
721,1377749743,22.4
721,1377749748,22.4
721,1377749753,22.39
721,1377749758,22.4
721,1377749763,22.39
721,1377749768,22.39
721,1377749773,22.4
721,1377749778,22.41
721,1377749783,22.4
721,1377749788,22.39
721,1377749793,22.4
721,1377749798,22.39
721,1377749803,22.39
721,1377749808,22.4
721,1377749813,22.38
721,1377749818,22.39
721,1377749823,22.39
721,1377749828,22.39
721,1377749833,22.39
721,1377749838,22.4
721,1377749843,22.39
721,1377749848,22.4
721,1377749853,22.38
721,1377749858,22.38
721,1377749863,22.38
721,1377749868,22.4
721,1377749873,22.38
721,1377749878,22.38
721,1377749883,22.38
721,1377749888,22.39
721,1377749893,22.37
721,1377749898,22.38
721,1377749903,22.37
721,1377749908,22.38
721,1377749913,22.38
721,1377749918,22.37
721,1377749923,22.38
721,1377749928,22.37
721,1377749933,22.38
721,1377749938,22.37
721,1377749943,22.37
721,1377749948,22.37
721,1377749953,22.37
721,1377749958,22.36
721,1377749963,22.37
721,1377749968,22.36
721,1377749973,22.36
721,1377749978,22.37
721,1377749983,22.37
721,1377749988,22.36
721,1377749993,22.36
721,1377749998,22.35
721,1377750003,22.36
721,1377750008,22.36
721,1377750013,22.36
721,1377750018,22.35
721,1377750023,22.35
721,1377750028,22.35
721,1377750033,22.36
721,1377750038,22.34
721,1377750043,22.35
721,1377750048,22.36
721,1377750053,22.35
721,1377750058,22.36
721,1377750063,22.35
721,1377750068,22.35
721,1377750073,22.33
721,1377750078,22.35
721,1377750083,22.35
721,1377750088,22.36
721,1377750093,22.34
721,1377750098,22.36
721,1377750103,22.35
721,1377750108,22.34
721,1377750113,22.35
721,1377750118,22.34
721,1377750123,22.34
721,1377750128,22.34
721,1377750133,22.34
721,1377750138,22.35
721,1377750143,22.34
721,1377750148,22.34
721,1377750153,22.33
721,1377750158,22.34
721,1377750163,22.34
721,1377750168,22.35
721,1377750173,22.34
721,1377750178,22.34
721,1377750183,22.34
721,1377750188,22.33
721,1377750193,22.34
721,1377750198,22.33
721,1377750203,22.32
721,1377750208,22.34
721,1377750213,22.34
721,1377750218,22.34
721,1377750223,22.34
721,1377750228,22.33
721,1377750233,22.33
721,1377750238,22.33
721,1377750243,22.32
721,1377750248,22.34
721,1377750253,22.33
721,1377750258,22.34
721,1377750263,22.34
721,1377750268,22.32
721,1377750273,22.32
721,1377750278,22.34
721,1377750283,22.33
721,1377750288,22.33
721,1377750293,22.34
721,1377750298,22.32
721,1377750303,22.32
721,1377750308,22.33
721,1377750313,22.33
721,1377750318,22.33
721,1377750323,22.33
721,1377750328,22.33
721,1377750333,22.34
721,1377750338,22.33
721,1377750343,22.33
721,1377750348,22.32
721,1377750353,22.33
721,1377750358,22.34
721,1377750363,22.33
721,1377750368,22.34
721,1377750373,22.33
721,1377750378,22.33
721,1377750383,22.33
721,1377750388,22.32
721,1377750393,22.33
721,1377750398,22.33
721,1377750403,22.33
721,1377750408,22.32
721,1377750413,22.32
721,1377750418,22.33
721,1377750423,22.34
721,1377750428,22.32
721,1377750433,22.32
721,1377750438,22.32
721,1377750443,22.32
721,1377750448,22.32
721,1377750453,22.32
721,1377750458,22.32
721,1377750463,22.32
721,1377750468,22.32
721,1377750473,22.32
721,1377750478,22.32
721,1377750483,22.31
721,1377750488,22.32
721,1377750493,22.31
721,1377750498,22.31
721,1377750503,22.31
721,1377750508,22.32
721,1377750513,22.31
721,1377750518,22.3
721,1377750523,22.3
721,1377750528,22.31
721,1377750533,22.31
721,1377750538,22.31
721,1377750543,22.32
721,1377750548,22.3
721,1377750553,22.32
721,1377750558,22.31
721,1377750563,22.3
721,1377750568,22.31
721,1377750573,22.3
721,1377750578,22.3
721,1377750583,22.31
721,1377750588,22.3
721,1377750593,22.3
721,1377750598,22.3
721,1377750603,22.3
721,1377750608,22.31
721,1377750613,22.31
721,1377750618,22.31
721,1377750623,22.3
721,1377750628,22.3
721,1377750633,22.31
721,1377750638,22.3
721,1377750643,22.3
721,1377750648,22.3
721,1377750653,22.31
721,1377750658,22.3
721,1377750663,22.3
721,1377750668,22.29
721,1377750673,22.28
721,1377750678,22.3
721,1377750683,22.3
721,1377750688,22.3
721,1377750693,22.3
721,1377750698,22.28
721,1377750703,22.29
721,1377750708,22.28
721,1377750713,22.29
721,1377750718,22.29
721,1377750723,22.28
721,1377750728,22.28
721,1377750733,22.28
721,1377750738,22.28
721,1377750743,22.28
721,1377750748,22.28
721,1377750753,22.28
721,1377750758,22.28
721,1377750763,22.28
721,1377750768,22.28
721,1377750773,22.28
721,1377750778,22.28
721,1377750783,22.28
721,1377750788,22.3
721,1377750793,22.28
721,1377750798,22.28
721,1377750803,22.27
721,1377750808,22.28
721,1377750813,22.29
721,1377750818,22.28
721,1377750823,22.27
721,1377750828,22.28
721,1377750833,22.28
721,1377750838,22.27
721,1377750843,22.27
721,1377750848,22.28
721,1377750853,22.27
721,1377750858,22.27
721,1377750863,22.28
721,1377750868,22.27
721,1377750873,22.28
721,1377750878,22.28
721,1377750883,22.27
721,1377750888,22.27
721,1377750893,22.28
721,1377750898,22.28
721,1377750903,22.28
721,1377750908,22.27
721,1377750913,22.28
721,1377750918,22.27
721,1377750923,22.27
721,1377750928,22.28
721,1377750933,22.27
721,1377750938,22.27
721,1377750943,22.27
721,1377750948,22.27
721,1377750953,22.26
721,1377750958,22.26
721,1377750963,22.26
721,1377750968,22.26
721,1377750973,22.26
721,1377750978,22.27
721,1377750983,22.27
721,1377750988,22.26
721,1377750993,22.26
721,1377750998,22.26
721,1377751003,22.27
721,1377751008,22.26
721,1377751013,22.26
721,1377751018,22.25
721,1377751023,22.27
721,1377751028,22.26
721,1377751033,22.26
721,1377751038,22.27
721,1377751043,22.27
721,1377751048,22.26
721,1377751053,22.26
721,1377751058,22.26
721,1377751063,22.26
721,1377751068,22.25
721,1377751073,22.26
721,1377751078,22.26
721,1377751083,22.26
721,1377751088,22.25
721,1377751093,22.25
721,1377751098,22.25
721,1377751103,22.26
721,1377751108,22.25
721,1377751113,22.26
721,1377751118,22.26
721,1377751123,22.26
721,1377751128,22.25
721,1377751133,22.25
721,1377751138,22.26
721,1377751143,22.25
721,1377751148,22.26
721,1377751153,22.26
721,1377751158,22.26
721,1377751163,22.26
721,1377751168,22.26
721,1377751173,22.26
721,1377751178,22.26
721,1377751183,22.25
721,1377751188,22.24
721,1377751193,22.25
721,1377751198,22.24
721,1377751203,22.25
721,1377751208,22.25
721,1377751213,22.25
721,1377751218,22.24
721,1377751223,22.24
721,1377751228,22.24
721,1377751233,22.25
721,1377751238,22.24
721,1377751243,22.25
721,1377751248,22.24
721,1377751253,22.23
721,1377751258,22.25
721,1377751263,22.23
721,1377751268,22.23
721,1377751273,22.24
721,1377751278,22.23
721,1377751283,22.24
721,1377751288,22.24
721,1377751293,22.24
721,1377751298,22.23
721,1377751303,22.24
721,1377751308,22.23
721,1377751315,22.23
721,1377751318,22.24
721,1377751323,22.24
721,1377751328,22.24
721,1377751333,22.23
721,1377751338,22.22
721,1377751343,22.23
721,1377751348,22.24
721,1377751353,22.24
721,1377751358,22.24
721,1377751363,22.23
721,1377751368,22.23
721,1377751373,22.22
721,1377751378,22.23
721,1377751383,22.23
721,1377751388,22.23
721,1377751393,22.22
721,1377751398,22.22
721,1377751403,22.23
721,1377751408,22.23
721,1377751413,22.22
721,1377751418,22.23
721,1377751423,22.23
721,1377751428,22.22
721,1377751433,22.22
721,1377751438,22.23
721,1377751443,22.22
721,1377751448,22.22
721,1377751453,22.21
721,1377751458,22.22
721,1377751463,22.22
721,1377751468,22.22
721,1377751473,22.22
721,1377751478,22.22
721,1377751483,22.22
721,1377751488,22.2
721,1377751493,22.22
721,1377751498,22.22
721,1377751503,22.22
721,1377751508,22.22
721,1377751513,22.21
721,1377751518,22.21
721,1377751523,22.21
721,1377751528,22.21
721,1377751533,22.21
721,1377751538,22.22
721,1377751543,22.21
721,1377751548,22.21
721,1377751553,22.21
721,1377751558,22.2
721,1377751563,22.2
721,1377751568,22.21
721,1377751573,22.2
721,1377751578,22.21
721,1377751583,22.2
721,1377751588,22.22
721,1377751593,22.2
721,1377751598,22.2
721,1377751603,22.2
721,1377751608,22.21
721,1377751613,22.2
721,1377751618,22.2
721,1377751623,22.2
721,1377751628,22.2
721,1377751633,22.2
721,1377751638,22.19
721,1377751643,22.21
721,1377751648,22.2
721,1377751653,22.2
721,1377751658,22.2
721,1377751663,22.21
721,1377751668,22.18
721,1377751673,22.19
721,1377751678,22.2
721,1377751683,22.21
721,1377751688,22.2
721,1377751693,22.2
721,1377751698,22.2
721,1377751703,22.2
721,1377751708,22.21
721,1377751713,22.2
721,1377751718,22.2
721,1377751723,22.2
721,1377751728,22.2
721,1377751733,22.19
721,1377751738,22.2
721,1377751743,22.19
721,1377751748,22.18
721,1377751753,22.19
721,1377751758,22.19
721,1377751763,22.19
721,1377751768,22.19
721,1377751773,22.19
721,1377751778,22.18
721,1377751783,22.19
721,1377751788,22.2
721,1377751793,22.19
721,1377751798,22.19
721,1377751803,22.2
721,1377751808,22.2
721,1377751813,22.18
721,1377751818,22.2
721,1377751823,22.19
721,1377751828,22.18
721,1377751833,22.19
721,1377751838,22.18
721,1377751843,22.18
721,1377751848,22.18
721,1377751853,22.18
721,1377751858,22.18
721,1377751863,22.18
721,1377751868,22.18
721,1377751873,22.18
721,1377751878,22.18
721,1377751883,22.18
721,1377751888,22.18
721,1377751893,22.18
721,1377751898,22.17
721,1377751903,22.19
721,1377751908,22.19
721,1377751913,22.18
721,1377751918,22.18
721,1377751923,22.18
721,1377751928,22.18
721,1377751933,22.17
721,1377751938,22.17
721,1377751943,22.17
721,1377751948,22.18
721,1377751953,22.18
721,1377751958,22.18
721,1377751963,22.18
721,1377751968,22.17
721,1377751973,22.16
721,1377751978,22.18
721,1377751983,22.17
721,1377751988,22.18
721,1377751993,22.18
721,1377751998,22.18
721,1377752003,22.16
721,1377752008,22.17
721,1377752013,22.17
721,1377752018,22.17
721,1377752023,22.17
721,1377752028,22.18
721,1377752033,22.16
721,1377752038,22.17
721,1377752043,22.17
721,1377752049,22.18
721,1377752053,22.17
721,1377752058,22.17
721,1377752063,22.17
721,1377752068,22.17
721,1377752073,22.17
721,1377752078,22.18
721,1377752083,22.14
721,1377752088,22.16
721,1377752093,22.16
721,1377752098,22.16
721,1377752103,22.17
721,1377752108,22.16
721,1377752113,22.16
721,1377752118,22.17
721,1377752123,22.16
721,1377752128,22.16
721,1377752133,22.16
721,1377752138,22.17
721,1377752143,22.17
721,1377752148,22.16
721,1377752153,22.16
721,1377752158,22.16
721,1377752163,22.16
721,1377752168,22.16
721,1377752173,22.16
721,1377752178,22.16
721,1377752183,22.16
721,1377752188,22.16
721,1377752193,22.16
721,1377752198,22.16
721,1377752203,22.16
721,1377752208,22.16
721,1377752213,22.16
721,1377752218,22.14
721,1377752223,22.16
721,1377752228,22.15
721,1377752233,22.16
721,1377752238,22.16
721,1377752243,22.16
721,1377752248,22.15
721,1377752253,22.16
721,1377752258,22.16
721,1377752263,22.16
721,1377752268,22.15
721,1377752273,22.14
721,1377752278,22.16
721,1377752283,22.15
721,1377752288,22.15
721,1377752293,22.15
721,1377752298,22.15
721,1377752303,22.16
721,1377752308,22.16
721,1377752313,22.16
721,1377752318,22.16
721,1377752323,22.14
721,1377752328,22.16
721,1377752333,22.15
721,1377752338,22.14
721,1377752343,22.15
721,1377752348,22.15
721,1377752353,22.15
721,1377752358,22.15
721,1377752363,22.14
721,1377752368,22.16
721,1377752373,22.14
721,1377752378,22.14
721,1377752383,22.15
721,1377752388,22.14
721,1377752393,22.14
721,1377752398,22.14
721,1377752403,22.15
721,1377752408,22.13
721,1377752413,22.14
721,1377752418,22.13
721,1377752423,22.13
721,1377752428,22.14
721,1377752433,22.13
721,1377752438,22.14
721,1377752443,22.14
721,1377752448,22.14
721,1377752453,22.14
721,1377752458,22.14
721,1377752463,22.15
721,1377752468,22.13
721,1377752473,22.14
721,1377752478,22.12
721,1377752483,22.13
721,1377752488,22.13
721,1377752493,22.14
721,1377752498,22.14
721,1377752503,22.13
721,1377752508,22.12
721,1377752513,22.12
721,1377752518,22.13
721,1377752523,22.12
721,1377752528,22.12
721,1377752533,22.12
721,1377752538,22.13
721,1377752543,22.14
721,1377752548,22.12
721,1377752554,22.13
721,1377752558,22.12
721,1377752563,22.13
721,1377752568,22.13
721,1377752573,22.12
721,1377752578,22.12
721,1377752583,22.12
721,1377752588,22.12
721,1377752593,22.13
721,1377752598,22.13
721,1377752603,22.12
721,1377752608,22.12
721,1377752613,22.12
721,1377752618,22.12
721,1377752623,22.12
721,1377752628,22.12
721,1377752633,22.13
721,1377752638,22.12
721,1377752643,22.12
721,1377752648,22.11
721,1377752653,22.12
721,1377752658,22.12
721,1377752663,22.12
721,1377752668,22.12
721,1377752673,22.12
721,1377752678,22.11
721,1377752683,22.12
721,1377752688,22.12
721,1377752693,22.12
721,1377752698,22.11
721,1377752703,22.12
721,1377752708,22.12
721,1377752713,22.11
721,1377752718,22.11
721,1377752723,22.12
721,1377752728,22.11
721,1377752733,22.11
721,1377752738,22.11
721,1377752743,22.11
721,1377752748,22.12
721,1377752753,22.11
721,1377752758,22.12
721,1377752763,22.12
721,1377752768,22.1
721,1377752773,22.11
721,1377752778,22.11
721,1377752783,22.11
721,1377752788,22.11
721,1377752793,22.11
721,1377752798,22.11
721,1377752803,22.1
721,1377752808,22.11
721,1377752813,22.12
721,1377752818,22.1
721,1377752823,22.11
721,1377752828,22.11
721,1377752833,22.11
721,1377752838,22.1
721,1377752843,22.11
721,1377752848,22.1
721,1377752853,22.1
721,1377752858,22.1
721,1377752863,22.1
721,1377752868,22.1
721,1377752873,22.1
721,1377752878,22.1
721,1377752883,22.1
721,1377752888,22.09
721,1377752893,22.09
721,1377752898,22.1
721,1377752903,22.1
721,1377752908,22.09
721,1377752913,22.09
721,1377752918,22.09
721,1377752923,22.1
721,1377752928,22.09
721,1377752933,22.1
721,1377752938,22.1
721,1377752943,22.09
721,1377752948,22.1
721,1377752953,22.08
721,1377752958,22.08
721,1377752963,22.08
721,1377752968,22.09
721,1377752973,22.09
721,1377752978,22.09
721,1377752983,22.08
721,1377752988,22.08
721,1377752993,22.08
721,1377752998,22.08
721,1377753003,22.08
721,1377753008,22.08
721,1377753013,22.08
721,1377753018,22.09
721,1377753023,22.08
721,1377753028,22.08
721,1377753033,22.08
721,1377753038,22.08
721,1377753043,22.08
721,1377753048,22.08
721,1377753053,22.07
721,1377753058,22.08
721,1377753063,22.08
721,1377753068,22.06
721,1377753073,22.08
721,1377753078,22.08
721,1377753083,22.08
721,1377753088,22.08
721,1377753093,22.08
721,1377753098,22.07
721,1377753103,22.07
721,1377753108,22.08
721,1377753113,22.07
721,1377753118,22.08
721,1377753123,22.08
721,1377753128,22.06
721,1377753133,22.07
721,1377753138,22.07
721,1377753143,22.07
721,1377753148,22.08
721,1377753153,22.07
721,1377753158,22.07
721,1377753163,22.06
721,1377753168,22.06
721,1377753173,22.06
721,1377753178,22.07
721,1377753183,22.06
721,1377753188,22.06
721,1377753193,22.06
721,1377753198,22.06
721,1377753203,22.05
721,1377753208,22.06
721,1377753213,22.06
721,1377753218,22.06
721,1377753223,22.05
721,1377753228,22.05
721,1377753233,22.06
721,1377753238,22.05
721,1377753243,22.05
721,1377753248,22.05
721,1377753253,22.04
721,1377753258,22.05
721,1377753263,22.05
721,1377753268,22.04
721,1377753273,22.05
721,1377753278,22.04
721,1377753283,22.05
721,1377753288,22.04
721,1377753293,22.04
721,1377753298,22.04
721,1377753303,22.04
721,1377753308,22.04
721,1377753313,22.04
721,1377753318,22.05
721,1377753323,22.03
721,1377753328,22.05
721,1377753333,22.04
721,1377753338,22.04
721,1377753343,22.02
721,1377753348,22.03
721,1377753353,22.04
721,1377753358,22.03
721,1377753363,22.04
721,1377753368,22.04
721,1377753373,22.03
721,1377753378,22.02
721,1377753383,22.03
721,1377753388,22.02
721,1377753393,22.02
721,1377753398,22.03
721,1377753403,22.02
721,1377753408,22.02
721,1377753413,22.03
721,1377753418,22.02
721,1377753423,22.02
721,1377753428,22.02
721,1377753433,22.02
721,1377753438,22.02
721,1377753443,22.02
721,1377753448,22.02
721,1377753453,22.02
721,1377753458,22.02
721,1377753464,22.02
721,1377753468,22.01
721,1377753473,22.01
721,1377753478,22.01
721,1377753483,22.01
721,1377753488,22.01
721,1377753493,22.0
721,1377753498,22.02
721,1377753503,22.01
721,1377753508,22.02
721,1377753513,22.01
721,1377753518,22.01
721,1377753523,22.01
721,1377753528,22.02
721,1377753533,22.0
721,1377753538,22.01
721,1377753543,22.01
721,1377753548,22.01
721,1377753553,22.0
721,1377753558,22.0
721,1377753563,22.0
721,1377753568,22.0
721,1377753573,22.0
721,1377753578,22.0
721,1377753583,22.0
721,1377753588,22.01
721,1377753593,22.0
721,1377753598,22.0
721,1377753603,22.0
721,1377753608,22.01
721,1377753613,22.0
721,1377753618,22.0
721,1377753623,22.0
721,1377753628,21.99
721,1377753633,21.99
721,1377753638,22.0
721,1377753643,21.99
721,1377753648,21.99
721,1377753653,21.99
721,1377753658,21.98
721,1377753663,21.99
721,1377753668,21.98
721,1377753673,21.98
721,1377753678,21.99
721,1377753683,21.99
721,1377753688,21.98
721,1377753693,21.98
721,1377753698,21.98
721,1377753703,21.98
721,1377753708,21.98
721,1377753713,21.98
721,1377753718,21.99
721,1377753723,21.98
721,1377753728,21.98
721,1377753733,21.98
721,1377753738,21.97
721,1377753743,21.98
721,1377753748,21.97
721,1377753753,21.97
721,1377753758,21.97
721,1377753763,21.98
721,1377753768,21.97
721,1377753773,21.97
721,1377753778,21.96
721,1377753783,21.96
721,1377753788,21.97
721,1377753793,21.96
721,1377753798,21.98
721,1377753803,21.96
721,1377753808,21.97
721,1377753813,21.98
721,1377753818,21.96
721,1377753823,21.98
721,1377753828,21.97
721,1377753833,21.98
721,1377753838,21.97
721,1377753843,21.96
721,1377753848,21.96
721,1377753853,21.96
721,1377753858,21.96
721,1377753863,21.97
721,1377753868,21.97
721,1377753873,21.97
721,1377753878,21.97
721,1377753883,21.96
721,1377753888,21.96
721,1377753893,21.97
721,1377753898,21.96
721,1377753903,21.95
721,1377753908,21.96
721,1377753913,21.95
721,1377753918,21.96
721,1377753923,21.96
721,1377753928,21.96
721,1377753933,21.95
721,1377753938,21.96
721,1377753943,21.96
721,1377753948,21.96
721,1377753953,21.96
721,1377753958,21.96
721,1377753963,21.96
721,1377753968,21.95
721,1377753973,21.95
721,1377753978,21.95
721,1377753983,21.95
721,1377753988,21.94
721,1377753993,21.95
721,1377753998,21.95
721,1377754003,21.94
721,1377754008,21.94
721,1377754013,21.96
721,1377754018,21.95
721,1377754023,21.95
721,1377754028,21.95
721,1377754033,21.94
721,1377754038,21.95
721,1377754043,21.96
721,1377754048,21.95
721,1377754053,21.94
721,1377754058,21.95
721,1377754063,21.94
721,1377754068,21.94
721,1377754073,21.94
721,1377754078,21.94
721,1377754083,21.94
721,1377754088,21.94
721,1377754093,21.95
721,1377754098,21.95
721,1377754103,21.94
721,1377754108,21.94
721,1377754113,21.95
721,1377754118,21.93
721,1377754123,21.94
721,1377754128,21.93
721,1377754133,21.94
721,1377754138,21.94
721,1377754143,21.94
721,1377754148,21.93
721,1377754153,21.92
721,1377754158,21.92
721,1377754163,21.93
721,1377754168,21.94
721,1377754173,21.93
721,1377754178,21.92
721,1377754183,21.93
721,1377754188,21.92
721,1377754193,21.93
721,1377754198,21.93
721,1377754203,21.94
721,1377754208,21.92
721,1377754213,21.93
721,1377754218,21.93
721,1377754223,21.92
721,1377754228,21.93
721,1377754233,21.93
721,1377754238,21.92
721,1377754243,21.92
721,1377754248,21.91
721,1377754253,21.9
721,1377754258,21.92
721,1377754263,21.92
721,1377754268,21.92
721,1377754273,21.92
721,1377754278,21.91
721,1377754283,21.92
721,1377754288,21.92
721,1377754293,21.91
721,1377754298,21.92
721,1377754303,21.92
721,1377754308,21.91
721,1377754313,21.93
721,1377754318,21.91
721,1377754323,21.92
721,1377754328,21.91
721,1377754333,21.92
721,1377754338,21.91
721,1377754343,21.92
721,1377754348,21.92
721,1377754353,21.92
721,1377754358,21.92
721,1377754363,21.91
721,1377754368,21.91
721,1377754373,21.91
721,1377754378,21.91
721,1377754383,21.91
721,1377754388,21.92
721,1377754393,21.92
721,1377754398,21.92
721,1377754403,21.92
721,1377754408,21.91
721,1377754413,21.91
721,1377754418,21.92
721,1377754423,21.91
721,1377754428,21.91
721,1377754433,21.91
721,1377754438,21.9
721,1377754443,21.91
721,1377754448,21.92
721,1377754453,21.91
721,1377754458,21.91
721,1377754463,21.91
721,1377754468,21.91
721,1377754473,21.91
721,1377754478,21.9
721,1377754483,21.9
721,1377754488,21.9
721,1377754493,21.91
721,1377754498,21.91
721,1377754503,21.91
721,1377754508,21.9
721,1377754513,21.9
721,1377754518,21.9
721,1377754523,21.9
721,1377754528,21.91
721,1377754533,21.9
721,1377754538,21.92
721,1377754543,21.9
721,1377754548,21.9
721,1377754553,21.9
721,1377754558,21.9
721,1377754563,21.89
721,1377754568,21.89
721,1377754573,21.89
721,1377754578,21.9
721,1377754583,21.9
721,1377754588,21.89
721,1377754593,21.9
721,1377754598,21.89
721,1377754603,21.89
721,1377754608,21.9
721,1377754613,21.9
721,1377754618,21.89
721,1377754623,21.91
721,1377754628,21.89
721,1377754633,21.9
721,1377754638,21.89
721,1377754643,21.89
721,1377754648,21.89
721,1377754653,21.89
721,1377754658,21.89
721,1377754663,21.88
721,1377754668,21.88
721,1377754673,21.88
721,1377754678,21.88
721,1377754683,21.88
721,1377754688,21.88
721,1377754693,21.87
721,1377754698,21.88
721,1377754703,21.88
721,1377754708,21.88
721,1377754713,21.88
721,1377754718,21.88
721,1377754723,21.88
721,1377754728,21.88
721,1377754733,21.88
721,1377754738,21.88
721,1377754743,21.88
721,1377754748,21.88
721,1377754753,21.87
721,1377754758,21.89
721,1377754763,21.88
721,1377754768,21.87
721,1377754773,21.88
721,1377754778,21.88
721,1377754783,21.88
721,1377754788,21.87
721,1377754793,21.88
721,1377754798,21.88
721,1377754803,21.87
721,1377754808,21.88
721,1377754813,21.88
721,1377754818,21.87
721,1377754823,21.87
721,1377754828,21.87
721,1377754833,21.87
721,1377754838,21.88
721,1377754843,21.87
721,1377754848,21.88
721,1377754853,21.87
721,1377754858,21.87
721,1377754863,21.87
721,1377754868,21.86
721,1377754873,21.86
721,1377754878,21.86
721,1377754883,21.86
721,1377754888,21.87
721,1377754893,21.86
721,1377754898,21.86
721,1377754903,21.85
721,1377754908,21.87
721,1377754913,21.86
721,1377754918,21.86
721,1377754923,21.86
721,1377754928,21.86
721,1377754933,21.86
721,1377754938,21.86
721,1377754943,21.86
721,1377754948,21.85
721,1377754953,21.85
721,1377754958,21.86
721,1377754963,21.85
721,1377754970,21.84
721,1377754973,21.85
721,1377754978,21.85
721,1377754983,21.84
721,1377754988,21.86
721,1377754993,21.85
721,1377754998,21.85
721,1377755003,21.85
721,1377755008,21.85
721,1377755013,21.84
721,1377755018,21.86
721,1377755023,21.84
721,1377755028,21.85
721,1377755033,21.84
721,1377755038,21.84
721,1377755043,21.85
721,1377755048,21.85
721,1377755053,21.85
721,1377755058,21.84
721,1377755063,21.85
721,1377755068,21.84
721,1377755073,21.84
721,1377755078,21.84
721,1377755083,21.84
721,1377755088,21.84
721,1377755093,21.84
721,1377755098,21.84
721,1377755103,21.84
721,1377755108,21.84
721,1377755113,21.83
721,1377755118,21.84
721,1377755123,21.83
721,1377755128,21.83
721,1377755133,21.84
721,1377755138,21.83
721,1377755143,21.84
721,1377755148,21.83
721,1377755153,21.83
721,1377755158,21.83
721,1377755163,21.83
721,1377755168,21.82
721,1377755173,21.84
721,1377755178,21.83
721,1377755183,21.84
721,1377755188,21.83
721,1377755193,21.83
721,1377755198,21.83
721,1377755203,21.84
721,1377755208,21.83
721,1377755213,21.84
721,1377755218,21.83
721,1377755223,21.83
721,1377755228,21.84
721,1377755233,21.83
721,1377755238,21.84
721,1377755243,21.83
721,1377755248,21.83
721,1377755253,21.82
721,1377755258,21.82
721,1377755263,21.82
721,1377755268,21.82
721,1377755273,21.83
721,1377755278,21.82
721,1377755283,21.82
721,1377755288,21.82
721,1377755293,21.82
721,1377755298,21.82
721,1377755303,21.82
721,1377755308,21.81
721,1377755313,21.82
721,1377755318,21.81
721,1377755323,21.82
721,1377755328,21.81
721,1377755333,21.83
721,1377755338,21.82
721,1377755343,21.81
721,1377755348,21.82
721,1377755353,21.81
721,1377755358,21.83
721,1377755363,21.81
721,1377755368,21.81
721,1377755373,21.82
721,1377755378,21.81
721,1377755383,21.81
721,1377755388,21.8
721,1377755393,21.8
721,1377755398,21.81
721,1377755403,21.8
721,1377755408,21.82
721,1377755413,21.81
721,1377755418,21.8
721,1377755423,21.8
721,1377755428,21.8
721,1377755433,21.81
721,1377755438,21.8
721,1377755443,21.81
721,1377755448,21.81
721,1377755453,21.8
721,1377755458,21.79
721,1377755463,21.8
721,1377755468,21.8
721,1377755473,21.8
721,1377755478,21.8
721,1377755483,21.81
721,1377755488,21.8
721,1377755493,21.8
721,1377755498,21.8
721,1377755503,21.79
721,1377755508,21.8
721,1377755513,21.8
721,1377755518,21.8
721,1377755523,21.79
721,1377755528,21.79
721,1377755533,21.78
721,1377755538,21.79
721,1377755543,21.78
721,1377755548,21.79
721,1377755553,21.78
721,1377755558,21.79
721,1377755563,21.8
721,1377755568,21.79
721,1377755573,21.79
721,1377755578,21.79
721,1377755583,21.78
721,1377755588,21.79
721,1377755593,21.79
721,1377755598,21.79
721,1377755603,21.78
721,1377755608,21.77
721,1377755613,21.78
721,1377755618,21.78
721,1377755623,21.78
721,1377755628,21.79
721,1377755633,21.78
721,1377755638,21.78
721,1377755643,21.78
721,1377755648,21.78
721,1377755653,21.78
721,1377755658,21.78
721,1377755663,21.78
721,1377755668,21.78
721,1377755673,21.78
721,1377755678,21.78
721,1377755683,21.78
721,1377755688,21.77
721,1377755693,21.77
721,1377755698,21.77
721,1377755703,21.78
721,1377755708,21.77
721,1377755713,21.78
721,1377755718,21.77
721,1377755724,21.77
721,1377755728,21.77
721,1377755733,21.76
721,1377755738,21.77
721,1377755743,21.77
721,1377755748,21.76
721,1377755753,21.77
721,1377755758,21.77
721,1377755763,21.77
721,1377755768,21.76
721,1377755773,21.76
721,1377755778,21.77
721,1377755783,21.77
721,1377755788,21.76
721,1377755793,21.76
721,1377755798,21.76
721,1377755803,21.76
721,1377755808,21.76
721,1377755813,21.76
721,1377755818,21.75
721,1377755823,21.76
721,1377755828,21.75
721,1377755833,21.76
721,1377755838,21.75
721,1377755843,21.75
721,1377755848,21.76
721,1377755853,21.76
721,1377755858,21.76
721,1377755863,21.75
721,1377755868,21.75
721,1377755873,21.75
721,1377755878,21.76
721,1377755883,21.76
721,1377755888,21.75
721,1377755893,21.74
721,1377755898,21.75
721,1377755903,21.75
721,1377755908,21.74
721,1377755913,21.76
721,1377755918,21.74
721,1377755923,21.74
721,1377755928,21.75
721,1377755933,21.74
721,1377755938,21.74
721,1377755943,21.74
721,1377755948,21.74
721,1377755953,21.74
721,1377755958,21.75
721,1377755963,21.75
721,1377755968,21.74
721,1377755973,21.75
721,1377755978,21.75
721,1377755983,21.74
721,1377755988,21.75
721,1377755993,21.75
721,1377755998,21.74
721,1377756003,21.74
721,1377756008,21.74
721,1377756013,21.74
721,1377756018,21.74
721,1377756023,21.75
721,1377756028,21.75
721,1377756033,21.76
721,1377756038,21.75
721,1377756043,21.75
721,1377756048,21.75
721,1377756053,21.74
721,1377756058,21.74
721,1377756063,21.74
721,1377756068,21.74
721,1377756073,21.75
721,1377756078,21.74
721,1377756083,21.74
721,1377756088,21.75
721,1377756093,21.74
721,1377756098,21.75
721,1377756103,21.75
721,1377756108,21.74
721,1377756113,21.74
721,1377756118,21.75
721,1377756123,21.74
721,1377756128,21.75
721,1377756133,21.74
721,1377756138,21.74
721,1377756143,21.74
721,1377756148,21.74
721,1377756153,21.74
721,1377756158,21.74
721,1377756163,21.74
721,1377756168,21.74
721,1377756173,21.74
721,1377756178,21.74
721,1377756183,21.74
721,1377756188,21.74
721,1377756193,21.74
721,1377756198,21.73
721,1377756203,21.74
721,1377756208,21.74
721,1377756213,21.73
721,1377756218,21.74
721,1377756223,21.73
721,1377756228,21.72
721,1377756233,21.73
721,1377756238,21.73
721,1377756243,21.72
721,1377756248,21.73
721,1377756253,21.74
721,1377756258,21.74
721,1377756263,21.73
721,1377756268,21.74
721,1377756273,21.72
721,1377756278,21.73
721,1377756283,21.72
721,1377756288,21.73
721,1377756293,21.73
721,1377756298,21.74
721,1377756303,21.72
721,1377756308,21.72
721,1377756313,21.73
721,1377756318,21.73
721,1377756323,21.72
721,1377756328,21.73
721,1377756333,21.72
721,1377756338,21.73
721,1377756343,21.74
721,1377756348,21.72
721,1377756353,21.73
721,1377756358,21.73
721,1377756363,21.73
721,1377756368,21.74
721,1377756373,21.72
721,1377756378,21.73
721,1377756383,21.72
721,1377756388,21.73
721,1377756393,21.72
721,1377756398,21.71
721,1377756403,21.72
721,1377756408,21.72
721,1377756413,21.72
721,1377756418,21.73
721,1377756423,21.72
721,1377756428,21.72
721,1377756433,21.72
721,1377756438,21.71
721,1377756443,21.72
721,1377756448,21.71
721,1377756453,21.71
721,1377756458,21.72
721,1377756463,21.72
721,1377756468,21.72
721,1377756473,21.72
721,1377756478,21.71
721,1377756483,21.72
721,1377756488,21.72
721,1377756493,21.73
721,1377756498,21.71
721,1377756503,21.71
721,1377756508,21.72
721,1377756513,21.71
721,1377756518,21.71
721,1377756523,21.71
721,1377756528,21.71
721,1377756533,21.72
721,1377756538,21.72
721,1377756543,21.72
721,1377756548,21.71
721,1377756553,21.7
721,1377756558,21.7
721,1377756563,21.72
721,1377756568,21.72
721,1377756573,21.72
721,1377756578,21.71
721,1377756583,21.71
721,1377756588,21.7
721,1377756593,21.71
721,1377756598,21.72
721,1377756603,21.71
721,1377756608,21.71
721,1377756613,21.7
721,1377756618,21.71
721,1377756623,21.71
721,1377756628,21.71
721,1377756633,21.71
721,1377756638,21.7
721,1377756643,21.7
721,1377756648,21.71
721,1377756653,21.71
721,1377756658,21.7
721,1377756663,21.72
721,1377756668,21.7
721,1377756673,21.7
721,1377756678,21.72
721,1377756683,21.71
721,1377756688,21.71
721,1377756693,21.71
721,1377756698,21.72
721,1377756703,21.71
721,1377756708,21.72
721,1377756713,21.71
721,1377756718,21.71
721,1377756723,21.72
721,1377756728,21.7
721,1377756733,21.71
721,1377756738,21.72
721,1377756743,21.71
721,1377756748,21.72
721,1377756753,21.71
721,1377756758,21.7
721,1377756763,21.71
721,1377756768,21.71
721,1377756773,21.7
721,1377756778,21.7
721,1377756783,21.71
721,1377756788,21.7
721,1377756793,21.71
721,1377756798,21.71
721,1377756803,21.7
721,1377756808,21.7
721,1377756813,21.7
721,1377756818,21.69
721,1377756823,21.7
721,1377756828,21.71
721,1377756833,21.71
721,1377756838,21.71
721,1377756843,21.7
721,1377756848,21.7
721,1377756853,21.7
721,1377756858,21.7
721,1377756863,21.69
721,1377756868,21.7
721,1377756873,21.7
721,1377756878,21.69
721,1377756883,21.7
721,1377756888,21.7
721,1377756893,21.68
721,1377756898,21.7
721,1377756903,21.7
721,1377756908,21.69
721,1377756913,21.7
721,1377756918,21.69
721,1377756923,21.7
721,1377756928,21.7
721,1377756933,21.69
721,1377756938,21.7
721,1377756943,21.69
721,1377756948,21.7
721,1377756953,21.7
721,1377756958,21.68
721,1377756963,21.69
721,1377756968,21.69
721,1377756973,21.69
721,1377756978,21.69
721,1377756983,21.69
721,1377756988,21.7
721,1377756993,21.69
721,1377756998,21.69
721,1377757003,21.68
721,1377757008,21.69
721,1377757013,21.68
721,1377757018,21.69
721,1377757023,21.69
721,1377757028,21.68
721,1377757033,21.69
721,1377757038,21.69
721,1377757043,21.68
721,1377757048,21.68
721,1377757053,21.69
721,1377757058,21.69
721,1377757063,21.69
721,1377757068,21.68
721,1377757073,21.68
721,1377757078,21.68
721,1377757083,21.68
721,1377757088,21.68
721,1377757093,21.69
721,1377757098,21.68
721,1377757103,21.68
721,1377757108,21.68
721,1377757113,21.68
721,1377757118,21.67
721,1377757123,21.66
721,1377757128,21.67
721,1377757133,21.68
721,1377757138,21.67
721,1377757143,21.67
721,1377757148,21.68
721,1377757153,21.68
721,1377757158,21.66
721,1377757163,21.68
721,1377757168,21.68
721,1377757173,21.68
721,1377757178,21.67
721,1377757183,21.67
721,1377757188,21.68
721,1377757193,21.66
721,1377757198,21.67
721,1377757203,21.66
721,1377757208,21.67
721,1377757213,21.67
721,1377757218,21.67
721,1377757223,21.66
721,1377757228,21.66
721,1377757233,21.67
721,1377757238,21.67
721,1377757243,21.66
721,1377757248,21.66
721,1377757253,21.66
721,1377757258,21.66
721,1377757263,21.66
721,1377757268,21.66
721,1377757273,21.66
721,1377757278,21.66
721,1377757283,21.66
721,1377757288,21.67
721,1377757293,21.66
721,1377757298,21.66
721,1377757303,21.66
721,1377757308,21.66
721,1377757313,21.66
721,1377757318,21.66
721,1377757323,21.67
721,1377757328,21.67
721,1377757333,21.67
721,1377757338,21.66
721,1377757343,21.67
721,1377757348,21.66
721,1377757353,21.67
721,1377757358,21.66
721,1377757363,21.67
721,1377757368,21.66
721,1377757373,21.66
721,1377757378,21.66
721,1377757383,21.66
721,1377757388,21.66
721,1377757393,21.66
721,1377757398,21.66
721,1377757403,21.66
721,1377757408,21.67
721,1377757413,21.67
721,1377757418,21.66
721,1377757423,21.66
721,1377757428,21.66
721,1377757433,21.66
721,1377757438,21.65
721,1377757443,21.66
721,1377757448,21.65
721,1377757453,21.66
721,1377757458,21.65
721,1377757463,21.66
721,1377757468,21.65
721,1377757473,21.66
721,1377757478,21.65
721,1377757483,21.65
721,1377757488,21.66
721,1377757493,21.65
721,1377757498,21.65
721,1377757503,21.65
721,1377757508,21.66
721,1377757513,21.65
721,1377757518,21.66
721,1377757523,21.65
721,1377757528,21.64
721,1377757533,21.66
721,1377757538,21.64
721,1377757543,21.66
721,1377757548,21.65
721,1377757553,21.66
721,1377757558,21.64
721,1377757563,21.64
721,1377757568,21.64
721,1377757573,21.65
721,1377757578,21.64
721,1377757583,21.64
721,1377757588,21.65
721,1377757593,21.64
721,1377757598,21.66
721,1377757603,21.63
721,1377757608,21.63
721,1377757613,21.64
721,1377757618,21.64
721,1377757623,21.64
721,1377757628,21.65
721,1377757633,21.64
721,1377757638,21.63
721,1377757643,21.64
721,1377757648,21.64
721,1377757653,21.64
721,1377757658,21.64
721,1377757663,21.64
721,1377757668,21.64
721,1377757673,21.64
721,1377757678,21.64
721,1377757683,21.64
721,1377757688,21.64
721,1377757693,21.63
721,1377757698,21.64
721,1377757703,21.64
721,1377757708,21.63
721,1377757713,21.64
721,1377757718,21.64
721,1377757723,21.63
721,1377757728,21.64
721,1377757733,21.63
721,1377757738,21.63
721,1377757743,21.63
721,1377757748,21.64
721,1377757753,21.62
721,1377757758,21.62
721,1377757763,21.63
721,1377757768,21.62
721,1377757773,21.62
721,1377757778,21.63
721,1377757783,21.62
721,1377757788,21.62
721,1377757793,21.62
721,1377757798,21.62
721,1377757803,21.62
721,1377757808,21.63
721,1377757813,21.62
721,1377757818,21.62
721,1377757823,21.62
721,1377757828,21.63
721,1377757833,21.62
721,1377757838,21.62
721,1377757843,21.62
721,1377757848,21.62
721,1377757853,21.62
721,1377757858,21.62
721,1377757863,21.63
721,1377757868,21.63
721,1377757873,21.63
721,1377757878,21.62
721,1377757883,21.64
721,1377757888,21.63
721,1377757893,21.62
721,1377757898,21.62
721,1377757903,21.61
721,1377757908,21.62
721,1377757913,21.62
721,1377757918,21.63
721,1377757923,21.62
721,1377757928,21.62
721,1377757933,21.62
721,1377757938,21.62
721,1377757943,21.62
721,1377757948,21.62
721,1377757953,21.62
721,1377757958,21.63
721,1377757963,21.63
721,1377757968,21.62
721,1377757973,21.62
721,1377757978,21.62
721,1377757983,21.63
721,1377757988,21.62
721,1377757993,21.62
721,1377757998,21.62
721,1377758003,21.62
721,1377758008,21.62
721,1377758013,21.62
721,1377758018,21.62
721,1377758023,21.61
721,1377758028,21.62
721,1377758033,21.62
721,1377758038,21.62
721,1377758043,21.62
721,1377758048,21.6
721,1377758053,21.62
721,1377758058,21.6
721,1377758063,21.61
721,1377758068,21.61
721,1377758073,21.6
721,1377758078,21.62
721,1377758083,21.61
721,1377758088,21.61
721,1377758093,21.62
721,1377758098,21.6
721,1377758103,21.61
721,1377758108,21.6
721,1377758113,21.6
721,1377758118,21.6
721,1377758123,21.6
721,1377758128,21.6
721,1377758133,21.6
721,1377758138,21.6
721,1377758143,21.6
721,1377758148,21.6
721,1377758153,21.6
721,1377758158,21.6
721,1377758163,21.6
721,1377758168,21.6
721,1377758173,21.6
721,1377758178,21.6
721,1377758183,21.58
721,1377758188,21.6
721,1377758193,21.6
721,1377758198,21.6
721,1377758203,21.6
721,1377758208,21.6
721,1377758213,21.6
721,1377758218,21.61
721,1377758223,21.6
721,1377758228,21.6
721,1377758233,21.59
721,1377758238,21.59
721,1377758243,21.59
721,1377758248,21.6
721,1377758253,21.6
721,1377758258,21.59
721,1377758263,21.6
721,1377758268,21.6
721,1377758273,21.59
721,1377758278,21.6
721,1377758283,21.6
721,1377758288,21.59
721,1377758293,21.6
721,1377758298,21.6
721,1377758303,21.59
721,1377758308,21.6
721,1377758313,21.59
721,1377758318,21.59
721,1377758323,21.59
721,1377758328,21.58
721,1377758333,21.58
721,1377758338,21.58
721,1377758343,21.6
721,1377758348,21.59
721,1377758353,21.58
721,1377758358,21.6
721,1377758363,21.59
721,1377758368,21.58
721,1377758373,21.58
721,1377758378,21.58
721,1377758383,21.58
721,1377758388,21.59
721,1377758393,21.58
721,1377758398,21.58
721,1377758403,21.59
721,1377758408,21.59
721,1377758413,21.58
721,1377758418,21.59
721,1377758423,21.6
721,1377758428,21.59
721,1377758433,21.59
721,1377758438,21.58
721,1377758443,21.6
721,1377758448,21.58
721,1377758453,21.58
721,1377758458,21.59
721,1377758463,21.59
721,1377758468,21.59
721,1377758473,21.59
721,1377758478,21.58
721,1377758483,21.6
721,1377758488,21.59
721,1377758493,21.59
721,1377758498,21.58
721,1377758503,21.58
721,1377758508,21.58
721,1377758513,21.58
721,1377758518,21.58
721,1377758523,21.58
721,1377758528,21.59
721,1377758533,21.59
721,1377758538,21.59
721,1377758543,21.58
721,1377758548,21.58
721,1377758553,21.58
721,1377758558,21.59
721,1377758563,21.58
721,1377758568,21.57
721,1377758573,21.58
721,1377758578,21.57
721,1377758583,21.58
721,1377758588,21.57
721,1377758593,21.58
721,1377758598,21.58
721,1377758603,21.57
721,1377758608,21.57
721,1377758613,21.58
721,1377758618,21.58
721,1377758623,21.56
721,1377758628,21.57
721,1377758633,21.57
721,1377758638,21.58
721,1377758643,21.57
721,1377758648,21.58
721,1377758653,21.58
721,1377758658,21.57
721,1377758663,21.57
721,1377758668,21.57
721,1377758673,21.57
721,1377758678,21.58
721,1377758683,21.56
721,1377758688,21.57
721,1377758693,21.57
721,1377758698,21.58
721,1377758703,21.58
721,1377758708,21.58
721,1377758713,21.57
721,1377758718,21.57
721,1377758723,21.57
721,1377758728,21.56
721,1377758733,21.57
721,1377758738,21.56
721,1377758743,21.56
721,1377758748,21.56
721,1377758753,21.56
721,1377758758,21.56
721,1377758763,21.56
721,1377758768,21.56
721,1377758773,21.56
721,1377758778,21.58
721,1377758783,21.57
721,1377758788,21.57
721,1377758793,21.56
721,1377758798,21.56
721,1377758803,21.58
721,1377758808,21.57
721,1377758813,21.56
721,1377758818,21.56
721,1377758823,21.56
721,1377758828,21.56
721,1377758833,21.57
721,1377758838,21.57
721,1377758843,21.56
721,1377758848,21.57
721,1377758853,21.57
721,1377758858,21.56
721,1377758863,21.58
721,1377758868,21.57
721,1377758873,21.56
721,1377758878,21.56
721,1377758883,21.56
721,1377758888,21.56
721,1377758893,21.55
721,1377758898,21.58
721,1377758903,21.57
721,1377758908,21.56
721,1377758913,21.58
721,1377758918,21.58
721,1377758923,21.56
721,1377758928,21.58
721,1377758933,21.57
721,1377758938,21.58
721,1377758943,21.58
721,1377758948,21.56
721,1377758953,21.58
721,1377758958,21.58
721,1377758963,21.57
721,1377758968,21.57
721,1377758973,21.58
721,1377758978,21.58
721,1377758983,21.58
721,1377758988,21.58
721,1377758993,21.58
721,1377758998,21.57
721,1377759003,21.58
721,1377759008,21.57
721,1377759013,21.57
721,1377759018,21.56
721,1377759023,21.57
721,1377759028,21.58
721,1377759033,21.57
721,1377759038,21.57
721,1377759043,21.57
721,1377759048,21.57
721,1377759053,21.56
721,1377759058,21.56
721,1377759063,21.57
721,1377759068,21.57
721,1377759073,21.58
721,1377759078,21.56
721,1377759083,21.57
721,1377759088,21.57
721,1377759093,21.57
721,1377759098,21.57
721,1377759103,21.56
721,1377759108,21.57
721,1377759113,21.57
721,1377759118,21.56
721,1377759123,21.56
721,1377759128,21.56
721,1377759133,21.56
721,1377759138,21.56
721,1377759143,21.56
721,1377759148,21.57
721,1377759153,21.56
721,1377759158,21.56
721,1377759163,21.56
721,1377759168,21.56
721,1377759173,21.56
721,1377759178,21.56
721,1377759183,21.56
721,1377759188,21.56
721,1377759193,21.56
721,1377759198,21.55
721,1377759203,21.56
721,1377759208,21.55
721,1377759213,21.56
721,1377759218,21.55
721,1377759223,21.56
721,1377759228,21.55
721,1377759233,21.56
721,1377759238,21.55
721,1377759243,21.56
721,1377759248,21.56
721,1377759253,21.56
721,1377759258,21.55
721,1377759263,21.56
721,1377759268,21.56
721,1377759273,21.55
721,1377759278,21.54
721,1377759283,21.55
721,1377759288,21.56
721,1377759293,21.54
721,1377759298,21.54
721,1377759303,21.56
721,1377759308,21.54
721,1377759313,21.54
721,1377759318,21.54
721,1377759323,21.54
721,1377759328,21.54
721,1377759333,21.54
721,1377759338,21.55
721,1377759343,21.54
721,1377759348,21.55
721,1377759353,21.54
721,1377759358,21.54
721,1377759363,21.54
721,1377759368,21.54
721,1377759373,21.54
721,1377759378,21.54
721,1377759383,21.54
721,1377759388,21.53
721,1377759393,21.54
721,1377759398,21.54
721,1377759403,21.54
721,1377759408,21.53
721,1377759413,21.54
721,1377759418,21.54
721,1377759423,21.53
721,1377759428,21.54
721,1377759433,21.54
721,1377759438,21.54
721,1377759443,21.54
721,1377759448,21.54
721,1377759453,21.54
721,1377759458,21.53
721,1377759463,21.53
721,1377759468,21.54
721,1377759473,21.54
721,1377759478,21.53
721,1377759483,21.53
721,1377759488,21.52
721,1377759493,21.52
721,1377759498,21.52
721,1377759503,21.53
721,1377759508,21.53
721,1377759513,21.52
721,1377759518,21.53
721,1377759523,21.53
721,1377759528,21.54
721,1377759533,21.53
721,1377759538,21.52
721,1377759543,21.54
721,1377759548,21.53
721,1377759553,21.52
721,1377759558,21.53
721,1377759563,21.53
721,1377759568,21.53
721,1377759573,21.52
721,1377759578,21.52
721,1377759583,21.53
721,1377759588,21.54
721,1377759593,21.52
721,1377759598,21.52
721,1377759603,21.52
721,1377759608,21.52
721,1377759613,21.52
721,1377759618,21.52
721,1377759623,21.53
721,1377759628,21.52
721,1377759633,21.52
721,1377759638,21.52
721,1377759643,21.51
721,1377759648,21.52
721,1377759653,21.53
721,1377759658,21.51
721,1377759663,21.53
721,1377759668,21.52
721,1377759673,21.52
721,1377759678,21.53
721,1377759683,21.52
721,1377759688,21.53
721,1377759693,21.52
721,1377759698,21.53
721,1377759703,21.53
721,1377759708,21.54
721,1377759713,21.53
721,1377759718,21.52
721,1377759723,21.52
721,1377759728,21.53
721,1377759733,21.54
721,1377759738,21.52
721,1377759743,21.52
721,1377759748,21.51
721,1377759753,21.52
721,1377759758,21.52
721,1377759763,21.52
721,1377759768,21.52
721,1377759773,21.53
721,1377759778,21.52
721,1377759783,21.52
721,1377759788,21.51
721,1377759793,21.52
721,1377759798,21.52
721,1377759803,21.52
721,1377759808,21.52
721,1377759813,21.52
721,1377759818,21.52
721,1377759823,21.5
721,1377759828,21.52
721,1377759833,21.51
721,1377759838,21.52
721,1377759843,21.51
721,1377759848,21.52
721,1377759853,21.52
721,1377759858,21.52
721,1377759863,21.52
721,1377759868,21.51
721,1377759873,21.52
721,1377759878,21.52
721,1377759883,21.52
721,1377759888,21.52
721,1377759893,21.51
721,1377759898,21.52
721,1377759903,21.52
721,1377759908,21.51
721,1377759913,21.51
721,1377759918,21.51
721,1377759923,21.51
721,1377759928,21.5
721,1377759933,21.5
721,1377759938,21.51
721,1377759943,21.5
721,1377759948,21.51
721,1377759953,21.51
721,1377759958,21.5
721,1377759963,21.51
721,1377759968,21.51
721,1377759973,21.5
721,1377759978,21.52
721,1377759983,21.5
721,1377759988,21.5
721,1377759993,21.5
721,1377759998,21.5
721,1377760003,21.51
721,1377760008,21.5
721,1377760013,21.5
721,1377760018,21.5
721,1377760023,21.5
721,1377760028,21.5
721,1377760033,21.51
721,1377760038,21.5
721,1377760043,21.5
721,1377760048,21.5
721,1377760053,21.49
721,1377760058,21.5
721,1377760063,21.5
721,1377760068,21.5
721,1377760073,21.5
721,1377760078,21.49
721,1377760083,21.49
721,1377760088,21.5
721,1377760093,21.5
721,1377760098,21.5
721,1377760103,21.49
721,1377760108,21.5
721,1377760113,21.5
721,1377760118,21.48
721,1377760123,21.5
721,1377760128,21.49
721,1377760133,21.49
721,1377760138,21.48
721,1377760143,21.5
721,1377760148,21.49
721,1377760153,21.49
721,1377760158,21.5
721,1377760163,21.49
721,1377760168,21.5
721,1377760173,21.5
721,1377760178,21.49
721,1377760183,21.49
721,1377760188,21.5
721,1377760193,21.5
721,1377760198,21.5
721,1377760203,21.49
721,1377760208,21.49
721,1377760213,21.5
721,1377760218,21.5
721,1377760223,21.5
721,1377760228,21.5
721,1377760233,21.5
721,1377760238,21.5
721,1377760243,21.49
721,1377760248,21.5
721,1377760253,21.5
721,1377760258,21.5
721,1377760263,21.5
721,1377760268,21.5
721,1377760273,21.48
721,1377760278,21.49
721,1377760283,21.49
721,1377760288,21.5
721,1377760293,21.5
721,1377760298,21.49
721,1377760303,21.49
721,1377760308,21.49
721,1377760313,21.49
721,1377760318,21.49
721,1377760323,21.5
721,1377760328,21.49
721,1377760333,21.49
721,1377760338,21.49
721,1377760343,21.49
721,1377760348,21.48
721,1377760353,21.48
721,1377760358,21.5
721,1377760363,21.48
721,1377760368,21.48
721,1377760373,21.5
721,1377760378,21.49
721,1377760383,21.48
721,1377760388,21.48
721,1377760393,21.48
721,1377760398,21.49
721,1377760403,21.49
721,1377760408,21.48
721,1377760413,21.5
721,1377760418,21.49
721,1377760423,21.49
721,1377760428,21.49
721,1377760433,21.49
721,1377760438,21.48
721,1377760443,21.48
721,1377760448,21.48
721,1377760453,21.5
721,1377760458,21.48
721,1377760463,21.48
721,1377760468,21.49
721,1377760473,21.48
721,1377760478,21.48
721,1377760483,21.48
721,1377760488,21.48
721,1377760493,21.48
721,1377760498,21.48
721,1377760503,21.48
721,1377760508,21.48
721,1377760513,21.48
721,1377760518,21.48
721,1377760523,21.47
721,1377760528,21.46
721,1377760533,21.47
721,1377760538,21.47
721,1377760543,21.47
721,1377760548,21.47
721,1377760553,21.46
721,1377760558,21.47
721,1377760563,21.47
721,1377760568,21.48
721,1377760573,21.47
721,1377760578,21.47
721,1377760583,21.47
721,1377760588,21.47
721,1377760593,21.47
721,1377760598,21.47
721,1377760603,21.47
721,1377760608,21.47
721,1377760613,21.46
721,1377760618,21.47
721,1377760623,21.47
721,1377760628,21.47
721,1377760633,21.47
721,1377760638,21.47
721,1377760643,21.47
721,1377760648,21.46
721,1377760653,21.48
721,1377760658,21.46
721,1377760663,21.47
721,1377760668,21.46
721,1377760673,21.47
721,1377760678,21.46
721,1377760683,21.47
721,1377760688,21.46
721,1377760693,21.46
721,1377760698,21.46
721,1377760703,21.45
721,1377760708,21.46
721,1377760713,21.47
721,1377760718,21.45
721,1377760723,21.46
721,1377760728,21.45
721,1377760733,21.45
721,1377760738,21.45
721,1377760743,21.46
721,1377760748,21.46
721,1377760753,21.46
721,1377760758,21.45
721,1377760763,21.45
721,1377760768,21.45
721,1377760773,21.44
721,1377760778,21.45
721,1377760783,21.44
721,1377760788,21.44
721,1377760793,21.46
721,1377760798,21.45
721,1377760803,21.46
721,1377760808,21.44
721,1377760813,21.44
721,1377760818,21.45
721,1377760823,21.44
721,1377760828,21.44
721,1377760833,21.45
721,1377760838,21.45
721,1377760843,21.45
721,1377760848,21.44
721,1377760853,21.44
721,1377760858,21.44
721,1377760863,21.45
721,1377760868,21.44
721,1377760873,21.43
721,1377760878,21.44
721,1377760883,21.46
721,1377760888,21.44
721,1377760893,21.44
721,1377760898,21.44
721,1377760903,21.43
721,1377760908,21.43
721,1377760913,21.44
721,1377760918,21.44
721,1377760923,21.44
721,1377760928,21.44
721,1377760933,21.44
721,1377760938,21.43
721,1377760943,21.43
721,1377760948,21.43
721,1377760953,21.43
721,1377760959,21.44
721,1377760963,21.44
721,1377760968,21.44
721,1377760973,21.42
721,1377760978,21.43
721,1377760983,21.44
721,1377760988,21.43
721,1377760993,21.42
721,1377760998,21.43
721,1377761003,21.44
721,1377761008,21.42
721,1377761013,21.43
721,1377761018,21.42
721,1377761023,21.42
721,1377761028,21.43
721,1377761033,21.42
721,1377761038,21.42
721,1377761043,21.41
721,1377761048,21.41
721,1377761053,21.42
721,1377761058,21.42
721,1377761063,21.42
721,1377761068,21.42
721,1377761073,21.42
721,1377761078,21.42
721,1377761083,21.41
721,1377761088,21.41
721,1377761093,21.42
721,1377761098,21.41
721,1377761103,21.42
721,1377761108,21.42
721,1377761113,21.41
721,1377761118,21.42
721,1377761123,21.42
721,1377761128,21.42
721,1377761133,21.42
721,1377761138,21.41
721,1377761143,21.42
721,1377761148,21.42
721,1377761153,21.4
721,1377761158,21.42
721,1377761163,21.42
721,1377761168,21.43
721,1377761173,21.41
721,1377761178,21.41
721,1377761183,21.4
721,1377761188,21.4
721,1377761193,21.41
721,1377761198,21.42
721,1377761203,21.41
721,1377761208,21.41
721,1377761213,21.41
721,1377761218,21.41
721,1377761223,21.42
721,1377761228,21.41
721,1377761233,21.42
721,1377761238,21.42
721,1377761243,21.41
721,1377761248,21.42
721,1377761253,21.42
721,1377761258,21.43
721,1377761263,21.42
721,1377761268,21.42
721,1377761273,21.42
721,1377761278,21.41
721,1377761283,21.42
721,1377761288,21.4
721,1377761293,21.4
721,1377761298,21.4
721,1377761303,21.4
721,1377761308,21.41
721,1377761313,21.41
721,1377761318,21.42
721,1377761323,21.42
721,1377761328,21.41
721,1377761333,21.42
721,1377761338,21.42
721,1377761343,21.41
721,1377761348,21.41
721,1377761353,21.42
721,1377761358,21.42
721,1377761363,21.42
721,1377761368,21.42
721,1377761373,21.42
721,1377761378,21.42
721,1377761383,21.42
721,1377761388,21.42
721,1377761393,21.43
721,1377761398,21.42
721,1377761403,21.42
721,1377761408,21.43
721,1377761413,21.42
721,1377761418,21.41
721,1377761423,21.4
721,1377761428,21.4
721,1377761433,21.41
721,1377761438,21.42
721,1377761443,21.42
721,1377761448,21.42
721,1377761453,21.41
721,1377761458,21.42
721,1377761463,21.42
721,1377761468,21.42
721,1377761473,21.4
721,1377761478,21.42
721,1377761483,21.4
721,1377761488,21.41
721,1377761493,21.4
721,1377761498,21.41
721,1377761503,21.42
721,1377761508,21.42
721,1377761513,21.41
721,1377761518,21.4
721,1377761523,21.41
721,1377761528,21.42
721,1377761533,21.41
721,1377761538,21.41
721,1377761543,21.42
721,1377761548,21.42
721,1377761553,21.41
721,1377761558,21.42
721,1377761563,21.42
721,1377761568,21.42
721,1377761573,21.42
721,1377761578,21.41
721,1377761583,21.41
721,1377761588,21.41
721,1377761593,21.42
721,1377761598,21.42
721,1377761603,21.41
721,1377761608,21.42
721,1377761613,21.42
721,1377761618,21.41
721,1377761623,21.42
721,1377761628,21.41
721,1377761633,21.41
721,1377761638,21.42
721,1377761643,21.42
721,1377761648,21.42
721,1377761653,21.42
721,1377761658,21.41
721,1377761663,21.41
721,1377761668,21.4
721,1377761673,21.42
721,1377761678,21.42
721,1377761683,21.4
721,1377761688,21.4
721,1377761693,21.41
721,1377761698,21.42
721,1377761703,21.4
721,1377761708,21.42
721,1377761713,21.41
721,1377761718,21.4
721,1377761723,21.41
721,1377761728,21.41
721,1377761733,21.41
721,1377761738,21.4
721,1377761743,21.4
721,1377761748,21.4
721,1377761753,21.4
721,1377761758,21.4
721,1377761763,21.4
721,1377761768,21.4
721,1377761773,21.4
721,1377761778,21.39
721,1377761783,21.4
721,1377761788,21.4
721,1377761793,21.4
721,1377761798,21.4
721,1377761803,21.4
721,1377761808,21.4
721,1377761813,21.41
721,1377761818,21.4
721,1377761823,21.4
721,1377761828,21.39
721,1377761833,21.39
721,1377761838,21.4
721,1377761843,21.4
721,1377761848,21.4
721,1377761853,21.4
721,1377761858,21.4
721,1377761863,21.4
721,1377761868,21.4
721,1377761873,21.4
721,1377761878,21.4
721,1377761883,21.39
721,1377761888,21.4
721,1377761893,21.4
721,1377761898,21.4
721,1377761903,21.4
721,1377761908,21.39
721,1377761913,21.39
721,1377761918,21.4
721,1377761923,21.39
721,1377761928,21.39
721,1377761933,21.38
721,1377761938,21.39
721,1377761943,21.39
721,1377761948,21.38
721,1377761953,21.38
721,1377761958,21.38
721,1377761963,21.39
721,1377761968,21.4
721,1377761973,21.39
721,1377761978,21.38
721,1377761983,21.39
721,1377761988,21.38
721,1377761993,21.38
721,1377761998,21.39
721,1377762003,21.4
721,1377762008,21.39
721,1377762013,21.38
721,1377762018,21.39
721,1377762023,21.39
721,1377762028,21.4
721,1377762033,21.38
721,1377762038,21.39
721,1377762043,21.38
721,1377762048,21.39
721,1377762053,21.38
721,1377762058,21.38
721,1377762063,21.39
721,1377762068,21.39
721,1377762073,21.39
721,1377762078,21.38
721,1377762083,21.38
721,1377762088,21.38
721,1377762093,21.38
721,1377762098,21.38
721,1377762103,21.38
721,1377762108,21.38
721,1377762113,21.38
721,1377762118,21.39
721,1377762123,21.38
721,1377762128,21.38
721,1377762133,21.38
721,1377762138,21.38
721,1377762143,21.38
721,1377762148,21.38
721,1377762153,21.38
721,1377762158,21.37
721,1377762163,21.38
721,1377762168,21.38
721,1377762173,21.37
721,1377762178,21.39
721,1377762183,21.38
721,1377762188,21.38
721,1377762193,21.38
721,1377762198,21.38
721,1377762203,21.37
721,1377762208,21.38
721,1377762213,21.38
721,1377762218,21.38
721,1377762223,21.39
721,1377762228,21.37
721,1377762233,21.38
721,1377762238,21.38
721,1377762243,21.38
721,1377762248,21.37
721,1377762253,21.37
721,1377762258,21.38
721,1377762263,21.38
721,1377762268,21.36
721,1377762273,21.38
721,1377762278,21.37
721,1377762283,21.37
721,1377762288,21.38
721,1377762293,21.38
721,1377762298,21.38
721,1377762303,21.37
721,1377762308,21.38
721,1377762313,21.37
721,1377762318,21.36
721,1377762323,21.36
721,1377762328,21.36
721,1377762333,21.36
721,1377762338,21.36
721,1377762343,21.36
721,1377762348,21.38
721,1377762353,21.36
721,1377762358,21.37
721,1377762363,21.36
721,1377762368,21.36
721,1377762373,21.36
721,1377762378,21.36
721,1377762383,21.36
721,1377762388,21.36
721,1377762393,21.36
721,1377762398,21.36
721,1377762403,21.35
721,1377762408,21.36
721,1377762413,21.36
721,1377762418,21.36
721,1377762423,21.37
721,1377762428,21.36
721,1377762433,21.36
721,1377762438,21.36
721,1377762444,21.36
721,1377762448,21.36
721,1377762453,21.35
721,1377762458,21.34
721,1377762463,21.35
721,1377762468,21.36
721,1377762473,21.36
721,1377762478,21.36
721,1377762483,21.36
721,1377762488,21.36
721,1377762493,21.35
721,1377762498,21.37
721,1377762503,21.36
721,1377762508,21.34
721,1377762513,21.36
721,1377762518,21.37
721,1377762523,21.36
721,1377762528,21.35
721,1377762533,21.35
721,1377762538,21.35
721,1377762543,21.35
721,1377762548,21.35
721,1377762553,21.34
721,1377762558,21.34
721,1377762563,21.36
721,1377762568,21.36
721,1377762573,21.33
721,1377762578,21.36
721,1377762583,21.34
721,1377762588,21.35
721,1377762593,21.36
721,1377762598,21.36
721,1377762603,21.36
721,1377762608,21.35
721,1377762613,21.35
721,1377762618,21.35
721,1377762623,21.35
721,1377762628,21.36
721,1377762633,21.36
721,1377762638,21.34
721,1377762643,21.34
721,1377762648,21.34
721,1377762653,21.35
721,1377762658,21.34
721,1377762663,21.36
721,1377762668,21.35
721,1377762673,21.35
721,1377762678,21.34
721,1377762683,21.34
721,1377762688,21.34
721,1377762693,21.35
721,1377762698,21.35
721,1377762703,21.35
721,1377762708,21.36
721,1377762713,21.34
721,1377762718,21.35
721,1377762723,21.35
721,1377762728,21.35
721,1377762733,21.36
721,1377762738,21.35
721,1377762743,21.34
721,1377762748,21.34
721,1377762753,21.34
721,1377762758,21.34
721,1377762763,21.35
721,1377762768,21.34
721,1377762773,21.34
721,1377762778,21.34
721,1377762783,21.34
721,1377762788,21.34
721,1377762793,21.34
721,1377762798,21.34
721,1377762803,21.34
721,1377762808,21.34
721,1377762813,21.35
721,1377762818,21.34
721,1377762823,21.33
721,1377762828,21.35
721,1377762833,21.34
721,1377762838,21.34
721,1377762843,21.34
721,1377762848,21.34
721,1377762853,21.35
721,1377762858,21.34
721,1377762863,21.34
721,1377762868,21.33
721,1377762873,21.34
721,1377762878,21.34
721,1377762883,21.34
721,1377762888,21.34
721,1377762893,21.34
721,1377762898,21.34
721,1377762903,21.34
721,1377762908,21.33
721,1377762913,21.34
721,1377762918,21.34
721,1377762923,21.34
721,1377762928,21.34
721,1377762933,21.34
721,1377762938,21.34
721,1377762943,21.33
721,1377762948,21.33
721,1377762953,21.34
721,1377762958,21.33
721,1377762963,21.34
721,1377762968,21.34
721,1377762973,21.33
721,1377762978,21.34
721,1377762983,21.34
721,1377762988,21.34
721,1377762993,21.33
721,1377762998,21.34
721,1377763003,21.34
721,1377763008,21.34
721,1377763013,21.33
721,1377763018,21.33
721,1377763023,21.34
721,1377763028,21.34
721,1377763033,21.34
721,1377763038,21.34
721,1377763043,21.33
721,1377763048,21.34
721,1377763053,21.34
721,1377763058,21.33
721,1377763063,21.33
721,1377763068,21.33
721,1377763073,21.32
721,1377763078,21.32
721,1377763083,21.33
721,1377763088,21.32
721,1377763093,21.32
721,1377763098,21.33
721,1377763103,21.34
721,1377763108,21.33
721,1377763113,21.33
721,1377763118,21.34
721,1377763123,21.34
721,1377763128,21.32
721,1377763133,21.32
721,1377763138,21.33
721,1377763143,21.33
721,1377763148,21.33
721,1377763153,21.33
721,1377763158,21.33
721,1377763163,21.33
721,1377763168,21.33
721,1377763173,21.34
721,1377763178,21.32
721,1377763183,21.34
721,1377763188,21.32
721,1377763193,21.33
721,1377763198,21.32
721,1377763203,21.34
721,1377763208,21.33
721,1377763213,21.33
721,1377763218,21.34
721,1377763223,21.33
721,1377763228,21.34
721,1377763233,21.33
721,1377763238,21.33
721,1377763243,21.34
721,1377763248,21.33
721,1377763253,21.32
721,1377763258,21.34
721,1377763263,21.33
721,1377763268,21.34
721,1377763273,21.34
721,1377763278,21.34
721,1377763283,21.33
721,1377763288,21.34
721,1377763293,21.33
721,1377763298,21.32
721,1377763303,21.33
721,1377763308,21.34
721,1377763313,21.33
721,1377763318,21.33
721,1377763323,21.33
721,1377763328,21.34
721,1377763333,21.33
721,1377763338,21.33
721,1377763343,21.34
721,1377763348,21.33
721,1377763353,21.34
721,1377763358,21.34
721,1377763363,21.32
721,1377763368,21.33
721,1377763373,21.34
721,1377763378,21.33
721,1377763383,21.33
721,1377763388,21.33
721,1377763393,21.33
721,1377763398,21.32
721,1377763403,21.33
721,1377763408,21.34
721,1377763413,21.33
721,1377763418,21.32
721,1377763423,21.33
721,1377763428,21.33
721,1377763433,21.32
721,1377763438,21.32
721,1377763443,21.33
721,1377763448,21.32
721,1377763453,21.33
721,1377763458,21.32
721,1377763463,21.32
721,1377763468,21.34
721,1377763473,21.32
721,1377763478,21.33
721,1377763483,21.33
721,1377763488,21.32
721,1377763493,21.32
721,1377763498,21.31
721,1377763503,21.32
721,1377763508,21.32
721,1377763513,21.32
721,1377763518,21.32
721,1377763523,21.31
721,1377763528,21.32
721,1377763533,21.31
721,1377763538,21.31
721,1377763543,21.31
721,1377763548,21.31
721,1377763553,21.3
721,1377763558,21.32
721,1377763563,21.31
721,1377763568,21.31
721,1377763573,21.31
721,1377763578,21.31
721,1377763583,21.32
721,1377763588,21.31
721,1377763593,21.31
721,1377763598,21.32
721,1377763603,21.31
721,1377763608,21.31
721,1377763613,21.3
721,1377763618,21.31
721,1377763623,21.31
721,1377763628,21.32
721,1377763633,21.32
721,1377763638,21.32
721,1377763643,21.32
721,1377763648,21.32
721,1377763653,21.32
721,1377763658,21.32
721,1377763663,21.32
721,1377763668,21.32
721,1377763673,21.32
721,1377763678,21.32
721,1377763683,21.32
721,1377763688,21.32
721,1377763693,21.32
721,1377763698,21.32
721,1377763703,21.32
721,1377763708,21.31
721,1377763713,21.32
721,1377763718,21.32
721,1377763723,21.32
721,1377763728,21.32
721,1377763733,21.31
721,1377763738,21.3
721,1377763743,21.32
721,1377763748,21.31
721,1377763753,21.3
721,1377763758,21.32
721,1377763763,21.31
721,1377763768,21.32
721,1377763773,21.31
721,1377763778,21.3
721,1377763783,21.31
721,1377763788,21.31
721,1377763793,21.31
721,1377763798,21.31
721,1377763803,21.3
721,1377763808,21.31
721,1377763813,21.31
721,1377763818,21.32
721,1377763823,21.31
721,1377763828,21.3
721,1377763833,21.31
721,1377763838,21.31
721,1377763843,21.3
721,1377763848,21.3
721,1377763853,21.3
721,1377763858,21.3
721,1377763863,21.3
721,1377763868,21.3
721,1377763873,21.3
721,1377763878,21.3
721,1377763883,21.3
721,1377763888,21.3
721,1377763893,21.3
721,1377763898,21.31
721,1377763903,21.3
721,1377763908,21.3
721,1377763913,21.3
721,1377763918,21.29
721,1377763923,21.3
721,1377763928,21.3
721,1377763933,21.29
721,1377763938,21.3
721,1377763943,21.28
721,1377763948,21.3
721,1377763953,21.32
721,1377763958,21.3
721,1377763963,21.3
721,1377763968,21.29
721,1377763973,21.3
721,1377763978,21.29
721,1377763983,21.3
721,1377763988,21.28
721,1377763993,21.29
721,1377763998,21.3
721,1377764003,21.3
721,1377764008,21.29
721,1377764013,21.29
721,1377764018,21.29
721,1377764023,21.29
721,1377764028,21.3
721,1377764033,21.3
721,1377764038,21.3
721,1377764043,21.3
721,1377764048,21.29
721,1377764053,21.29
721,1377764058,21.29
721,1377764063,21.28
721,1377764068,21.29
721,1377764073,21.29
721,1377764078,21.29
721,1377764083,21.28
721,1377764088,21.3
721,1377764093,21.3
721,1377764098,21.29
721,1377764103,21.28
721,1377764108,21.28
721,1377764113,21.29
721,1377764118,21.3
721,1377764123,21.3
721,1377764128,21.28
721,1377764133,21.29
721,1377764138,21.28
721,1377764143,21.29
721,1377764148,21.29
721,1377764153,21.3
721,1377764158,21.3
721,1377764163,21.28
721,1377764168,21.29
721,1377764173,21.28
721,1377764178,21.28
721,1377764183,21.3
721,1377764188,21.29
721,1377764193,21.29
721,1377764198,21.28
721,1377764203,21.28
721,1377764208,21.28
721,1377764213,21.29
721,1377764218,21.27
721,1377764223,21.28
721,1377764228,21.28
721,1377764233,21.28
721,1377764238,21.28
721,1377764243,21.28
721,1377764248,21.29
721,1377764253,21.28
721,1377764258,21.28
721,1377764263,21.28
721,1377764268,21.29
721,1377764273,21.28
721,1377764278,21.28
721,1377764283,21.28
721,1377764288,21.27
721,1377764293,21.28
721,1377764298,21.28
721,1377764303,21.28
721,1377764308,21.27
721,1377764313,21.28
721,1377764318,21.28
721,1377764323,21.27
721,1377764328,21.27
721,1377764333,21.28
721,1377764338,21.28
721,1377764343,21.28
721,1377764348,21.28
721,1377764353,21.28
721,1377764358,21.28
721,1377764363,21.28
721,1377764368,21.28
721,1377764373,21.27
721,1377764378,21.27
721,1377764383,21.28
721,1377764388,21.28
721,1377764393,21.27
721,1377764398,21.27
721,1377764403,21.28
721,1377764408,21.28
721,1377764413,21.28
721,1377764418,21.28
721,1377764423,21.28
721,1377764428,21.27
721,1377764433,21.27
721,1377764438,21.28
721,1377764443,21.28
721,1377764448,21.27
721,1377764453,21.27
721,1377764458,21.27
721,1377764463,21.27
721,1377764468,21.28
721,1377764473,21.27
721,1377764478,21.27
721,1377764483,21.28
721,1377764488,21.27
721,1377764493,21.28
721,1377764498,21.26
721,1377764503,21.27
721,1377764508,21.27
721,1377764513,21.27
721,1377764518,21.27
721,1377764523,21.25
721,1377764528,21.26
721,1377764533,21.26
721,1377764538,21.27
721,1377764543,21.27
721,1377764548,21.26
721,1377764553,21.26
721,1377764558,21.28
721,1377764563,21.26
721,1377764568,21.27
721,1377764573,21.26
721,1377764578,21.26
721,1377764583,21.26
721,1377764588,21.26
721,1377764593,21.26
721,1377764598,21.26
721,1377764603,21.26
721,1377764608,21.26
721,1377764613,21.27
721,1377764618,21.26
721,1377764623,21.26
721,1377764628,21.26
721,1377764633,21.24
721,1377764638,21.26
721,1377764643,21.26
721,1377764648,21.26
721,1377764653,21.26
721,1377764658,21.25
721,1377764663,21.26
721,1377764668,21.26
721,1377764673,21.26
721,1377764678,21.26
721,1377764683,21.26
721,1377764688,21.26
721,1377764693,21.27
721,1377764698,21.25
721,1377764703,21.25
721,1377764708,21.26
721,1377764713,21.26
721,1377764718,21.25
721,1377764723,21.26
721,1377764728,21.26
721,1377764733,21.26
721,1377764738,21.26
721,1377764743,21.26
721,1377764748,21.25
721,1377764753,21.26
721,1377764758,21.26
721,1377764763,21.26
721,1377764768,21.26
721,1377764773,21.26
721,1377764778,21.26
721,1377764783,21.25
721,1377764788,21.26
721,1377764793,21.25
721,1377764798,21.26
721,1377764803,21.24
721,1377764808,21.26
721,1377764813,21.24
721,1377764818,21.25
721,1377764823,21.25
721,1377764828,21.25
721,1377764833,21.25
721,1377764838,21.26
721,1377764843,21.26
721,1377764848,21.25
721,1377764853,21.26
721,1377764858,21.26
721,1377764863,21.23
721,1377764868,21.25
721,1377764873,21.24
721,1377764878,21.25
721,1377764883,21.24
721,1377764888,21.25
721,1377764893,21.25
721,1377764898,21.25
721,1377764903,21.25
721,1377764908,21.26
721,1377764913,21.25
721,1377764918,21.25
721,1377764923,21.26
721,1377764928,21.25
721,1377764933,21.25
721,1377764938,21.25
721,1377764943,21.25
721,1377764948,21.24
721,1377764953,21.25
721,1377764958,21.24
721,1377764963,21.25
721,1377764968,21.26
721,1377764973,21.24
721,1377764978,21.24
721,1377764983,21.24
721,1377764988,21.26
721,1377764993,21.24
721,1377764998,21.25
721,1377765003,21.25
721,1377765008,21.25
721,1377765013,21.24
721,1377765018,21.24
721,1377765023,21.24
721,1377765028,21.25
721,1377765033,21.24
721,1377765038,21.24
721,1377765043,21.24
721,1377765048,21.25
721,1377765053,21.24
721,1377765058,21.25
721,1377765063,21.24
721,1377765068,21.25
721,1377765073,21.24
721,1377765078,21.25
721,1377765083,21.25
721,1377765088,21.25
721,1377765093,21.24
721,1377765098,21.24
721,1377765103,21.24
721,1377765108,21.23
721,1377765113,21.24
721,1377765118,21.23
721,1377765123,21.24
721,1377765128,21.23
721,1377765133,21.23
721,1377765138,21.24
721,1377765143,21.23
721,1377765148,21.24
721,1377765153,21.24
721,1377765158,21.23
721,1377765163,21.24
721,1377765168,21.24
721,1377765173,21.24
721,1377765178,21.23
721,1377765183,21.24
721,1377765188,21.24
721,1377765193,21.23
721,1377765198,21.23
721,1377765203,21.23
721,1377765208,21.24
721,1377765213,21.22
721,1377765218,21.23
721,1377765223,21.24
721,1377765228,21.24
721,1377765233,21.23
721,1377765238,21.24
721,1377765243,21.23
721,1377765248,21.22
721,1377765253,21.23
721,1377765258,21.23
721,1377765263,21.23
721,1377765268,21.23
721,1377765273,21.23
721,1377765278,21.24
721,1377765283,21.24
721,1377765288,21.23
721,1377765293,21.23
721,1377765298,21.25
721,1377765303,21.24
721,1377765308,21.24
721,1377765313,21.23
721,1377765318,21.24
721,1377765323,21.23
721,1377765328,21.22
721,1377765333,21.22
721,1377765338,21.23
721,1377765343,21.23
721,1377765348,21.24
721,1377765353,21.22
721,1377765358,21.23
721,1377765363,21.23
721,1377765368,21.23
721,1377765373,21.22
721,1377765378,21.22
721,1377765383,21.21
721,1377765388,21.22
721,1377765393,21.22
721,1377765398,21.23
721,1377765403,21.23
721,1377765408,21.21
721,1377765413,21.22
721,1377765418,21.22
721,1377765423,21.22
721,1377765429,21.22
721,1377765433,21.22
721,1377765438,21.22
721,1377765443,21.22
721,1377765448,21.21
721,1377765453,21.22
721,1377765458,21.22
721,1377765463,21.23
721,1377765468,21.22
721,1377765473,21.21
721,1377765478,21.22
721,1377765483,21.22
721,1377765488,21.22
721,1377765493,21.22
721,1377765498,21.22
721,1377765503,21.22
721,1377765508,21.22
721,1377765513,21.22
721,1377765518,21.21
721,1377765523,21.22
721,1377765528,21.22
721,1377765533,21.22
721,1377765538,21.22
721,1377765543,21.22
721,1377765548,21.23
721,1377765553,21.22
721,1377765558,21.22
721,1377765563,21.22
721,1377765568,21.22
721,1377765573,21.23
721,1377765578,21.22
721,1377765583,21.22
721,1377765588,21.22
721,1377765593,21.23
721,1377765598,21.22
721,1377765603,21.21
721,1377765608,21.22
721,1377765613,21.21
721,1377765618,21.21
721,1377765623,21.22
721,1377765628,21.22
721,1377765633,21.22
721,1377765638,21.22
721,1377765643,21.22
721,1377765647,21.22
721,1377765653,21.22
721,1377765658,21.22
721,1377765663,21.22
721,1377765668,21.22
721,1377765673,21.22
721,1377765678,21.22
721,1377765683,21.22
721,1377765688,21.22
721,1377765692,21.22
721,1377765698,21.22
721,1377765703,21.22
721,1377765708,21.21
721,1377765713,21.21
721,1377765718,21.22
721,1377765723,21.22
721,1377765728,21.22
721,1377765733,21.21
721,1377765737,21.23
721,1377765743,21.23
721,1377765748,21.23
721,1377765752,21.23
721,1377765758,21.22
721,1377765763,21.22
721,1377765768,21.22
721,1377765773,21.23
721,1377765778,21.23
721,1377765783,21.22
721,1377765788,21.22
721,1377765793,21.23
721,1377765798,21.23
721,1377765803,21.2
721,1377765808,21.24
721,1377765813,21.23
721,1377765818,21.22
721,1377765823,21.22
721,1377765827,21.22
721,1377765833,21.22
721,1377765838,21.22
721,1377765843,21.22
721,1377765848,21.22
721,1377765853,21.22
721,1377765858,21.22
721,1377765863,21.22
721,1377765868,21.21
721,1377765873,21.22
721,1377765878,21.21
721,1377765883,21.21
721,1377765888,21.22
721,1377765892,21.2
721,1377765898,21.21
721,1377765903,21.21
721,1377765908,21.21
721,1377765913,21.22
721,1377765918,21.22
721,1377765923,21.21
721,1377765928,21.21
721,1377765933,21.22
721,1377765938,21.22
721,1377765942,21.21
721,1377765947,21.22
721,1377765953,21.22
721,1377765958,21.22
721,1377765963,21.22
721,1377765968,21.21
721,1377765973,21.22
721,1377765978,21.21
721,1377765983,21.21
721,1377765987,21.22
721,1377765993,21.22
721,1377765998,21.22
721,1377766003,21.21
721,1377766007,21.21
721,1377766013,21.21
721,1377766018,21.22
721,1377766023,21.2
721,1377766027,21.21
721,1377766032,21.21
721,1377766038,21.21
721,1377766043,21.22
721,1377766048,21.22
721,1377766052,21.22
721,1377766058,21.21
721,1377766062,21.21
721,1377766068,21.22
721,1377766073,21.22
721,1377766078,21.22
721,1377766082,21.22
721,1377766088,21.2
721,1377766092,21.2
721,1377766098,21.2
721,1377766103,21.2
721,1377766108,21.21
721,1377766112,21.21
721,1377766117,21.21
721,1377766123,21.21
721,1377766127,21.2
721,1377766132,21.22
721,1377766138,21.2
721,1377766143,21.21
721,1377766147,21.2
721,1377766153,21.2
721,1377766157,21.22
721,1377766163,21.2
721,1377766168,21.21
721,1377766172,21.2
721,1377766177,21.21
721,1377766182,21.2
721,1377766188,21.2
721,1377766193,21.21
721,1377766197,21.2
721,1377766202,21.2
721,1377766207,21.2
721,1377766212,21.21
721,1377766217,21.2
721,1377766222,21.2
721,1377766227,21.22
721,1377766232,21.2
721,1377766237,21.2
721,1377766242,21.2
721,1377766247,21.2
721,1377766252,21.21
721,1377766257,21.21
721,1377766262,21.2
721,1377766267,21.2
721,1377766272,21.2
721,1377766277,21.2
721,1377766283,21.19
721,1377766287,21.19
721,1377766292,21.2
721,1377766297,21.2
721,1377766302,21.2
721,1377766307,21.19
721,1377766312,21.2
721,1377766317,21.2
721,1377766322,21.2
721,1377766327,21.19
721,1377766332,21.2
721,1377766337,21.19
721,1377766342,21.2
721,1377766347,21.2
721,1377766352,21.19
721,1377766357,21.2
721,1377766362,21.2
721,1377766367,21.18
721,1377766372,21.19
721,1377766377,21.2
721,1377766382,21.2
721,1377766388,21.19
721,1377766392,21.18
721,1377766397,21.19
721,1377766403,21.2
721,1377766407,21.19
721,1377766412,21.18
721,1377766417,21.19
721,1377766422,21.19
721,1377766427,21.2
721,1377766432,21.18
721,1377766437,21.19
721,1377766442,21.18
721,1377766447,21.2
721,1377766452,21.19
721,1377766457,21.18
721,1377766462,21.18
721,1377766467,21.18
721,1377766472,21.19
721,1377766477,21.18
721,1377766482,21.19
721,1377766487,21.18
721,1377766492,21.18
721,1377766497,21.18
721,1377766502,21.17
721,1377766508,21.18
721,1377766512,21.18
721,1377766517,21.19
721,1377766522,21.18
721,1377766527,21.17
721,1377766532,21.18
721,1377766537,21.17
721,1377766542,21.18
721,1377766547,21.18
721,1377766552,21.19
721,1377766557,21.19
721,1377766562,21.18
721,1377766567,21.18
721,1377766572,21.18
721,1377766577,21.18
721,1377766582,21.19
721,1377766587,21.17
721,1377766592,21.18
721,1377766597,21.19
721,1377766602,21.19
721,1377766607,21.19
721,1377766612,21.18
721,1377766617,21.19
721,1377766622,21.19
721,1377766627,21.19
721,1377766632,21.19
721,1377766637,21.2
721,1377766642,21.19
721,1377766647,21.18
721,1377766652,21.19
721,1377766657,21.18
721,1377766662,21.18
721,1377766667,21.18
721,1377766672,21.18
721,1377766677,21.18
721,1377766682,21.18
721,1377766687,21.19
721,1377766692,21.19
721,1377766697,21.18
721,1377766702,21.18
721,1377766707,21.17
721,1377766712,21.18
721,1377766717,21.18
721,1377766722,21.18
721,1377766727,21.18
721,1377766732,21.19
721,1377766737,21.19
721,1377766742,21.18
721,1377766747,21.19
721,1377766752,21.19
721,1377766757,21.18
721,1377766762,21.18
721,1377766767,21.18
721,1377766772,21.18
721,1377766777,21.19
721,1377766782,21.19
721,1377766787,21.18
721,1377766792,21.19
721,1377766797,21.18
721,1377766802,21.18
721,1377766807,21.18
721,1377766812,21.18
721,1377766817,21.2
721,1377766822,21.19
721,1377766827,21.18
721,1377766832,21.19
721,1377766838,21.2
721,1377766842,21.19
721,1377766847,21.19
721,1377766852,21.18
721,1377766857,21.2
721,1377766862,21.2
721,1377766867,21.19
721,1377766872,21.19
721,1377766877,21.18
721,1377766882,21.19
721,1377766887,21.18
721,1377766892,21.2
721,1377766897,21.19
721,1377766902,21.2
721,1377766907,21.18
721,1377766912,21.18
721,1377766917,21.19
721,1377766922,21.18
721,1377766927,21.18
721,1377766932,21.17
721,1377766937,21.18
721,1377766942,21.18
721,1377766947,21.17
721,1377766952,21.18
721,1377766957,21.17
721,1377766962,21.16
721,1377766967,21.17
721,1377766972,21.17
721,1377766977,21.17
721,1377766982,21.18
721,1377766987,21.18
721,1377766992,21.18
721,1377766997,21.19
721,1377767002,21.18
721,1377767007,21.18
721,1377767012,21.18
721,1377767017,21.18
721,1377767022,21.18
721,1377767027,21.18
721,1377767032,21.19
721,1377767037,21.19
721,1377767042,21.18
721,1377767047,21.18
721,1377767052,21.18
721,1377767057,21.18
721,1377767062,21.18
721,1377767067,21.17
721,1377767072,21.18
721,1377767077,21.17
721,1377767082,21.19
721,1377767087,21.18
721,1377767092,21.17
721,1377767097,21.17
721,1377767102,21.18
721,1377767107,21.18
721,1377767112,21.17
721,1377767117,21.17
721,1377767122,21.18
721,1377767127,21.18
721,1377767132,21.18
721,1377767137,21.18
721,1377767142,21.19
721,1377767147,21.18
721,1377767152,21.18
721,1377767157,21.18
721,1377767162,21.18
721,1377767167,21.17
721,1377767172,21.18
721,1377767177,21.17
721,1377767182,21.18
721,1377767187,21.18
721,1377767192,21.17
721,1377767197,21.17
721,1377767202,21.18
721,1377767207,21.16
721,1377767212,21.16
721,1377767217,21.18
721,1377767222,21.18
721,1377767227,21.17
721,1377767232,21.16
721,1377767237,21.17
721,1377767242,21.18
721,1377767247,21.17
721,1377767252,21.17
721,1377767257,21.18
721,1377767262,21.17
721,1377767267,21.17
721,1377767272,21.17
721,1377767277,21.18
721,1377767282,21.17
721,1377767287,21.17
721,1377767292,21.17
721,1377767297,21.15
721,1377767302,21.17
721,1377767307,21.17
721,1377767312,21.16
721,1377767317,21.18
721,1377767322,21.18
721,1377767327,21.17
721,1377767332,21.17
721,1377767337,21.17
721,1377767342,21.17
721,1377767347,21.16
721,1377767352,21.17
721,1377767357,21.17
721,1377767362,21.16
721,1377767367,21.16
721,1377767372,21.16
721,1377767377,21.17
721,1377767382,21.17
721,1377767387,21.17
721,1377767392,21.17
721,1377767397,21.17
721,1377767402,21.16
721,1377767407,21.17
721,1377767412,21.17
721,1377767417,21.17
721,1377767422,21.17
721,1377767427,21.17
721,1377767432,21.16
721,1377767437,21.18
721,1377767442,21.17
721,1377767447,21.16
721,1377767452,21.16
721,1377767457,21.16
721,1377767462,21.17
721,1377767467,21.16
721,1377767472,21.16
721,1377767477,21.16
721,1377767482,21.16
721,1377767487,21.18
721,1377767492,21.16
721,1377767497,21.16
721,1377767502,21.17
721,1377767507,21.16
721,1377767512,21.17
721,1377767517,21.16
721,1377767522,21.17
721,1377767527,21.16
721,1377767532,21.16
721,1377767537,21.17
721,1377767542,21.17
721,1377767547,21.16
721,1377767552,21.16
721,1377767557,21.17
721,1377767562,21.16
721,1377767567,21.16
721,1377767572,21.17
721,1377767577,21.16
721,1377767582,21.16
721,1377767587,21.16
721,1377767592,21.16
721,1377767597,21.17
721,1377767602,21.15
721,1377767607,21.15
721,1377767612,21.16
721,1377767617,21.16
721,1377767622,21.15
721,1377767627,21.15
721,1377767632,21.16
721,1377767637,21.16
721,1377767642,21.16
721,1377767647,21.15
721,1377767652,21.15
721,1377767657,21.15
721,1377767662,21.16
721,1377767668,21.14
721,1377767672,21.16
721,1377767677,21.15
721,1377767682,21.16
721,1377767687,21.15
721,1377767692,21.16
721,1377767697,21.14
721,1377767702,21.15
721,1377767707,21.16
721,1377767712,21.15
721,1377767717,21.15
721,1377767722,21.14
721,1377767727,21.15
721,1377767732,21.15
721,1377767737,21.14
721,1377767742,21.15
721,1377767747,21.15
721,1377767752,21.15
721,1377767757,21.15
721,1377767762,21.15
721,1377767767,21.15
721,1377767772,21.15
721,1377767777,21.14
721,1377767782,21.15
721,1377767787,21.15
721,1377767792,21.15
721,1377767797,21.15
721,1377767802,21.15
721,1377767807,21.14
721,1377767812,21.15
721,1377767817,21.14
721,1377767822,21.14
721,1377767827,21.15
721,1377767832,21.14
721,1377767837,21.14
721,1377767842,21.15
721,1377767847,21.15
721,1377767852,21.14
721,1377767857,21.14
721,1377767862,21.14
721,1377767867,21.16
721,1377767872,21.14
721,1377767877,21.14
721,1377767882,21.14
721,1377767887,21.14
721,1377767892,21.15
721,1377767897,21.16
721,1377767902,21.15
721,1377767907,21.14
721,1377767912,21.14
721,1377767917,21.14
721,1377767922,21.14
721,1377767927,21.14
721,1377767932,21.14
721,1377767937,21.14
721,1377767942,21.14
721,1377767947,21.14
721,1377767952,21.15
721,1377767957,21.14
721,1377767962,21.14
721,1377767967,21.13
721,1377767972,21.15
721,1377767977,21.15
721,1377767982,21.14
721,1377767987,21.14
721,1377767992,21.14
721,1377767997,21.14
721,1377768002,21.14
721,1377768007,21.13
721,1377768012,21.13
721,1377768017,21.14
721,1377768022,21.13
721,1377768027,21.13
721,1377768032,21.14
721,1377768037,21.13
721,1377768042,21.14
721,1377768047,21.13
721,1377768052,21.13
721,1377768057,21.12
721,1377768062,21.14
721,1377768067,21.14
721,1377768072,21.14
721,1377768077,21.14
721,1377768082,21.14
721,1377768087,21.14
721,1377768092,21.12
721,1377768097,21.13
721,1377768102,21.12
721,1377768107,21.13
721,1377768112,21.12
721,1377768117,21.14
721,1377768122,21.12
721,1377768127,21.12
721,1377768132,21.12
721,1377768137,21.13
721,1377768142,21.13
721,1377768147,21.12
721,1377768152,21.12
721,1377768157,21.13
721,1377768162,21.14
721,1377768167,21.14
721,1377768172,21.13
721,1377768177,21.13
721,1377768182,21.14
721,1377768187,21.13
721,1377768192,21.14
721,1377768197,21.13
721,1377768202,21.14
721,1377768207,21.13
721,1377768212,21.14
721,1377768217,21.13
721,1377768222,21.14
721,1377768227,21.14
721,1377768232,21.13
721,1377768237,21.14
721,1377768242,21.14
721,1377768247,21.13
721,1377768252,21.13
721,1377768257,21.14
721,1377768262,21.14
721,1377768267,21.12
721,1377768272,21.13
721,1377768277,21.13
721,1377768282,21.13
721,1377768287,21.13
721,1377768292,21.12
721,1377768297,21.13
721,1377768302,21.12
721,1377768307,21.13
721,1377768312,21.13
721,1377768317,21.12
721,1377768322,21.12
721,1377768327,21.13
721,1377768332,21.14
721,1377768337,21.13
721,1377768342,21.12
721,1377768347,21.14
721,1377768352,21.12
721,1377768357,21.12
721,1377768362,21.14
721,1377768367,21.14
721,1377768372,21.13
721,1377768377,21.13
721,1377768382,21.13
721,1377768387,21.12
721,1377768392,21.13
721,1377768397,21.14
721,1377768402,21.14
721,1377768407,21.14
721,1377768412,21.13
721,1377768417,21.14
721,1377768422,21.13
721,1377768427,21.14
721,1377768432,21.14
721,1377768437,21.14
721,1377768442,21.13
721,1377768447,21.14
721,1377768452,21.13
721,1377768457,21.14
721,1377768462,21.14
721,1377768467,21.14
721,1377768472,21.13
721,1377768477,21.13
721,1377768482,21.13
721,1377768487,21.14
721,1377768492,21.13
721,1377768497,21.12
721,1377768502,21.13
721,1377768507,21.14
721,1377768512,21.13
721,1377768517,21.14
721,1377768522,21.13
721,1377768527,21.13
721,1377768532,21.13
721,1377768537,21.13
721,1377768542,21.14
721,1377768547,21.14
721,1377768552,21.13
721,1377768557,21.13
721,1377768562,21.13
721,1377768567,21.13
721,1377768572,21.14
721,1377768577,21.12
721,1377768582,21.12
721,1377768587,21.13
721,1377768592,21.12
721,1377768597,21.13
721,1377768602,21.14
721,1377768607,21.14
721,1377768612,21.13
721,1377768617,21.13
721,1377768622,21.12
721,1377768627,21.12
721,1377768632,21.14
721,1377768637,21.13
721,1377768642,21.13
721,1377768647,21.13
721,1377768652,21.13
721,1377768657,21.12
721,1377768662,21.14
721,1377768667,21.12
721,1377768672,21.14
721,1377768677,21.13
721,1377768682,21.14
721,1377768687,21.12
721,1377768692,21.13
721,1377768697,21.13
721,1377768702,21.11
721,1377768707,21.13
721,1377768712,21.12
721,1377768717,21.13
721,1377768722,21.13
721,1377768727,21.12
721,1377768732,21.12
721,1377768737,21.12
721,1377768742,21.13
721,1377768747,21.12
721,1377768752,21.12
721,1377768757,21.12
721,1377768762,21.12
721,1377768767,21.12
721,1377768772,21.12
721,1377768777,21.12
721,1377768782,21.1
721,1377768787,21.12
721,1377768792,21.12
721,1377768797,21.1
721,1377768802,21.11
721,1377768807,21.11
721,1377768812,21.11
721,1377768817,21.12
721,1377768822,21.12
721,1377768827,21.12
721,1377768832,21.1
721,1377768837,21.1
721,1377768842,21.12
721,1377768847,21.11
721,1377768852,21.1
721,1377768857,21.12
721,1377768862,21.11
721,1377768867,21.12
721,1377768872,21.11
721,1377768877,21.11
721,1377768882,21.1
721,1377768887,21.11
721,1377768892,21.11
721,1377768897,21.11
721,1377768902,21.1
721,1377768907,21.11
721,1377768912,21.11
721,1377768917,21.1
721,1377768922,21.11
721,1377768927,21.1
721,1377768932,21.1
721,1377768937,21.1
721,1377768942,21.1
721,1377768947,21.1
721,1377768952,21.1
721,1377768957,21.1
721,1377768962,21.09
721,1377768967,21.1
721,1377768972,21.1
721,1377768977,21.1
721,1377768982,21.1
721,1377768987,21.1
721,1377768992,21.11
721,1377768997,21.11
721,1377769002,21.11
721,1377769007,21.1
721,1377769012,21.1
721,1377769017,21.1
721,1377769022,21.1
721,1377769027,21.1
721,1377769032,21.1
721,1377769037,21.1
721,1377769042,21.1
721,1377769047,21.11
721,1377769052,21.1
721,1377769057,21.1
721,1377769062,21.1
721,1377769067,21.1
721,1377769072,21.1
721,1377769077,21.11
721,1377769082,21.1
721,1377769087,21.1
721,1377769092,21.1
721,1377769097,21.1
721,1377769102,21.11
721,1377769107,21.11
721,1377769112,21.1
721,1377769117,21.12
721,1377769122,21.11
721,1377769127,21.1
721,1377769132,21.1
721,1377769137,21.1
721,1377769142,21.11
721,1377769147,21.11
721,1377769152,21.11
721,1377769157,21.11
721,1377769162,21.1
721,1377769167,21.11
721,1377769172,21.11
721,1377769177,21.1
721,1377769182,21.11
721,1377769187,21.1
721,1377769192,21.11
721,1377769197,21.11
721,1377769202,21.1
721,1377769207,21.1
721,1377769212,21.11
721,1377769217,21.1
721,1377769222,21.1
721,1377769227,21.11
721,1377769232,21.1
721,1377769237,21.1
721,1377769242,21.1
721,1377769247,21.1
721,1377769252,21.11
721,1377769257,21.11
721,1377769262,21.1
721,1377769267,21.1
721,1377769272,21.1
721,1377769277,21.11
721,1377769282,21.1
721,1377769287,21.1
721,1377769292,21.11
721,1377769297,21.11
721,1377769302,21.11
721,1377769307,21.1
721,1377769312,21.1
721,1377769317,21.1
721,1377769322,21.11
721,1377769327,21.1
721,1377769332,21.11
721,1377769337,21.1
721,1377769342,21.1
721,1377769347,21.09
721,1377769352,21.1
721,1377769357,21.1
721,1377769362,21.1
721,1377769367,21.1
721,1377769372,21.09
721,1377769377,21.1
721,1377769382,21.1
721,1377769387,21.09
721,1377769392,21.08
721,1377769397,21.08
721,1377769402,21.09
721,1377769407,21.09
721,1377769412,21.09
721,1377769417,21.1
721,1377769422,21.09
721,1377769427,21.09
721,1377769432,21.1
721,1377769437,21.1
721,1377769442,21.1
721,1377769447,21.09
721,1377769452,21.09
721,1377769457,21.08
721,1377769462,21.1
721,1377769467,21.08
721,1377769472,21.09
721,1377769477,21.1
721,1377769482,21.09
721,1377769487,21.09
721,1377769493,21.08
721,1377769497,21.08
721,1377769502,21.08
721,1377769507,21.09
721,1377769512,21.08
721,1377769517,21.09
721,1377769522,21.09
721,1377769527,21.07
721,1377769532,21.09
721,1377769537,21.09
721,1377769542,21.08
721,1377769547,21.09
721,1377769552,21.08
721,1377769557,21.09
721,1377769562,21.08
721,1377769567,21.08
721,1377769572,21.09
721,1377769577,21.1
721,1377769582,21.1
721,1377769587,21.09
721,1377769592,21.09
721,1377769597,21.09
721,1377769602,21.08
721,1377769607,21.09
721,1377769612,21.1
721,1377769617,21.08
721,1377769622,21.08
721,1377769627,21.09
721,1377769632,21.09
721,1377769637,21.08
721,1377769642,21.09
721,1377769647,21.09
721,1377769652,21.09
721,1377769657,21.1
721,1377769662,21.08
721,1377769667,21.08
721,1377769672,21.09
721,1377769677,21.1
721,1377769682,21.09
721,1377769687,21.09
721,1377769692,21.08
721,1377769697,21.09
721,1377769702,21.09
721,1377769707,21.08
721,1377769712,21.08
721,1377769717,21.08
721,1377769722,21.09
721,1377769727,21.08
721,1377769732,21.09
721,1377769737,21.08
721,1377769742,21.09
721,1377769747,21.09
721,1377769752,21.08
721,1377769757,21.08
721,1377769762,21.1
721,1377769767,21.08
721,1377769772,21.08
721,1377769777,21.09
721,1377769782,21.08
721,1377769787,21.08
721,1377769792,21.1
721,1377769797,21.08
721,1377769802,21.08
721,1377769807,21.08
721,1377769812,21.08
721,1377769817,21.08
721,1377769822,21.07
721,1377769827,21.1
721,1377769832,21.08
721,1377769837,21.08
721,1377769842,21.08
721,1377769847,21.09
721,1377769852,21.09
721,1377769857,21.09
721,1377769862,21.09
721,1377769867,21.08
721,1377769872,21.1
721,1377769877,21.08
721,1377769882,21.08
721,1377769887,21.09
721,1377769892,21.08
721,1377769897,21.09
721,1377769902,21.09
721,1377769907,21.08
721,1377769912,21.09
721,1377769917,21.08
721,1377769922,21.08
721,1377769927,21.08
721,1377769932,21.07
721,1377769937,21.07
721,1377769942,21.07
721,1377769947,21.08
721,1377769952,21.08
721,1377769957,21.09
721,1377769962,21.08
721,1377769967,21.08
721,1377769972,21.08
721,1377769977,21.08
721,1377769982,21.08
721,1377769987,21.08
721,1377769992,21.06
721,1377769997,21.08
721,1377770002,21.07
721,1377770007,21.08
721,1377770012,21.08
721,1377770017,21.08
721,1377770022,21.08
721,1377770027,21.08
721,1377770032,21.08
721,1377770037,21.08
721,1377770042,21.08
721,1377770047,21.08
721,1377770052,21.07
721,1377770057,21.08
721,1377770062,21.07
721,1377770067,21.08
721,1377770072,21.08
721,1377770077,21.08
721,1377770082,21.08
721,1377770087,21.08
721,1377770092,21.07
721,1377770097,21.07
721,1377770102,21.09
721,1377770107,21.08
721,1377770112,21.08
721,1377770117,21.08
721,1377770122,21.08
721,1377770127,21.08
721,1377770132,21.08
721,1377770137,21.08
721,1377770142,21.08
721,1377770147,21.08
721,1377770152,21.09
721,1377770157,21.07
721,1377770162,21.07
721,1377770167,21.08
721,1377770172,21.08
721,1377770177,21.07
721,1377770182,21.08
721,1377770187,21.08
721,1377770192,21.08
721,1377770197,21.07
721,1377770202,21.08
721,1377770207,21.07
721,1377770212,21.07
721,1377770217,21.08
721,1377770222,21.08
721,1377770227,21.07
721,1377770232,21.07
721,1377770237,21.08
721,1377770242,21.08
721,1377770247,21.06
721,1377770252,21.07
721,1377770257,21.06
721,1377770262,21.07
721,1377770267,21.07
721,1377770272,21.06
721,1377770277,21.07
721,1377770282,21.06
721,1377770287,21.06
721,1377770292,21.07
721,1377770297,21.06
721,1377770302,21.07
721,1377770307,21.05
721,1377770312,21.06
721,1377770317,21.06
721,1377770322,21.07
721,1377770327,21.07
721,1377770332,21.06
721,1377770337,21.06
721,1377770342,21.06
721,1377770347,21.06
721,1377770352,21.06
721,1377770357,21.06
721,1377770362,21.06
721,1377770367,21.07
721,1377770372,21.06
721,1377770377,21.07
721,1377770382,21.05
721,1377770387,21.05
721,1377770392,21.06
721,1377770397,21.06
721,1377770402,21.06
721,1377770407,21.06
721,1377770412,21.06
721,1377770417,21.06
721,1377770422,21.06
721,1377770427,21.05
721,1377770432,21.05
721,1377770437,21.06
721,1377770442,21.07
721,1377770447,21.06
721,1377770452,21.06
721,1377770457,21.06
721,1377770462,21.06
721,1377770467,21.05
721,1377770472,21.06
721,1377770477,21.06
721,1377770482,21.05
721,1377770487,21.06
721,1377770492,21.06
721,1377770497,21.05
721,1377770502,21.05
721,1377770507,21.05
721,1377770512,21.05
721,1377770517,21.05
721,1377770522,21.05
721,1377770527,21.06
721,1377770532,21.06
721,1377770537,21.05
721,1377770542,21.06
721,1377770547,21.06
721,1377770552,21.06
721,1377770557,21.06
721,1377770562,21.06
721,1377770567,21.05
721,1377770572,21.05
721,1377770577,21.06
721,1377770582,21.06
721,1377770587,21.06
721,1377770592,21.06
721,1377770597,21.06
721,1377770602,21.04
721,1377770607,21.06
721,1377770612,21.06
721,1377770617,21.04
721,1377770622,21.04
721,1377770627,21.05
721,1377770632,21.04
721,1377770637,21.05
721,1377770642,21.04
721,1377770647,21.04
721,1377770652,21.04
721,1377770657,21.04
721,1377770662,21.04
721,1377770667,21.04
721,1377770672,21.04
721,1377770677,21.03
721,1377770682,21.03
721,1377770687,21.03
721,1377770692,21.03
721,1377770697,21.03
721,1377770702,21.05
721,1377770707,21.03
721,1377770712,21.04
721,1377770717,21.04
721,1377770722,21.04
721,1377770727,21.04
721,1377770732,21.04
721,1377770737,21.04
721,1377770742,21.03
721,1377770747,21.04
721,1377770752,21.04
721,1377770757,21.04
721,1377770762,21.04
721,1377770767,21.04
721,1377770772,21.04
721,1377770777,21.04
721,1377770782,21.04
721,1377770787,21.04
721,1377770792,21.03
721,1377770797,21.04
721,1377770802,21.04
721,1377770807,21.03
721,1377770812,21.04
721,1377770817,21.04
721,1377770822,21.03
721,1377770827,21.04
721,1377770832,21.03
721,1377770837,21.04
721,1377770842,21.04
721,1377770847,21.04
721,1377770852,21.03
721,1377770857,21.03
721,1377770862,21.02
721,1377770867,21.02
721,1377770872,21.03
721,1377770877,21.03
721,1377770882,21.03
721,1377770887,21.03
721,1377770892,21.04
721,1377770897,21.02
721,1377770902,21.02
721,1377770907,21.02
721,1377770912,21.03
721,1377770917,21.02
721,1377770922,21.04
721,1377770927,21.03
721,1377770932,21.03
721,1377770937,21.02
721,1377770942,21.04
721,1377770947,21.05
721,1377770952,21.03
721,1377770957,21.03
721,1377770962,21.03
721,1377770967,21.03
721,1377770972,21.04
721,1377770977,21.03
721,1377770982,21.02
721,1377770987,21.02
721,1377770992,21.02
721,1377770997,21.03
721,1377771002,21.03
721,1377771007,21.03
721,1377771012,21.03
721,1377771017,21.02
721,1377771022,21.02
721,1377771027,21.03
721,1377771032,21.01
721,1377771037,21.02
721,1377771042,21.02
721,1377771047,21.02
721,1377771052,21.02
721,1377771057,21.03
721,1377771062,21.02
721,1377771067,21.02
721,1377771072,21.02
721,1377771077,21.02
721,1377771082,21.02
721,1377771087,21.02
721,1377771092,21.02
721,1377771097,21.02
721,1377771102,21.02
721,1377771107,21.02
721,1377771112,21.03
721,1377771117,21.03
721,1377771122,21.02
721,1377771127,21.01
721,1377771132,21.02
721,1377771137,21.02
721,1377771142,21.02
721,1377771147,21.03
721,1377771152,21.01
721,1377771157,21.02
721,1377771162,21.02
721,1377771167,21.02
721,1377771172,21.02
721,1377771177,21.02
721,1377771182,21.02
721,1377771187,21.02
721,1377771192,21.03
721,1377771197,21.02
721,1377771202,21.02
721,1377771207,21.02
721,1377771212,21.02
721,1377771217,21.04
721,1377771222,21.02
721,1377771227,21.02
721,1377771232,21.02
721,1377771237,21.02
721,1377771242,21.02
721,1377771247,21.02
721,1377771252,21.02
721,1377771257,21.02
721,1377771262,21.02
721,1377771267,21.03
721,1377771272,21.02
721,1377771277,21.02
721,1377771282,21.02
721,1377771287,21.02
721,1377771292,21.02
721,1377771297,21.02
721,1377771302,21.01
721,1377771307,21.02
721,1377771312,21.02
721,1377771317,21.01
721,1377771322,21.02
721,1377771327,21.02
721,1377771332,21.0
721,1377771337,21.02
721,1377771342,21.02
721,1377771347,21.02
721,1377771352,21.02
721,1377771357,21.02
721,1377771362,21.02
721,1377771367,21.03
721,1377771372,21.02
721,1377771377,21.02
721,1377771382,21.03
721,1377771387,21.02
721,1377771392,21.02
721,1377771397,21.02
721,1377771402,21.01
721,1377771407,21.02
721,1377771412,21.02
721,1377771417,21.02
721,1377771422,21.02
721,1377771427,21.02
721,1377771432,21.02
721,1377771437,21.01
721,1377771442,21.01
721,1377771447,21.02
721,1377771452,21.01
721,1377771457,21.01
721,1377771462,21.02
721,1377771467,21.02
721,1377771472,21.02
721,1377771477,21.02
721,1377771482,21.0
721,1377771487,21.01
721,1377771492,21.02
721,1377771497,21.0
721,1377771502,21.01
721,1377771507,21.01
721,1377771512,21.02
721,1377771517,21.01
721,1377771522,21.02
721,1377771527,21.01
721,1377771532,21.0
721,1377771537,21.01
721,1377771542,21.02
721,1377771547,21.02
721,1377771552,21.0
721,1377771557,21.01
721,1377771562,21.0
721,1377771567,21.01
721,1377771572,21.01
721,1377771577,21.01
721,1377771582,21.01
721,1377771587,21.0
721,1377771592,21.01
721,1377771597,21.01
721,1377771602,21.0
721,1377771607,21.0
721,1377771612,20.99
721,1377771617,21.01
721,1377771622,21.0
721,1377771627,21.01
721,1377771632,21.01
721,1377771637,21.0
721,1377771642,21.0
721,1377771647,21.02
721,1377771652,21.02
721,1377771657,21.0
721,1377771662,21.0
721,1377771667,21.0
721,1377771672,21.01
721,1377771677,21.0
721,1377771682,21.0
721,1377771687,21.0
721,1377771692,21.01
721,1377771697,21.01
721,1377771702,21.0
721,1377771707,21.0
721,1377771712,21.0
721,1377771717,21.0
721,1377771722,21.01
721,1377771727,21.0
721,1377771732,21.01
721,1377771737,21.01
721,1377771742,21.0
721,1377771747,21.01
721,1377771752,20.99
721,1377771757,21.0
721,1377771762,21.01
721,1377771767,21.01
721,1377771772,21.0
721,1377771777,21.0
721,1377771782,21.02
721,1377771787,21.01
721,1377771792,21.0
721,1377771797,21.0
721,1377771802,21.02
721,1377771807,21.0
721,1377771812,21.01
721,1377771817,21.0
721,1377771822,21.0
721,1377771827,21.0
721,1377771832,21.01
721,1377771837,21.01
721,1377771842,21.0
721,1377771847,21.0
721,1377771852,21.0
721,1377771857,21.0
721,1377771862,21.0
721,1377771867,21.0
721,1377771872,21.0
721,1377771877,21.0
721,1377771882,21.0
721,1377771887,21.01
721,1377771892,21.0
721,1377771897,21.0
721,1377771902,21.0
721,1377771907,21.01
721,1377771912,21.02
721,1377771917,21.0
721,1377771922,21.01
721,1377771927,21.0
721,1377771932,21.0
721,1377771937,21.02
721,1377771942,21.01
721,1377771947,21.0
721,1377771952,21.01
721,1377771957,21.02
721,1377771962,21.01
721,1377771967,21.01
721,1377771972,21.0
721,1377771977,21.0
721,1377771982,21.0
721,1377771987,21.01
721,1377771992,21.0
721,1377771997,21.01
721,1377772002,21.01
721,1377772007,21.0
721,1377772012,21.01
721,1377772017,21.02
721,1377772022,21.01
721,1377772027,21.02
721,1377772032,21.01
721,1377772037,21.01
721,1377772042,21.01
721,1377772047,21.0
721,1377772052,21.0
721,1377772057,21.0
721,1377772062,21.01
721,1377772067,21.01
721,1377772072,21.0
721,1377772077,21.0
721,1377772082,21.01
721,1377772087,21.0
721,1377772092,21.0
721,1377772097,21.01
721,1377772102,21.01
721,1377772107,21.01
721,1377772112,21.0
721,1377772117,21.0
721,1377772122,21.02
721,1377772127,21.02
721,1377772132,21.01
721,1377772137,21.01
721,1377772142,21.01
721,1377772147,21.01
721,1377772152,21.01
721,1377772157,21.02
721,1377772162,21.01
721,1377772167,21.0
721,1377772172,21.01
721,1377772177,21.02
721,1377772182,21.02
721,1377772187,21.02
721,1377772192,21.0
721,1377772197,21.01
721,1377772202,21.01
721,1377772207,21.02
721,1377772212,21.01
721,1377772217,21.02
721,1377772222,21.02
721,1377772227,21.02
721,1377772232,21.0
721,1377772237,21.01
721,1377772242,21.01
721,1377772247,21.01
721,1377772252,21.02
721,1377772257,21.0
721,1377772262,21.0
721,1377772267,21.0
721,1377772272,21.0
721,1377772277,21.01
721,1377772282,21.0
721,1377772287,21.0
721,1377772292,21.0
721,1377772297,21.01
721,1377772302,21.01
721,1377772307,21.0
721,1377772312,21.0
721,1377772317,21.01
721,1377772322,20.99
721,1377772327,21.0
721,1377772332,21.0
721,1377772337,21.0
721,1377772342,21.0
721,1377772347,21.0
721,1377772352,21.0
721,1377772357,21.0
721,1377772362,21.0
721,1377772367,21.0
721,1377772372,21.0
721,1377772377,21.0
721,1377772382,20.99
721,1377772387,21.0
721,1377772392,21.01
721,1377772397,21.01
721,1377772402,20.99
721,1377772407,21.0
721,1377772412,21.0
721,1377772417,21.0
721,1377772422,21.02
721,1377772427,21.0
721,1377772432,21.0
721,1377772437,21.0
721,1377772442,20.99
721,1377772447,21.01
721,1377772452,21.01
721,1377772457,21.01
721,1377772462,21.0
721,1377772467,21.01
721,1377772472,21.01
721,1377772477,21.0
721,1377772482,21.01
721,1377772487,21.01
721,1377772492,21.0
721,1377772497,21.0
721,1377772502,21.01
721,1377772507,21.02
721,1377772512,21.01
721,1377772517,21.01
721,1377772522,21.01
721,1377772527,21.0
721,1377772532,21.0
721,1377772537,21.0
721,1377772542,21.01
721,1377772547,21.0
721,1377772552,21.01
721,1377772557,21.01
721,1377772562,21.0
721,1377772567,21.0
721,1377772572,21.01
721,1377772577,21.0
721,1377772582,21.0
721,1377772587,21.0
721,1377772592,21.0
721,1377772597,21.0
721,1377772602,21.02
721,1377772607,21.01
721,1377772612,21.0
721,1377772617,21.01
721,1377772622,21.01
721,1377772627,21.0
721,1377772632,21.0
721,1377772637,21.0
721,1377772642,21.0
721,1377772647,21.01
721,1377772652,21.01
721,1377772657,21.02
721,1377772662,21.01
721,1377772667,21.0
721,1377772672,21.01
721,1377772677,21.0
721,1377772682,21.01
721,1377772687,21.01
721,1377772692,21.02
721,1377772697,21.0
721,1377772702,21.02
721,1377772707,21.0
721,1377772712,21.01
721,1377772717,21.0
721,1377772722,21.0
721,1377772727,21.0
721,1377772732,21.0
721,1377772737,21.01
721,1377772742,21.0
721,1377772747,21.0
721,1377772752,21.0
721,1377772757,20.99
721,1377772762,20.99
721,1377772767,21.0
721,1377772772,21.01
721,1377772777,21.0
721,1377772782,20.99
721,1377772787,21.0
721,1377772792,21.0
721,1377772797,21.0
721,1377772802,21.0
721,1377772807,20.99
721,1377772812,21.0
721,1377772817,21.0
721,1377772822,21.0
721,1377772827,21.0
721,1377772832,21.0
721,1377772837,21.0
721,1377772842,21.0
721,1377772847,21.0
721,1377772852,21.0
721,1377772857,21.0
721,1377772862,20.98
721,1377772867,20.98
721,1377772872,21.0
721,1377772877,20.99
721,1377772882,21.0
721,1377772887,21.0
721,1377772892,21.0
721,1377772897,21.0
721,1377772902,21.0
721,1377772907,21.0
721,1377772912,21.0
721,1377772917,20.99
721,1377772922,21.0
721,1377772927,21.0
721,1377772932,21.0
721,1377772937,21.01
721,1377772942,20.99
721,1377772947,21.0
721,1377772952,21.0
721,1377772957,21.0
721,1377772962,20.99
721,1377772967,21.01
721,1377772972,20.99
721,1377772977,21.0
721,1377772982,21.0
721,1377772987,21.0
721,1377772992,21.0
721,1377772997,21.0
721,1377773002,21.0
721,1377773007,20.99
721,1377773012,21.0
721,1377773017,21.0
721,1377773022,21.01
721,1377773027,21.0
721,1377773032,21.0
721,1377773037,20.99
721,1377773042,21.0
721,1377773047,21.0
721,1377773052,21.0
721,1377773057,21.0
721,1377773062,20.98
721,1377773067,20.99
721,1377773072,20.99
721,1377773077,21.0
721,1377773082,20.99
721,1377773087,20.98
721,1377773092,21.0
721,1377773097,21.0
721,1377773102,20.99
721,1377773107,20.99
721,1377773112,20.98
721,1377773117,20.98
721,1377773122,20.99
721,1377773127,20.98
721,1377773132,20.98
721,1377773137,20.98
721,1377773142,20.98
721,1377773147,20.99
721,1377773152,20.98
721,1377773157,20.99
721,1377773162,20.98
721,1377773167,20.98
721,1377773172,20.98
721,1377773177,20.99
721,1377773182,20.98
721,1377773187,20.98
721,1377773192,20.99
721,1377773197,20.98
721,1377773202,20.98
721,1377773207,20.98
721,1377773212,20.98
721,1377773217,20.98
721,1377773222,20.99
721,1377773227,20.98
721,1377773232,20.97
721,1377773237,20.98
721,1377773242,20.98
721,1377773247,20.99
721,1377773252,20.97
721,1377773257,20.98
721,1377773262,20.98
721,1377773267,20.98
721,1377773272,20.97
721,1377773277,20.98
721,1377773282,20.98
721,1377773287,20.98
721,1377773292,20.99
721,1377773297,20.98
721,1377773302,20.98
721,1377773307,20.99
721,1377773312,20.97
721,1377773317,20.97
721,1377773322,20.97
721,1377773327,20.98
721,1377773332,20.99
721,1377773337,20.97
721,1377773342,20.98
721,1377773347,20.97
721,1377773352,20.97
721,1377773357,20.97
721,1377773362,20.97
721,1377773367,20.97
721,1377773372,20.97
721,1377773377,20.97
721,1377773382,20.97
721,1377773387,20.98
721,1377773392,20.97
721,1377773397,20.98
721,1377773402,20.98
721,1377773407,20.96
721,1377773412,20.98
721,1377773417,20.96
721,1377773422,20.96
721,1377773427,20.96
721,1377773432,20.97
721,1377773437,20.96
721,1377773442,20.96
721,1377773447,20.96
721,1377773452,20.95
721,1377773457,20.96
721,1377773462,20.96
721,1377773467,20.96
721,1377773472,20.96
721,1377773477,20.96
721,1377773482,20.96
721,1377773487,20.97
721,1377773492,20.96
721,1377773497,20.97
721,1377773502,20.97
721,1377773507,20.97
721,1377773512,20.96
721,1377773517,20.96
721,1377773522,20.96
721,1377773527,20.96
721,1377773532,20.97
721,1377773537,20.97
721,1377773542,20.96
721,1377773547,20.96
721,1377773552,20.97
721,1377773557,20.97
721,1377773562,20.97
721,1377773567,20.96
721,1377773572,20.96
721,1377773577,20.96
721,1377773582,20.97
721,1377773587,20.98
721,1377773592,20.98
721,1377773597,20.97
721,1377773602,20.96
721,1377773607,20.97
721,1377773612,20.96
721,1377773617,20.97
721,1377773622,20.97
721,1377773627,20.97
721,1377773632,20.97
721,1377773637,20.96
721,1377773642,20.96
721,1377773647,20.97
721,1377773652,20.97
721,1377773657,20.98
721,1377773662,20.97
721,1377773667,20.96
721,1377773672,20.96
721,1377773677,20.96
721,1377773682,20.98
721,1377773687,20.96
721,1377773692,20.96
721,1377773697,20.95
721,1377773702,20.98
721,1377773707,20.98
721,1377773712,20.97
721,1377773717,20.96
721,1377773722,20.98
721,1377773727,20.97
721,1377773732,20.98
721,1377773737,20.96
721,1377773742,20.96
721,1377773747,20.96
721,1377773752,20.97
721,1377773757,20.96
721,1377773762,20.98
721,1377773767,20.96
721,1377773772,20.96
721,1377773777,20.96
721,1377773782,20.97
721,1377773787,20.97
721,1377773792,20.97
721,1377773797,20.97
721,1377773802,20.96
721,1377773807,20.98
721,1377773812,20.96
721,1377773817,20.97
721,1377773822,20.96
721,1377773827,20.96
721,1377773832,20.96
721,1377773837,20.96
721,1377773842,20.97
721,1377773847,20.97
721,1377773852,20.97
721,1377773857,20.96
721,1377773862,20.97
721,1377773867,20.96
721,1377773872,20.96
721,1377773877,20.96
721,1377773882,20.98
721,1377773887,20.96
721,1377773892,20.97
721,1377773897,20.96
721,1377773902,20.97
721,1377773907,20.97
721,1377773912,20.96
721,1377773917,20.97
721,1377773922,20.97
721,1377773927,20.98
721,1377773932,20.97
721,1377773937,20.97
721,1377773942,20.96
721,1377773947,20.95
721,1377773952,20.97
721,1377773957,20.96
721,1377773962,20.95
721,1377773967,20.96
721,1377773972,20.97
721,1377773977,20.97
721,1377773982,20.96
721,1377773987,20.96
721,1377773992,20.97
721,1377773997,20.97
721,1377774002,20.97
721,1377774007,20.96
721,1377774012,20.96
721,1377774017,20.96
721,1377774022,20.97
721,1377774027,20.96
721,1377774032,20.96
721,1377774037,20.97
721,1377774042,20.97
721,1377774047,20.98
721,1377774052,20.97
721,1377774057,20.98
721,1377774062,20.97
721,1377774067,20.96
721,1377774072,20.97
721,1377774077,20.96
721,1377774082,20.96
721,1377774087,20.97
721,1377774092,20.96
721,1377774097,20.96
721,1377774102,20.96
721,1377774107,20.96
721,1377774112,20.97
721,1377774117,20.96
721,1377774122,20.97
721,1377774127,20.96
721,1377774132,20.98
721,1377774137,20.97
721,1377774142,20.97
721,1377774147,20.96
721,1377774152,20.97
721,1377774157,20.96
721,1377774162,20.97
721,1377774167,20.97
721,1377774172,20.96
721,1377774177,20.98
721,1377774183,20.97
721,1377774187,20.98
721,1377774192,20.96
721,1377774197,20.97
721,1377774202,20.96
721,1377774207,20.98
721,1377774212,20.97
721,1377774217,20.97
721,1377774222,20.97
721,1377774227,20.98
721,1377774232,20.97
721,1377774237,20.97
721,1377774242,20.97
721,1377774247,20.97
721,1377774252,20.96
721,1377774257,20.96
721,1377774262,20.97
721,1377774267,20.97
721,1377774272,20.97
721,1377774277,20.96
721,1377774282,20.97
721,1377774287,20.96
721,1377774292,20.96
721,1377774297,20.98
721,1377774302,20.96
721,1377774307,20.98
721,1377774312,20.97
721,1377774317,20.96
721,1377774322,20.98
721,1377774327,20.98
721,1377774332,20.96
721,1377774337,20.97
721,1377774342,20.96
721,1377774347,20.97
721,1377774352,20.97
721,1377774357,20.97
721,1377774362,20.96
721,1377774367,20.97
721,1377774372,20.97
721,1377774377,20.97
721,1377774382,20.97
721,1377774387,20.97
721,1377774392,20.98
721,1377774397,20.97
721,1377774402,20.97
721,1377774407,20.96
721,1377774412,20.97
721,1377774417,20.96
721,1377774422,20.97
721,1377774427,20.96
721,1377774432,20.96
721,1377774437,20.96
721,1377774442,20.96
721,1377774447,20.95
721,1377774452,20.97
721,1377774457,20.96
721,1377774462,20.96
721,1377774467,20.96
721,1377774472,20.96
721,1377774477,20.96
721,1377774482,20.95
721,1377774487,20.96
721,1377774492,20.96
721,1377774497,20.96
721,1377774502,20.96
721,1377774507,20.95
721,1377774512,20.96
721,1377774517,20.96
721,1377774522,20.96
721,1377774527,20.95
721,1377774532,20.96
721,1377774537,20.95
721,1377774542,20.98
721,1377774547,20.95
721,1377774552,20.95
721,1377774557,20.94
721,1377774562,20.95
721,1377774567,20.95
721,1377774572,20.94
721,1377774577,20.96
721,1377774582,20.95
721,1377774587,20.95
721,1377774592,20.94
721,1377774597,20.95
721,1377774602,20.96
721,1377774607,20.95
721,1377774612,20.96
721,1377774617,20.94
721,1377774622,20.95
721,1377774627,20.96
721,1377774632,20.94
721,1377774637,20.95
721,1377774642,20.94
721,1377774647,20.94
721,1377774652,20.95
721,1377774657,20.95
721,1377774662,20.94
721,1377774667,20.96
721,1377774672,20.94
721,1377774677,20.94
721,1377774682,20.95
721,1377774687,20.94
721,1377774692,20.95
721,1377774697,20.94
721,1377774702,20.95
721,1377774707,20.94
721,1377774712,20.95
721,1377774717,20.94
721,1377774722,20.95
721,1377774727,20.95
721,1377774732,20.94
721,1377774737,20.95
721,1377774742,20.94
721,1377774747,20.94
721,1377774752,20.95
721,1377774757,20.94
721,1377774762,20.94
721,1377774767,20.94
721,1377774772,20.94
721,1377774777,20.95
721,1377774782,20.94
721,1377774787,20.94
721,1377774792,20.94
721,1377774797,20.95
721,1377774802,20.95
721,1377774807,20.94
721,1377774812,20.94
721,1377774817,20.95
721,1377774822,20.94
721,1377774827,20.94
721,1377774832,20.92
721,1377774837,20.94
721,1377774842,20.94
721,1377774847,20.94
721,1377774852,20.94
721,1377774857,20.94
721,1377774862,20.94
721,1377774867,20.92
721,1377774872,20.94
721,1377774877,20.93
721,1377774882,20.93
721,1377774887,20.93
721,1377774892,20.93
721,1377774897,20.92
721,1377774902,20.94
721,1377774907,20.94
721,1377774912,20.93
721,1377774917,20.92
721,1377774922,20.93
721,1377774927,20.94
721,1377774932,20.92
721,1377774937,20.93
721,1377774942,20.93
721,1377774947,20.92
721,1377774952,20.94
721,1377774957,20.93
721,1377774962,20.92
721,1377774967,20.93
721,1377774972,20.92
721,1377774977,20.93
721,1377774982,20.92
721,1377774987,20.93
721,1377774992,20.93
721,1377774997,20.93
721,1377775002,20.92
721,1377775007,20.93
721,1377775012,20.93
721,1377775017,20.92
721,1377775022,20.93
721,1377775027,20.92
721,1377775032,20.93
721,1377775037,20.93
721,1377775042,20.93
721,1377775047,20.94
721,1377775052,20.93
721,1377775057,20.92
721,1377775062,20.93
721,1377775067,20.93
721,1377775072,20.93
721,1377775077,20.94
721,1377775082,20.94
721,1377775087,20.93
721,1377775092,20.94
721,1377775097,20.94
721,1377775102,20.94
721,1377775107,20.93
721,1377775112,20.93
721,1377775117,20.93
721,1377775122,20.94
721,1377775127,20.94
721,1377775132,20.93
721,1377775137,20.93
721,1377775142,20.93
721,1377775147,20.92
721,1377775152,20.93
721,1377775157,20.92
721,1377775162,20.94
721,1377775167,20.92
721,1377775172,20.93
721,1377775177,20.92
721,1377775182,20.93
721,1377775187,20.93
721,1377775192,20.94
721,1377775197,20.92
721,1377775202,20.92
721,1377775207,20.94
721,1377775212,20.93
721,1377775217,20.93
721,1377775222,20.93
721,1377775227,20.92
721,1377775232,20.92
721,1377775237,20.92
721,1377775242,20.93
721,1377775247,20.92
721,1377775252,20.92
721,1377775257,20.92
721,1377775262,20.92
721,1377775267,20.91
721,1377775272,20.91
721,1377775277,20.92
721,1377775282,20.93
721,1377775287,20.92
721,1377775292,20.92
721,1377775297,20.93
721,1377775302,20.92
721,1377775307,20.92
721,1377775312,20.92
721,1377775317,20.92
721,1377775322,20.92
721,1377775327,20.92
721,1377775332,20.93
721,1377775337,20.92
721,1377775342,20.92
721,1377775347,20.92
721,1377775352,20.91
721,1377775357,20.91
721,1377775362,20.92
721,1377775367,20.91
721,1377775372,20.92
721,1377775377,20.9
721,1377775382,20.92
721,1377775387,20.91
721,1377775392,20.9
721,1377775397,20.9
721,1377775402,20.92
721,1377775407,20.92
721,1377775412,20.92
721,1377775417,20.91
721,1377775422,20.92
721,1377775427,20.92
721,1377775432,20.92
721,1377775437,20.91
721,1377775442,20.92
721,1377775447,20.91
721,1377775452,20.9
721,1377775457,20.9
721,1377775462,20.92
721,1377775467,20.91
721,1377775472,20.91
721,1377775477,20.92
721,1377775482,20.9
721,1377775487,20.92
721,1377775492,20.91
721,1377775497,20.91
721,1377775502,20.91
721,1377775507,20.91
721,1377775512,20.92
721,1377775517,20.92
721,1377775522,20.91
721,1377775527,20.91
721,1377775532,20.91
721,1377775537,20.92
721,1377775542,20.92
721,1377775547,20.92
721,1377775552,20.9
721,1377775557,20.91
721,1377775562,20.92
721,1377775567,20.91
721,1377775572,20.9
721,1377775577,20.9
721,1377775582,20.91
721,1377775587,20.91
721,1377775592,20.9
721,1377775597,20.92
721,1377775602,20.9
721,1377775607,20.91
721,1377775612,20.92
721,1377775617,20.9
721,1377775622,20.92
721,1377775627,20.9
721,1377775632,20.9
721,1377775637,20.92
721,1377775642,20.92
721,1377775647,20.91
721,1377775652,20.91
721,1377775657,20.92
721,1377775662,20.92
721,1377775667,20.91
721,1377775672,20.91
721,1377775677,20.9
721,1377775682,20.91
721,1377775687,20.91
721,1377775692,20.91
721,1377775697,20.92
721,1377775702,20.92
721,1377775707,20.9
721,1377775712,20.91
721,1377775717,20.9
721,1377775722,20.91
721,1377775727,20.91
721,1377775732,20.91
721,1377775737,20.91
721,1377775742,20.9
721,1377775747,20.92
721,1377775752,20.91
721,1377775757,20.9
721,1377775762,20.89
721,1377775767,20.9
721,1377775772,20.9
721,1377775777,20.9
721,1377775782,20.91
721,1377775787,20.91
721,1377775792,20.9
721,1377775797,20.91
721,1377775802,20.9
721,1377775807,20.9
721,1377775812,20.9
721,1377775817,20.91
721,1377775822,20.91
721,1377775827,20.9
721,1377775832,20.9
721,1377775837,20.91
721,1377775842,20.91
721,1377775847,20.91
721,1377775852,20.91
721,1377775857,20.9
721,1377775862,20.91
721,1377775867,20.91
721,1377775872,20.91
721,1377775877,20.9
721,1377775882,20.91
721,1377775887,20.89
721,1377775892,20.91
721,1377775897,20.91
721,1377775902,20.91
721,1377775907,20.91
721,1377775912,20.9
721,1377775917,20.91
721,1377775922,20.9
721,1377775927,20.9
721,1377775932,20.91
721,1377775937,20.92
721,1377775942,20.92
721,1377775947,20.92
721,1377775952,20.9
721,1377775957,20.91
721,1377775962,20.92
721,1377775967,20.92
721,1377775972,20.91
721,1377775977,20.91
721,1377775982,20.9
721,1377775987,20.9
721,1377775992,20.91
721,1377775997,20.91
721,1377776002,20.9
721,1377776007,20.91
721,1377776012,20.91
721,1377776017,20.9
721,1377776022,20.91
721,1377776027,20.9
721,1377776032,20.9
721,1377776037,20.91
721,1377776042,20.9
721,1377776047,20.9
721,1377776052,20.9
721,1377776057,20.9
721,1377776062,20.91
721,1377776067,20.91
721,1377776072,20.9
721,1377776077,20.9
721,1377776082,20.92
721,1377776087,20.9
721,1377776092,20.9
721,1377776097,20.9
721,1377776102,20.91
721,1377776107,20.9
721,1377776112,20.9
721,1377776117,20.9
721,1377776122,20.91
721,1377776127,20.9
721,1377776132,20.91
721,1377776137,20.9
721,1377776142,20.9
721,1377776147,20.89
721,1377776152,20.9
721,1377776157,20.9
721,1377776162,20.88
721,1377776167,20.9
721,1377776172,20.89
721,1377776177,20.9
721,1377776182,20.89
721,1377776187,20.9
721,1377776192,20.91
721,1377776197,20.9
721,1377776202,20.9
721,1377776207,20.89
721,1377776212,20.9
721,1377776217,20.9
721,1377776222,20.89
721,1377776227,20.9
721,1377776232,20.89
721,1377776237,20.9
721,1377776242,20.9
721,1377776247,20.9
721,1377776252,20.9
721,1377776257,20.9
721,1377776262,20.9
721,1377776267,20.9
721,1377776272,20.91
721,1377776277,20.9
721,1377776282,20.89
721,1377776287,20.91
721,1377776292,20.91
721,1377776297,20.9
721,1377776302,20.91
721,1377776307,20.9
721,1377776312,20.9
721,1377776317,20.9
721,1377776322,20.91
721,1377776327,20.9
721,1377776332,20.9
721,1377776337,20.9
721,1377776342,20.9
721,1377776347,20.9
721,1377776352,20.89
721,1377776357,20.9
721,1377776362,20.89
721,1377776367,20.9
721,1377776372,20.9
721,1377776377,20.9
721,1377776382,20.9
721,1377776387,20.9
721,1377776392,20.9
721,1377776397,20.9
721,1377776402,20.9
721,1377776407,20.9
721,1377776412,20.9
721,1377776417,20.9
721,1377776422,20.89
721,1377776427,20.89
721,1377776432,20.9
721,1377776437,20.9
721,1377776442,20.9
721,1377776447,20.9
721,1377776452,20.9
721,1377776457,20.9
721,1377776462,20.92
721,1377776467,20.9
721,1377776472,20.9
721,1377776477,20.9
721,1377776482,20.9
721,1377776487,20.9
721,1377776493,20.89
721,1377776497,20.9
721,1377776502,20.89
721,1377776507,20.9
721,1377776512,20.9
721,1377776517,20.9
721,1377776522,20.9
721,1377776527,20.9
721,1377776532,20.91
721,1377776537,20.9
721,1377776542,20.9
721,1377776547,20.9
721,1377776552,20.9
721,1377776557,20.89
721,1377776562,20.89
721,1377776567,20.9
721,1377776572,20.9
721,1377776577,20.89
721,1377776582,20.89
721,1377776587,20.89
721,1377776592,20.89
721,1377776597,20.89
721,1377776602,20.89
721,1377776607,20.89
721,1377776612,20.88
721,1377776617,20.9
721,1377776622,20.89
721,1377776627,20.89
721,1377776632,20.89
721,1377776637,20.89
721,1377776642,20.9
721,1377776647,20.88
721,1377776652,20.89
721,1377776657,20.9
721,1377776662,20.9
721,1377776667,20.89
721,1377776672,20.9
721,1377776677,20.9
721,1377776682,20.89
721,1377776687,20.9
721,1377776692,20.9
721,1377776697,20.89
721,1377776702,20.89
721,1377776707,20.89
721,1377776712,20.89
721,1377776717,20.89
721,1377776722,20.89
721,1377776727,20.89
721,1377776732,20.89
721,1377776737,20.88
721,1377776742,20.88
721,1377776747,20.88
721,1377776752,20.89
721,1377776757,20.88
721,1377776762,20.89
721,1377776767,20.89
721,1377776772,20.88
721,1377776777,20.88
721,1377776782,20.88
721,1377776787,20.88
721,1377776792,20.89
721,1377776797,20.89
721,1377776802,20.89
721,1377776807,20.87
721,1377776812,20.89
721,1377776817,20.88
721,1377776822,20.88
721,1377776827,20.88
721,1377776832,20.87
721,1377776837,20.88
721,1377776842,20.88
721,1377776847,20.88
721,1377776852,20.88
721,1377776857,20.88
721,1377776862,20.88
721,1377776867,20.88
721,1377776872,20.88
721,1377776877,20.88
721,1377776882,20.88
721,1377776887,20.88
721,1377776892,20.88
721,1377776897,20.88
721,1377776902,20.88
721,1377776907,20.88
721,1377776912,20.88
721,1377776917,20.88
721,1377776922,20.88
721,1377776927,20.88
721,1377776932,20.88
721,1377776937,20.88
721,1377776942,20.88
721,1377776947,20.87
721,1377776952,20.88
721,1377776957,20.88
721,1377776962,20.87
721,1377776967,20.88
721,1377776972,20.87
721,1377776977,20.88
721,1377776982,20.87
721,1377776987,20.86
721,1377776992,20.87
721,1377776997,20.87
721,1377777002,20.87
721,1377777007,20.87
721,1377777012,20.87
721,1377777017,20.86
721,1377777022,20.88
721,1377777027,20.87
721,1377777032,20.87
721,1377777037,20.88
721,1377777042,20.87
721,1377777047,20.87
721,1377777052,20.87
721,1377777057,20.87
721,1377777062,20.87
721,1377777067,20.87
721,1377777072,20.86
721,1377777077,20.88
721,1377777082,20.87
721,1377777087,20.88
721,1377777092,20.88
721,1377777097,20.88
721,1377777102,20.88
721,1377777107,20.86
721,1377777112,20.86
721,1377777117,20.88
721,1377777122,20.87
721,1377777127,20.87
721,1377777132,20.86
721,1377777137,20.86
721,1377777142,20.87
721,1377777147,20.88
721,1377777152,20.87
721,1377777157,20.87
721,1377777162,20.88
721,1377777167,20.87
721,1377777172,20.87
721,1377777177,20.86
721,1377777182,20.87
721,1377777187,20.86
721,1377777192,20.88
721,1377777197,20.87
721,1377777202,20.87
721,1377777207,20.88
721,1377777212,20.86
721,1377777217,20.88
721,1377777222,20.87
721,1377777227,20.86
721,1377777232,20.87
721,1377777237,20.87
721,1377777242,20.87
721,1377777247,20.87
721,1377777252,20.87
721,1377777257,20.87
721,1377777262,20.87
721,1377777267,20.86
721,1377777272,20.87
721,1377777277,20.86
721,1377777282,20.88
721,1377777287,20.86
721,1377777292,20.86
721,1377777297,20.87
721,1377777302,20.87
721,1377777307,20.87
721,1377777312,20.86
721,1377777317,20.87
721,1377777322,20.87
721,1377777327,20.86
721,1377777332,20.87
721,1377777337,20.87
721,1377777342,20.86
721,1377777347,20.87
721,1377777352,20.86
721,1377777357,20.86
721,1377777362,20.86
721,1377777367,20.86
721,1377777372,20.86
721,1377777377,20.86
721,1377777382,20.86
721,1377777387,20.85
721,1377777392,20.87
721,1377777397,20.86
721,1377777402,20.86
721,1377777407,20.86
721,1377777412,20.86
721,1377777417,20.86
721,1377777422,20.86
721,1377777427,20.88
721,1377777432,20.86
721,1377777437,20.87
721,1377777442,20.86
721,1377777447,20.86
721,1377777452,20.87
721,1377777457,20.86
721,1377777462,20.86
721,1377777467,20.86
721,1377777472,20.86
721,1377777477,20.86
721,1377777482,20.86
721,1377777487,20.86
721,1377777492,20.86
721,1377777499,20.86
721,1377777502,20.86
721,1377777507,20.86
721,1377777512,20.87
721,1377777517,20.86
721,1377777522,20.86
721,1377777527,20.86
721,1377777532,20.86
721,1377777537,20.87
721,1377777542,20.86
721,1377777547,20.86
721,1377777552,20.86
721,1377777557,20.86
721,1377777562,20.86
721,1377777567,20.86
721,1377777572,20.85
721,1377777577,20.86
721,1377777582,20.85
721,1377777587,20.86
721,1377777592,20.86
721,1377777597,20.86
721,1377777602,20.85
721,1377777607,20.86
721,1377777612,20.86
721,1377777617,20.85
721,1377777622,20.86
721,1377777627,20.85
721,1377777632,20.86
721,1377777637,20.85
721,1377777642,20.86
721,1377777647,20.86
721,1377777652,20.86
721,1377777657,20.86
721,1377777662,20.86
721,1377777667,20.85
721,1377777672,20.85
721,1377777677,20.85
721,1377777682,20.85
721,1377777687,20.85
721,1377777692,20.86
721,1377777697,20.85
721,1377777702,20.86
721,1377777707,20.85
721,1377777712,20.86
721,1377777717,20.84
721,1377777722,20.85
721,1377777727,20.86
721,1377777732,20.84
721,1377777737,20.84
721,1377777742,20.84
721,1377777747,20.86
721,1377777752,20.85
721,1377777757,20.84
721,1377777762,20.86
721,1377777767,20.84
721,1377777772,20.84
721,1377777777,20.84
721,1377777782,20.85
721,1377777787,20.84
721,1377777792,20.85
721,1377777797,20.85
721,1377777802,20.84
721,1377777807,20.84
721,1377777812,20.84
721,1377777817,20.85
721,1377777822,20.85
721,1377777827,20.85
721,1377777832,20.84
721,1377777837,20.85
721,1377777842,20.84
721,1377777847,20.85
721,1377777852,20.84
721,1377777857,20.85
721,1377777862,20.84
721,1377777867,20.84
721,1377777872,20.85
721,1377777877,20.84
721,1377777882,20.86
721,1377777887,20.84
721,1377777892,20.85
721,1377777897,20.85
721,1377777902,20.85
721,1377777907,20.84
721,1377777912,20.85
721,1377777917,20.84
721,1377777922,20.85
721,1377777927,20.84
721,1377777932,20.85
721,1377777937,20.84
721,1377777942,20.84
721,1377777947,20.85
721,1377777952,20.84
721,1377777957,20.84
721,1377777962,20.86
721,1377777967,20.84
721,1377777972,20.85
721,1377777977,20.83
721,1377777982,20.85
721,1377777987,20.83
721,1377777992,20.84
721,1377777997,20.83
721,1377778002,20.84
721,1377778007,20.85
721,1377778012,20.83
721,1377778017,20.84
721,1377778022,20.84
721,1377778027,20.85
721,1377778032,20.85
721,1377778037,20.84
721,1377778042,20.84
721,1377778047,20.84
721,1377778052,20.84
721,1377778057,20.85
721,1377778062,20.85
721,1377778067,20.84
721,1377778072,20.84
721,1377778077,20.84
721,1377778082,20.84
721,1377778087,20.85
721,1377778092,20.84
721,1377778097,20.84
721,1377778102,20.84
721,1377778107,20.83
721,1377778112,20.83
721,1377778117,20.85
721,1377778122,20.84
721,1377778127,20.84
721,1377778132,20.84
721,1377778137,20.84
721,1377778142,20.84
721,1377778147,20.84
721,1377778152,20.84
721,1377778157,20.85
721,1377778162,20.84
721,1377778167,20.84
721,1377778172,20.84
721,1377778177,20.83
721,1377778182,20.84
721,1377778187,20.85
721,1377778192,20.84
721,1377778197,20.83
721,1377778202,20.84
721,1377778207,20.84
721,1377778212,20.85
721,1377778217,20.84
721,1377778222,20.84
721,1377778227,20.84
721,1377778232,20.84
721,1377778237,20.84
721,1377778242,20.85
721,1377778247,20.84
721,1377778252,20.84
721,1377778257,20.85
721,1377778262,20.84
721,1377778267,20.83
721,1377778272,20.84
721,1377778277,20.83
721,1377778282,20.82
721,1377778287,20.84
721,1377778292,20.84
721,1377778297,20.83
721,1377778302,20.84
721,1377778307,20.84
721,1377778312,20.83
721,1377778317,20.84
721,1377778322,20.83
721,1377778327,20.84
721,1377778332,20.84
721,1377778337,20.82
721,1377778342,20.83
721,1377778347,20.83
721,1377778352,20.82
721,1377778357,20.82
721,1377778362,20.83
721,1377778367,20.83
721,1377778372,20.83
721,1377778377,20.83
721,1377778382,20.82
721,1377778387,20.82
721,1377778392,20.83
721,1377778397,20.82
721,1377778402,20.82
721,1377778407,20.83
721,1377778412,20.83
721,1377778417,20.82
721,1377778422,20.83
721,1377778427,20.83
721,1377778432,20.83
721,1377778437,20.82
721,1377778442,20.82
721,1377778447,20.82
721,1377778452,20.83
721,1377778457,20.83
721,1377778462,20.82
721,1377778467,20.83
721,1377778472,20.81
721,1377778477,20.83
721,1377778482,20.83
721,1377778487,20.84
721,1377778492,20.83
721,1377778497,20.83
721,1377778502,20.84
721,1377778507,20.82
721,1377778512,20.83
721,1377778517,20.85
721,1377778522,20.82
721,1377778527,20.83
721,1377778532,20.84
721,1377778537,20.84
721,1377778542,20.83
721,1377778547,20.83
721,1377778552,20.84
721,1377778557,20.84
721,1377778562,20.84
721,1377778567,20.84
721,1377778572,20.84
721,1377778577,20.84
721,1377778582,20.82
721,1377778587,20.82
721,1377778592,20.84
721,1377778597,20.83
721,1377778602,20.84
721,1377778607,20.83
721,1377778612,20.83
721,1377778617,20.84
721,1377778622,20.84
721,1377778627,20.84
721,1377778632,20.84
721,1377778637,20.83
721,1377778642,20.83
721,1377778647,20.85
721,1377778652,20.83
721,1377778657,20.83
721,1377778662,20.83
721,1377778667,20.84
721,1377778672,20.84
721,1377778677,20.84
721,1377778682,20.83
721,1377778687,20.84
721,1377778692,20.84
721,1377778697,20.84
721,1377778702,20.84
721,1377778707,20.83
721,1377778712,20.84
721,1377778717,20.84
721,1377778722,20.84
721,1377778727,20.84
721,1377778732,20.84
721,1377778737,20.82
721,1377778742,20.84
721,1377778747,20.84
721,1377778752,20.82
721,1377778757,20.83
721,1377778762,20.84
721,1377778767,20.83
721,1377778772,20.84
721,1377778777,20.83
721,1377778782,20.84
721,1377778787,20.85
721,1377778792,20.84
721,1377778797,20.82
721,1377778802,20.83
721,1377778807,20.84
721,1377778812,20.83
721,1377778817,20.84
721,1377778822,20.84
721,1377778827,20.84
721,1377778832,20.83
721,1377778837,20.83
721,1377778842,20.82
721,1377778847,20.83
721,1377778852,20.83
721,1377778857,20.84
721,1377778862,20.83
721,1377778867,20.83
721,1377778872,20.84
721,1377778877,20.84
721,1377778882,20.84
721,1377778887,20.84
721,1377778892,20.83
721,1377778897,20.84
721,1377778902,20.84
721,1377778907,20.83
721,1377778912,20.82
721,1377778917,20.83
721,1377778922,20.83
721,1377778927,20.82
721,1377778932,20.83
721,1377778937,20.82
721,1377778942,20.83
721,1377778947,20.82
721,1377778952,20.82
721,1377778957,20.82
721,1377778962,20.83
721,1377778967,20.83
721,1377778972,20.83
721,1377778977,20.83
721,1377778982,20.83
721,1377778987,20.83
721,1377778992,20.82
721,1377778997,20.83
721,1377779002,20.83
721,1377779007,20.82
721,1377779012,20.83
721,1377779017,20.82
721,1377779022,20.84
721,1377779027,20.84
721,1377779032,20.84
721,1377779037,20.83
721,1377779042,20.84
721,1377779047,20.84
721,1377779052,20.84
721,1377779057,20.83
721,1377779062,20.83
721,1377779067,20.84
721,1377779072,20.83
721,1377779077,20.83
721,1377779082,20.83
721,1377779087,20.83
721,1377779092,20.83
721,1377779097,20.83
721,1377779102,20.83
721,1377779107,20.82
721,1377779112,20.83
721,1377779117,20.82
721,1377779122,20.83
721,1377779127,20.82
721,1377779132,20.84
721,1377779137,20.84
721,1377779142,20.84
721,1377779147,20.83
721,1377779152,20.83
721,1377779157,20.83
721,1377779162,20.82
721,1377779167,20.83
721,1377779172,20.83
721,1377779177,20.84
721,1377779182,20.82
721,1377779187,20.83
721,1377779192,20.82
721,1377779197,20.82
721,1377779202,20.83
721,1377779207,20.84
721,1377779212,20.83
721,1377779217,20.84
721,1377779222,20.83
721,1377779227,20.83
721,1377779232,20.83
721,1377779237,20.85
721,1377779242,20.83
721,1377779247,20.83
721,1377779252,20.84
721,1377779257,20.83
721,1377779262,20.84
721,1377779267,20.83
721,1377779272,20.84
721,1377779277,20.82
721,1377779282,20.84
721,1377779287,20.82
721,1377779292,20.82
721,1377779297,20.84
721,1377779302,20.83
721,1377779307,20.82
721,1377779312,20.83
721,1377779317,20.84
721,1377779322,20.84
721,1377779327,20.84
721,1377779332,20.84
721,1377779337,20.84
721,1377779342,20.83
721,1377779347,20.84
721,1377779352,20.84
721,1377779357,20.84
721,1377779362,20.84
721,1377779367,20.84
721,1377779372,20.84
721,1377779377,20.83
721,1377779382,20.83
721,1377779387,20.82
721,1377779392,20.83
721,1377779397,20.84
721,1377779402,20.82
721,1377779407,20.82
721,1377779412,20.83
721,1377779417,20.83
721,1377779422,20.82
721,1377779427,20.83
721,1377779432,20.84
721,1377779437,20.84
721,1377779442,20.84
721,1377779447,20.83
721,1377779452,20.83
721,1377779457,20.82
721,1377779462,20.84
721,1377779467,20.83
721,1377779472,20.84
721,1377779477,20.83
721,1377779482,20.82
721,1377779487,20.83
721,1377779492,20.82
721,1377779497,20.83
721,1377779502,20.84
721,1377779507,20.84
721,1377779512,20.83
721,1377779517,20.84
721,1377779522,20.84
721,1377779527,20.84
721,1377779532,20.83
721,1377779537,20.83
721,1377779542,20.83
721,1377779547,20.83
721,1377779552,20.83
721,1377779557,20.83
721,1377779562,20.83
721,1377779567,20.84
721,1377779572,20.83
721,1377779577,20.84
721,1377779582,20.84
721,1377779587,20.83
721,1377779592,20.82
721,1377779597,20.84
721,1377779602,20.84
721,1377779607,20.83
721,1377779612,20.82
721,1377779617,20.82
721,1377779622,20.82
721,1377779627,20.82
721,1377779632,20.84
721,1377779637,20.84
721,1377779642,20.84
721,1377779647,20.83
721,1377779652,20.84
721,1377779657,20.83
721,1377779662,20.84
721,1377779667,20.84
721,1377779672,20.82
721,1377779677,20.82
721,1377779682,20.82
721,1377779687,20.82
721,1377779692,20.82
721,1377779697,20.82
721,1377779702,20.82
721,1377779707,20.84
721,1377779712,20.81
721,1377779717,20.84
721,1377779722,20.83
721,1377779727,20.83
721,1377779732,20.83
721,1377779737,20.83
721,1377779742,20.84
721,1377779747,20.84
721,1377779753,20.84
721,1377779757,20.83
721,1377779762,20.83
721,1377779767,20.83
721,1377779772,20.82
721,1377779777,20.82
721,1377779782,20.82
721,1377779787,20.83
721,1377779792,20.82
721,1377779797,20.82
721,1377779802,20.83
721,1377779807,20.83
721,1377779812,20.82
721,1377779817,20.83
721,1377779822,20.82
721,1377779827,20.82
721,1377779832,20.82
721,1377779837,20.82
721,1377779842,20.83
721,1377779847,20.82
721,1377779852,20.82
721,1377779857,20.82
721,1377779862,20.82
721,1377779867,20.83
721,1377779872,20.83
721,1377779877,20.82
721,1377779882,20.83
721,1377779887,20.83
721,1377779892,20.83
721,1377779897,20.83
721,1377779902,20.82
721,1377779907,20.82
721,1377779912,20.82
721,1377779917,20.81
721,1377779922,20.83
721,1377779927,20.82
721,1377779932,20.84
721,1377779937,20.82
721,1377779942,20.82
721,1377779947,20.83
721,1377779952,20.82
721,1377779957,20.83
721,1377779967,20.82
721,1377779972,20.82
721,1377779977,20.83
721,1377779982,20.83
721,1377779987,20.83
721,1377779992,20.83
721,1377779997,20.82
721,1377780002,20.82
721,1377780007,20.82
721,1377780012,20.82
721,1377780017,20.83
721,1377780022,20.82
721,1377780027,20.82
721,1377780032,20.82
721,1377780037,20.82
721,1377780042,20.83
721,1377780047,20.82
721,1377780052,20.82
721,1377780057,20.82
721,1377780062,20.81
721,1377780067,20.82
721,1377780072,20.82
721,1377780077,20.82
721,1377780082,20.83
721,1377780087,20.82
721,1377780092,20.83
721,1377780097,20.83
721,1377780102,20.83
721,1377780107,20.82
721,1377780112,20.82
721,1377780117,20.82
721,1377780122,20.83
721,1377780127,20.82
721,1377780132,20.84
721,1377780137,20.83
721,1377780142,20.82
721,1377780147,20.84
721,1377780152,20.82
721,1377780157,20.83
721,1377780162,20.84
721,1377780167,20.82
721,1377780172,20.83
721,1377780177,20.83
721,1377780182,20.82
721,1377780187,20.82
721,1377780192,20.82
721,1377780197,20.82
721,1377780202,20.84
721,1377780207,20.82
721,1377780212,20.83
721,1377780217,20.82
721,1377780222,20.82
721,1377780227,20.82
721,1377780232,20.82
721,1377780237,20.82
721,1377780242,20.82
721,1377780247,20.82
721,1377780252,20.81
721,1377780257,20.82
721,1377780262,20.83
721,1377780267,20.83
721,1377780272,20.82
721,1377780277,20.82
721,1377780282,20.83
721,1377780287,20.83
721,1377780292,20.82
721,1377780297,20.82
721,1377780302,20.82
721,1377780307,20.82
721,1377780312,20.82
721,1377780317,20.82
721,1377780322,20.82
721,1377780327,20.82
721,1377780332,20.82
721,1377780337,20.81
721,1377780342,20.82
721,1377780347,20.82
721,1377780352,20.82
721,1377780357,20.82
721,1377780362,20.83
721,1377780367,20.82
721,1377780372,20.82
721,1377780377,20.82
721,1377780382,20.82
721,1377780387,20.82
721,1377780392,20.81
721,1377780397,20.81
721,1377780402,20.81
721,1377780407,20.8
721,1377780412,20.81
721,1377780417,20.82
721,1377780422,20.8
721,1377780427,20.8
721,1377780432,20.81
721,1377780437,20.8
721,1377780442,20.82
721,1377780447,20.82
721,1377780452,20.8
721,1377780457,20.82
721,1377780462,20.81
721,1377780467,20.81
721,1377780472,20.81
721,1377780477,20.81
721,1377780482,20.8
721,1377780487,20.8
721,1377780492,20.81
721,1377780497,20.8
721,1377780502,20.8
721,1377780508,20.82
721,1377780512,20.8
721,1377780517,20.81
721,1377780522,20.8
721,1377780527,20.8
721,1377780532,20.8
721,1377780537,20.8
721,1377780542,20.79
721,1377780547,20.8
721,1377780552,20.8
721,1377780557,20.8
721,1377780562,20.8
721,1377780567,20.8
721,1377780572,20.8
721,1377780577,20.79
721,1377780582,20.8
721,1377780587,20.8
721,1377780592,20.8
721,1377780597,20.8
721,1377780602,20.8
721,1377780607,20.8
721,1377780612,20.8
721,1377780617,20.8
721,1377780622,20.8
721,1377780627,20.8
721,1377780632,20.8
721,1377780637,20.8
721,1377780642,20.8
721,1377780647,20.8
721,1377780652,20.8
721,1377780657,20.8
721,1377780662,20.8
721,1377780667,20.81
721,1377780672,20.8
721,1377780677,20.8
721,1377780682,20.8
721,1377780687,20.8
721,1377780692,20.8
721,1377780697,20.81
721,1377780702,20.8
721,1377780707,20.81
721,1377780712,20.8
721,1377780717,20.81
721,1377780722,20.8
721,1377780727,20.79
721,1377780732,20.8
721,1377780737,20.8
721,1377780742,20.8
721,1377780747,20.8
721,1377780752,20.8
721,1377780757,20.81
721,1377780762,20.8
721,1377780767,20.8
721,1377780772,20.8
721,1377780777,20.8
721,1377780782,20.8
721,1377780787,20.81
721,1377780792,20.8
721,1377780797,20.8
721,1377780802,20.8
721,1377780807,20.81
721,1377780812,20.81
721,1377780817,20.8
721,1377780822,20.8
721,1377780827,20.8
721,1377780832,20.8
721,1377780837,20.79
721,1377780842,20.8
721,1377780847,20.8
721,1377780852,20.8
721,1377780857,20.79
721,1377780862,20.81
721,1377780867,20.79
721,1377780872,20.8
721,1377780877,20.8
721,1377780882,20.81
721,1377780887,20.8
721,1377780892,20.79
721,1377780897,20.79
721,1377780902,20.8
721,1377780907,20.81
721,1377780912,20.8
721,1377780917,20.8
721,1377780922,20.8
721,1377780927,20.8
721,1377780932,20.79
721,1377780937,20.79
721,1377780942,20.8
721,1377780947,20.8
721,1377780952,20.8
721,1377780957,20.8
721,1377780962,20.8
721,1377780967,20.79
721,1377780972,20.8
721,1377780977,20.8
721,1377780982,20.8
721,1377780987,20.79
721,1377780992,20.79
721,1377780997,20.8
721,1377781002,20.79
721,1377781007,20.81
721,1377781012,20.8
721,1377781017,20.79
721,1377781022,20.8
721,1377781027,20.79
721,1377781032,20.81
721,1377781037,20.81
721,1377781042,20.79
721,1377781047,20.79
721,1377781052,20.8
721,1377781057,20.8
721,1377781062,20.8
721,1377781067,20.79
721,1377781072,20.8
721,1377781077,20.79
721,1377781082,20.78
721,1377781087,20.79
721,1377781092,20.8
721,1377781097,20.8
721,1377781102,20.79
721,1377781107,20.8
721,1377781112,20.8
721,1377781117,20.78
721,1377781122,20.8
721,1377781127,20.79
721,1377781132,20.8
721,1377781137,20.8
721,1377781142,20.8
721,1377781147,20.78
721,1377781152,20.79
721,1377781157,20.79
721,1377781162,20.79
721,1377781167,20.79
721,1377781172,20.8
721,1377781177,20.8
721,1377781182,20.8
721,1377781187,20.8
721,1377781192,20.79
721,1377781197,20.79
721,1377781202,20.8
721,1377781207,20.8
721,1377781212,20.79
721,1377781217,20.79
721,1377781222,20.78
721,1377781227,20.8
721,1377781232,20.79
721,1377781237,20.79
721,1377781242,20.78
721,1377781247,20.79
721,1377781252,20.79
721,1377781257,20.8
721,1377781262,20.79
721,1377781267,20.8
721,1377781272,20.8
721,1377781277,20.8
721,1377781282,20.81
721,1377781287,20.8
721,1377781292,20.8
721,1377781297,20.8
721,1377781302,20.8
721,1377781307,20.8
721,1377781312,20.8
721,1377781317,20.8
721,1377781322,20.8
721,1377781327,20.8
721,1377781332,20.79
721,1377781337,20.79
721,1377781342,20.79
721,1377781347,20.78
721,1377781352,20.8
721,1377781357,20.79
721,1377781362,20.78
721,1377781367,20.79
721,1377781372,20.79
721,1377781377,20.78
721,1377781382,20.8
721,1377781387,20.79
721,1377781392,20.79
721,1377781397,20.78
721,1377781402,20.79
721,1377781407,20.79
721,1377781412,20.78
721,1377781417,20.8
721,1377781422,20.79
721,1377781427,20.8
721,1377781432,20.79
721,1377781437,20.79
721,1377781442,20.78
721,1377781447,20.79
721,1377781452,20.78
721,1377781457,20.79
721,1377781462,20.8
721,1377781467,20.79
721,1377781472,20.78
721,1377781477,20.79
721,1377781482,20.79
721,1377781487,20.8
721,1377781492,20.8
721,1377781497,20.8
721,1377781502,20.79
721,1377781507,20.79
721,1377781512,20.8
721,1377781517,20.8
721,1377781522,20.8
721,1377781527,20.78
721,1377781532,20.79
721,1377781537,20.79
721,1377781542,20.79
721,1377781547,20.79
721,1377781552,20.79
721,1377781557,20.79
721,1377781562,20.8
721,1377781567,20.8
721,1377781572,20.79
721,1377781577,20.8
721,1377781582,20.8
721,1377781587,20.8
721,1377781592,20.79
721,1377781597,20.8
721,1377781602,20.8
721,1377781607,20.79
721,1377781612,20.79
721,1377781617,20.8
721,1377781622,20.8
721,1377781627,20.79
721,1377781632,20.78
721,1377781637,20.79
721,1377781642,20.79
721,1377781647,20.8
721,1377781652,20.8
721,1377781657,20.79
721,1377781662,20.78
721,1377781667,20.78
721,1377781672,20.78
721,1377781677,20.8
721,1377781682,20.8
721,1377781687,20.79
721,1377781692,20.79
721,1377781697,20.8
721,1377781702,20.8
721,1377781707,20.79
721,1377781712,20.79
721,1377781717,20.8
721,1377781722,20.79
721,1377781727,20.79
721,1377781732,20.8
721,1377781737,20.79
721,1377781742,20.8
721,1377781747,20.8
721,1377781752,20.8
721,1377781757,20.79
721,1377781762,20.8
721,1377781767,20.81
721,1377781772,20.8
721,1377781777,20.8
721,1377781782,20.8
721,1377781787,20.79
721,1377781792,20.8
721,1377781797,20.79
721,1377781802,20.8
721,1377781807,20.8
721,1377781812,20.8
721,1377781817,20.8
721,1377781822,20.8
721,1377781827,20.79
721,1377781832,20.79
721,1377781837,20.79
721,1377781842,20.8
721,1377781847,20.79
721,1377781852,20.8
721,1377781857,20.8
721,1377781862,20.79
721,1377781867,20.8
721,1377781872,20.78
721,1377781877,20.79
721,1377781882,20.79
721,1377781887,20.8
721,1377781892,20.79
721,1377781897,20.79
721,1377781902,20.8
721,1377781907,20.78
721,1377781912,20.8
721,1377781917,20.78
721,1377781922,20.79
721,1377781927,20.79
721,1377781932,20.78
721,1377781937,20.79
721,1377781942,20.79
721,1377781947,20.78
721,1377781952,20.79
721,1377781957,20.78
721,1377781962,20.79
721,1377781967,20.79
721,1377781972,20.79
721,1377781977,20.8
721,1377781982,20.79
721,1377781987,20.78
721,1377781992,20.78
721,1377781997,20.79
721,1377782002,20.78
721,1377782007,20.79
721,1377782012,20.78
721,1377782017,20.78
721,1377782022,20.78
721,1377782027,20.79
721,1377782032,20.78
721,1377782037,20.78
721,1377782042,20.79
721,1377782047,20.79
721,1377782052,20.79
721,1377782057,20.78
721,1377782062,20.79
721,1377782067,20.79
721,1377782072,20.78
721,1377782077,20.78
721,1377782082,20.78
721,1377782087,20.79
721,1377782092,20.78
721,1377782097,20.79
721,1377782102,20.79
721,1377782107,20.78
721,1377782112,20.79
721,1377782117,20.78
721,1377782122,20.78
721,1377782127,20.78
721,1377782132,20.79
721,1377782137,20.79
721,1377782142,20.78
721,1377782147,20.78
721,1377782152,20.79
721,1377782157,20.78
721,1377782162,20.78
721,1377782167,20.79
721,1377782172,20.79
721,1377782177,20.78
721,1377782182,20.78
721,1377782187,20.78
721,1377782192,20.78
721,1377782197,20.79
721,1377782202,20.78
721,1377782207,20.78
721,1377782212,20.78
721,1377782217,20.79
721,1377782222,20.78
721,1377782227,20.79
721,1377782232,20.78
721,1377782237,20.78
721,1377782242,20.78
721,1377782247,20.8
721,1377782252,20.78
721,1377782257,20.78
721,1377782262,20.78
721,1377782267,20.78
721,1377782272,20.79
721,1377782277,20.79
721,1377782282,20.8
721,1377782287,20.78
721,1377782292,20.8
721,1377782297,20.8
721,1377782302,20.8
721,1377782307,20.78
721,1377782312,20.79
721,1377782317,20.79
721,1377782322,20.8
721,1377782327,20.79
721,1377782332,20.78
721,1377782337,20.79
721,1377782342,20.8
721,1377782347,20.8
721,1377782352,20.8
721,1377782357,20.8
721,1377782362,20.8
721,1377782367,20.8
721,1377782372,20.79
721,1377782377,20.8
721,1377782382,20.79
721,1377782387,20.8
721,1377782392,20.8
721,1377782397,20.8
721,1377782402,20.8
721,1377782407,20.79
721,1377782412,20.79
721,1377782417,20.79
721,1377782422,20.8
721,1377782427,20.8
721,1377782432,20.79
721,1377782437,20.8
721,1377782442,20.79
721,1377782447,20.8
721,1377782452,20.79
721,1377782457,20.8
721,1377782462,20.79
721,1377782467,20.8
721,1377782472,20.8
721,1377782477,20.79
721,1377782482,20.79
721,1377782487,20.79
721,1377782492,20.78
721,1377782497,20.79
721,1377782502,20.79
721,1377782507,20.78
721,1377782512,20.78
721,1377782517,20.79
721,1377782522,20.8
721,1377782527,20.79
721,1377782532,20.8
721,1377782537,20.79
721,1377782542,20.79
721,1377782547,20.79
721,1377782552,20.79
721,1377782557,20.79
721,1377782562,20.78
721,1377782567,20.79
721,1377782572,20.8
721,1377782577,20.79
721,1377782582,20.79
721,1377782587,20.79
721,1377782592,20.8
721,1377782597,20.8
721,1377782602,20.8
721,1377782607,20.8
721,1377782612,20.78
721,1377782617,20.79
721,1377782622,20.78
721,1377782627,20.78
721,1377782632,20.78
721,1377782637,20.78
721,1377782642,20.78
721,1377782647,20.78
721,1377782652,20.8
721,1377782657,20.78
721,1377782662,20.78
721,1377782667,20.8
721,1377782672,20.79
721,1377782677,20.79
721,1377782682,20.78
721,1377782687,20.79
721,1377782692,20.78
721,1377782697,20.78
721,1377782702,20.79
721,1377782707,20.78
721,1377782712,20.79
721,1377782717,20.79
721,1377782723,20.78
721,1377782727,20.79
721,1377782732,20.78
721,1377782737,20.79
721,1377782742,20.79
721,1377782747,20.79
721,1377782752,20.8
721,1377782757,20.78
721,1377782762,20.78
721,1377782767,20.78
721,1377782772,20.78
721,1377782777,20.79
721,1377782782,20.8
721,1377782787,20.79
721,1377782792,20.79
721,1377782797,20.8
721,1377782802,20.78
721,1377782807,20.78
721,1377782812,20.78
721,1377782817,20.79
721,1377782822,20.78
721,1377782827,20.79
721,1377782832,20.78
721,1377782837,20.78
721,1377782842,20.79
721,1377782847,20.79
721,1377782852,20.79
721,1377782857,20.79
721,1377782862,20.78
721,1377782867,20.78
721,1377782872,20.78
721,1377782877,20.79
721,1377782882,20.79
721,1377782887,20.8
721,1377782892,20.78
721,1377782897,20.78
721,1377782902,20.78
721,1377782907,20.79
721,1377782912,20.79
721,1377782917,20.8
721,1377782922,20.78
721,1377782927,20.78
721,1377782932,20.79
721,1377782937,20.79
721,1377782942,20.79
721,1377782947,20.79
721,1377782952,20.78
721,1377782957,20.8
721,1377782962,20.78
721,1377782967,20.79
721,1377782972,20.78
721,1377782977,20.79
721,1377782982,20.79
721,1377782987,20.8
721,1377782992,20.8
721,1377782997,20.77
721,1377783002,20.79
721,1377783007,20.78
721,1377783012,20.78
721,1377783017,20.78
721,1377783022,20.78
721,1377783027,20.78
721,1377783032,20.78
721,1377783037,20.79
721,1377783042,20.78
721,1377783047,20.79
721,1377783052,20.78
721,1377783057,20.79
721,1377783062,20.78
721,1377783067,20.78
721,1377783072,20.77
721,1377783077,20.78
721,1377783082,20.79
721,1377783087,20.78
721,1377783092,20.78
721,1377783097,20.79
721,1377783102,20.79
721,1377783107,20.79
721,1377783112,20.79
721,1377783117,20.78
721,1377783122,20.79
721,1377783127,20.77
721,1377783132,20.78
721,1377783137,20.79
721,1377783142,20.78
721,1377783147,20.79
721,1377783152,20.79
721,1377783157,20.78
721,1377783162,20.78
721,1377783167,20.79
721,1377783172,20.78
721,1377783177,20.79
721,1377783182,20.8
721,1377783187,20.79
721,1377783192,20.78
721,1377783197,20.79
721,1377783202,20.79
721,1377783207,20.79
721,1377783212,20.78
721,1377783217,20.8
721,1377783222,20.8
721,1377783227,20.78
721,1377783232,20.78
721,1377783237,20.79
721,1377783242,20.79
721,1377783247,20.78
721,1377783252,20.78
721,1377783257,20.79
721,1377783262,20.8
721,1377783267,20.78
721,1377783272,20.78
721,1377783277,20.79
721,1377783282,20.78
721,1377783287,20.78
721,1377783292,20.79
721,1377783297,20.78
721,1377783302,20.78
721,1377783307,20.79
721,1377783312,20.79
721,1377783317,20.8
721,1377783322,20.8
721,1377783327,20.79
721,1377783332,20.79
721,1377783337,20.79
721,1377783342,20.79
721,1377783347,20.79
721,1377783352,20.79
721,1377783357,20.78
721,1377783362,20.78
721,1377783367,20.78
721,1377783372,20.79
721,1377783377,20.79
721,1377783382,20.8
721,1377783387,20.79
721,1377783392,20.79
721,1377783397,20.8
721,1377783402,20.79
721,1377783407,20.8
721,1377783412,20.78
721,1377783417,20.8
721,1377783422,20.79
721,1377783427,20.79
721,1377783432,20.79
721,1377783437,20.8
721,1377783442,20.8
721,1377783447,20.79
721,1377783452,20.78
721,1377783457,20.79
721,1377783462,20.79
721,1377783467,20.79
721,1377783472,20.79
721,1377783477,20.79
721,1377783482,20.79
721,1377783487,20.79
721,1377783492,20.79
721,1377783497,20.79
721,1377783502,20.79
721,1377783507,20.79
721,1377783512,20.79
721,1377783517,20.79
721,1377783522,20.78
721,1377783527,20.8
721,1377783532,20.79
721,1377783537,20.8
721,1377783542,20.8
721,1377783547,20.8
721,1377783552,20.79
721,1377783557,20.8
721,1377783562,20.79
721,1377783567,20.79
721,1377783572,20.78
721,1377783577,20.79
721,1377783582,20.79
721,1377783587,20.79
721,1377783592,20.79
721,1377783597,20.8
721,1377783602,20.79
721,1377783607,20.78
721,1377783612,20.78
721,1377783617,20.79
721,1377783622,20.79
721,1377783627,20.79
721,1377783632,20.78
721,1377783637,20.78
721,1377783642,20.79
721,1377783647,20.79
721,1377783652,20.78
721,1377783657,20.78
721,1377783662,20.78
721,1377783667,20.79
721,1377783672,20.79
721,1377783677,20.79
721,1377783682,20.78
721,1377783687,20.79
721,1377783692,20.8
721,1377783697,20.78
721,1377783702,20.78
721,1377783707,20.78
721,1377783712,20.79
721,1377783717,20.79
721,1377783722,20.8
721,1377783727,20.79
721,1377783732,20.8
721,1377783737,20.79
721,1377783742,20.8
721,1377783747,20.8
721,1377783752,20.79
721,1377783757,20.79
721,1377783762,20.79
721,1377783767,20.79
721,1377783772,20.78
721,1377783777,20.8
721,1377783782,20.79
721,1377783787,20.79
721,1377783792,20.79
721,1377783797,20.8
721,1377783802,20.78
721,1377783807,20.78
721,1377783812,20.79
721,1377783817,20.78
721,1377783822,20.78
721,1377783827,20.79
721,1377783832,20.79
721,1377783837,20.79
721,1377783842,20.78
721,1377783847,20.79
721,1377783852,20.79
721,1377783857,20.78
721,1377783862,20.78
721,1377783867,20.78
721,1377783872,20.79
721,1377783877,20.79
721,1377783882,20.77
721,1377783887,20.78
721,1377783892,20.78
721,1377783897,20.79
721,1377783902,20.78
721,1377783907,20.78
721,1377783912,20.79
721,1377783917,20.77
721,1377783922,20.78
721,1377783927,20.77
721,1377783932,20.77
721,1377783937,20.79
721,1377783942,20.77
721,1377783947,20.78
721,1377783952,20.77
721,1377783957,20.79
721,1377783962,20.78
721,1377783967,20.78
721,1377783972,20.78
721,1377783977,20.78
721,1377783982,20.78
721,1377783987,20.78
721,1377783992,20.78
721,1377783997,20.78
721,1377784002,20.78
721,1377784007,20.78
721,1377784012,20.78
721,1377784017,20.78
721,1377784022,20.79
721,1377784027,20.78
721,1377784032,20.78
721,1377784037,20.78
721,1377784042,20.78
721,1377784047,20.77
721,1377784052,20.78
721,1377784057,20.78
721,1377784062,20.78
721,1377784067,20.79
721,1377784072,20.78
721,1377784077,20.78
721,1377784082,20.79
721,1377784087,20.79
721,1377784092,20.79
721,1377784097,20.78
721,1377784102,20.77
721,1377784107,20.78
721,1377784112,20.77
721,1377784117,20.79
721,1377784122,20.77
721,1377784127,20.79
721,1377784132,20.78
721,1377784137,20.78
721,1377784142,20.78
721,1377784147,20.79
721,1377784152,20.78
721,1377784157,20.79
721,1377784162,20.77
721,1377784167,20.78
721,1377784172,20.78
721,1377784177,20.77
721,1377784182,20.79
721,1377784187,20.78
721,1377784192,20.77
721,1377784197,20.77
721,1377784202,20.78
721,1377784207,20.78
721,1377784212,20.77
721,1377784217,20.77
721,1377784222,20.78
721,1377784227,20.78
721,1377784232,20.78
721,1377784237,20.78
721,1377784242,20.77
721,1377784247,20.77
721,1377784252,20.78
721,1377784257,20.78
721,1377784262,20.78
721,1377784267,20.77
721,1377784272,20.77
721,1377784277,20.78
721,1377784282,20.78
721,1377784287,20.78
721,1377784292,20.78
721,1377784297,20.78
721,1377784302,20.77
721,1377784307,20.77
721,1377784312,20.78
721,1377784317,20.78
721,1377784322,20.78
721,1377784327,20.77
721,1377784332,20.78
721,1377784337,20.78
721,1377784342,20.77
721,1377784347,20.77
721,1377784352,20.78
721,1377784357,20.78
721,1377784362,20.78
721,1377784367,20.78
721,1377784372,20.78
721,1377784377,20.77
721,1377784382,20.78
721,1377784387,20.76
721,1377784392,20.78
721,1377784397,20.78
721,1377784402,20.77
721,1377784407,20.77
721,1377784412,20.77
721,1377784417,20.78
721,1377784422,20.78
721,1377784427,20.76
721,1377784432,20.78
721,1377784437,20.78
721,1377784442,20.77
721,1377784447,20.77
721,1377784452,20.77
721,1377784457,20.77
721,1377784462,20.76
721,1377784467,20.78
721,1377784472,20.78
721,1377784477,20.77
721,1377784482,20.76
721,1377784487,20.77
721,1377784492,20.78
721,1377784497,20.77
721,1377784502,20.78
721,1377784507,20.78
721,1377784512,20.76
721,1377784517,20.77
721,1377784522,20.78
721,1377784527,20.77
721,1377784532,20.78
721,1377784537,20.78
721,1377784542,20.78
721,1377784547,20.78
721,1377784552,20.76
721,1377784557,20.78
721,1377784562,20.78
721,1377784567,20.78
721,1377784572,20.77
721,1377784577,20.76
721,1377784582,20.78
721,1377784587,20.77
721,1377784592,20.78
721,1377784597,20.77
721,1377784602,20.77
721,1377784607,20.78
721,1377784612,20.78
721,1377784617,20.77
721,1377784622,20.77
721,1377784627,20.76
721,1377784632,20.78
721,1377784637,20.78
721,1377784642,20.77
721,1377784647,20.77
721,1377784652,20.77
721,1377784657,20.78
721,1377784662,20.77
721,1377784667,20.78
721,1377784672,20.77
721,1377784677,20.77
721,1377784682,20.76
721,1377784687,20.78
721,1377784692,20.78
721,1377784697,20.77
721,1377784702,20.78
721,1377784707,20.78
721,1377784712,20.77
721,1377784717,20.76
721,1377784722,20.77
721,1377784727,20.78
721,1377784732,20.76
721,1377784737,20.77
721,1377784742,20.77
721,1377784747,20.77
721,1377784752,20.77
721,1377784757,20.77
721,1377784762,20.77
721,1377784767,20.77
721,1377784772,20.77
721,1377784777,20.77
721,1377784782,20.76
721,1377784787,20.77
721,1377784792,20.76
721,1377784797,20.76
721,1377784803,20.77
721,1377784807,20.76
721,1377784812,20.77
721,1377784817,20.78
721,1377784822,20.77
721,1377784827,20.76
721,1377784832,20.77
721,1377784837,20.77
721,1377784842,20.76
721,1377784847,20.76
721,1377784852,20.76
721,1377784857,20.77
721,1377784862,20.76
721,1377784867,20.77
721,1377784872,20.76
721,1377784877,20.76
721,1377784882,20.77
721,1377784887,20.76
721,1377784892,20.76
721,1377784897,20.76
721,1377784902,20.77
721,1377784907,20.76
721,1377784912,20.77
721,1377784917,20.77
721,1377784922,20.76
721,1377784927,20.76
721,1377784932,20.75
721,1377784937,20.76
721,1377784942,20.76
721,1377784947,20.77
721,1377784952,20.77
721,1377784957,20.76
721,1377784962,20.76
721,1377784967,20.77
721,1377784972,20.76
721,1377784977,20.77
721,1377784982,20.75
721,1377784987,20.76
721,1377784992,20.77
721,1377784997,20.76
721,1377785002,20.76
721,1377785007,20.76
721,1377785012,20.76
721,1377785017,20.76
721,1377785022,20.76
721,1377785027,20.75
721,1377785032,20.76
721,1377785037,20.76
721,1377785042,20.77
721,1377785047,20.76
721,1377785052,20.77
721,1377785057,20.76
721,1377785062,20.76
721,1377785067,20.76
721,1377785072,20.76
721,1377785077,20.76
721,1377785082,20.76
721,1377785087,20.76
721,1377785092,20.76
721,1377785097,20.76
721,1377785102,20.76
721,1377785107,20.76
721,1377785112,20.76
721,1377785117,20.76
721,1377785122,20.76
721,1377785127,20.76
721,1377785132,20.77
721,1377785137,20.76
721,1377785142,20.76
721,1377785147,20.76
721,1377785152,20.77
721,1377785157,20.76
721,1377785162,20.76
721,1377785167,20.76
721,1377785172,20.76
721,1377785177,20.75
721,1377785182,20.77
721,1377785187,20.77
721,1377785192,20.75
721,1377785197,20.75
721,1377785202,20.76
721,1377785207,20.76
721,1377785212,20.76
721,1377785217,20.76
721,1377785222,20.75
721,1377785227,20.75
721,1377785232,20.76
721,1377785237,20.76
721,1377785242,20.75
721,1377785247,20.76
721,1377785252,20.77
721,1377785257,20.76
721,1377785262,20.77
721,1377785267,20.75
721,1377785272,20.76
721,1377785277,20.76
721,1377785282,20.76
721,1377785287,20.76
721,1377785292,20.76
721,1377785297,20.76
721,1377785302,20.76
721,1377785307,20.76
721,1377785312,20.76
721,1377785317,20.77
721,1377785322,20.78
721,1377785327,20.76
721,1377785332,20.76
721,1377785337,20.77
721,1377785342,20.77
721,1377785347,20.76
721,1377785352,20.76
721,1377785357,20.76
721,1377785362,20.76
721,1377785367,20.76
721,1377785372,20.76
721,1377785377,20.76
721,1377785382,20.76
721,1377785387,20.76
721,1377785392,20.76
721,1377785397,20.77
721,1377785402,20.76
721,1377785407,20.76
721,1377785412,20.77
721,1377785417,20.76
721,1377785422,20.76
721,1377785427,20.76
721,1377785432,20.76
721,1377785437,20.77
721,1377785442,20.76
721,1377785447,20.76
721,1377785452,20.77
721,1377785457,20.76
721,1377785462,20.76
721,1377785467,20.75
721,1377785472,20.76
721,1377785477,20.76
721,1377785482,20.77
721,1377785487,20.76
721,1377785492,20.76
721,1377785497,20.75
721,1377785502,20.76
721,1377785507,20.76
721,1377785512,20.76
721,1377785517,20.76
721,1377785522,20.76
721,1377785527,20.76
721,1377785532,20.76
721,1377785537,20.76
721,1377785542,20.76
721,1377785547,20.76
721,1377785552,20.76
721,1377785557,20.76
721,1377785562,20.77
721,1377785567,20.77
721,1377785572,20.76
721,1377785577,20.76
721,1377785582,20.75
721,1377785587,20.76
721,1377785592,20.76
721,1377785597,20.76
721,1377785602,20.76
721,1377785607,20.76
721,1377785612,20.77
721,1377785617,20.76
721,1377785622,20.74
721,1377785627,20.76
721,1377785632,20.76
721,1377785637,20.76
721,1377785642,20.75
721,1377785647,20.75
721,1377785652,20.75
721,1377785657,20.75
721,1377785662,20.75
721,1377785667,20.76
721,1377785672,20.75
721,1377785677,20.76
721,1377785682,20.77
721,1377785687,20.76
721,1377785692,20.76
721,1377785697,20.77
721,1377785702,20.76
721,1377785707,20.76
721,1377785712,20.76
721,1377785717,20.75
721,1377785722,20.76
721,1377785727,20.76
721,1377785732,20.76
721,1377785737,20.75
721,1377785742,20.76
721,1377785747,20.76
721,1377785752,20.76
721,1377785757,20.76
721,1377785762,20.76
721,1377785767,20.76
721,1377785772,20.76
721,1377785777,20.76
721,1377785782,20.76
721,1377785787,20.76
721,1377785792,20.77
721,1377785797,20.75
721,1377785802,20.75
721,1377785807,20.76
721,1377785812,20.76
721,1377785817,20.75
721,1377785822,20.76
721,1377785827,20.76
721,1377785832,20.75
721,1377785837,20.76
721,1377785842,20.76
721,1377785847,20.76
721,1377785852,20.75
721,1377785857,20.76
721,1377785862,20.77
721,1377785867,20.76
721,1377785872,20.77
721,1377785877,20.76
721,1377785882,20.76
721,1377785887,20.76
721,1377785892,20.76
721,1377785897,20.75
721,1377785902,20.76
721,1377785907,20.76
721,1377785912,20.75
721,1377785917,20.75
721,1377785922,20.76
721,1377785927,20.75
721,1377785932,20.75
721,1377785937,20.76
721,1377785942,20.76
721,1377785947,20.76
721,1377785952,20.76
721,1377785957,20.75
721,1377785962,20.75
721,1377785967,20.76
721,1377785972,20.75
721,1377785977,20.76
721,1377785982,20.76
721,1377785987,20.75
721,1377785992,20.75
721,1377785997,20.76
721,1377786002,20.76
721,1377786007,20.76
721,1377786012,20.76
721,1377786017,20.76
721,1377786022,20.76
721,1377786027,20.76
721,1377786032,20.76
721,1377786037,20.76
721,1377786042,20.77
721,1377786047,20.76
721,1377786052,20.75
721,1377786057,20.76
721,1377786062,20.76
721,1377786067,20.76
721,1377786072,20.76
721,1377786077,20.76
721,1377786082,20.75
721,1377786087,20.75
721,1377786092,20.76
721,1377786097,20.76
721,1377786102,20.76
721,1377786107,20.76
721,1377786112,20.76
721,1377786117,20.76
721,1377786122,20.76
721,1377786127,20.76
721,1377786132,20.76
721,1377786137,20.76
721,1377786142,20.76
721,1377786147,20.76
721,1377786152,20.76
721,1377786157,20.76
721,1377786162,20.76
721,1377786167,20.76
721,1377786172,20.76
721,1377786177,20.76
721,1377786182,20.76
721,1377786187,20.76
721,1377786192,20.76
721,1377786197,20.77
721,1377786202,20.76
721,1377786207,20.76
721,1377786212,20.76
721,1377786217,20.77
721,1377786222,20.75
721,1377786227,20.77
721,1377786232,20.75
721,1377786237,20.76
721,1377786242,20.76
721,1377786247,20.76
721,1377786252,20.76
721,1377786257,20.75
721,1377786262,20.76
721,1377786267,20.77
721,1377786272,20.78
721,1377786277,20.76
721,1377786282,20.75
721,1377786287,20.76
721,1377786292,20.77
721,1377786297,20.76
721,1377786302,20.76
721,1377786307,20.76
721,1377786312,20.76
721,1377786317,20.77
721,1377786322,20.77
721,1377786327,20.76
721,1377786332,20.76
721,1377786337,20.76
721,1377786342,20.76
721,1377786347,20.76
721,1377786352,20.75
721,1377786357,20.75
721,1377786362,20.76
721,1377786367,20.75
721,1377786372,20.76
721,1377786377,20.76
721,1377786382,20.75
721,1377786387,20.76
721,1377786392,20.75
721,1377786397,20.76
721,1377786402,20.75
721,1377786407,20.75
721,1377786412,20.76
721,1377786417,20.75
721,1377786422,20.77
721,1377786427,20.75
721,1377786432,20.76
721,1377786437,20.77
721,1377786442,20.76
721,1377786447,20.76
721,1377786452,20.75
721,1377786457,20.77
721,1377786462,20.77
721,1377786467,20.77
721,1377786472,20.76
721,1377786477,20.76
721,1377786482,20.76
721,1377786487,20.76
721,1377786492,20.76
721,1377786497,20.76
721,1377786502,20.76
721,1377786507,20.76
721,1377786512,20.76
721,1377786517,20.76
721,1377786522,20.75
721,1377786527,20.75
721,1377786532,20.76
721,1377786537,20.76
721,1377786542,20.76
721,1377786547,20.78
721,1377786552,20.77
721,1377786557,20.76
721,1377786562,20.76
721,1377786567,20.76
721,1377786572,20.74
721,1377786577,20.76
721,1377786582,20.74
721,1377786587,20.76
721,1377786592,20.75
721,1377786597,20.76
721,1377786602,20.74
721,1377786607,20.75
721,1377786612,20.76
721,1377786617,20.76
721,1377786622,20.76
721,1377786627,20.77
721,1377786632,20.76
721,1377786637,20.76
721,1377786642,20.77
721,1377786647,20.76
721,1377786652,20.78
721,1377786657,20.77
721,1377786662,20.77
721,1377786667,20.76
721,1377786672,20.77
721,1377786677,20.76
721,1377786682,20.77
721,1377786687,20.76
721,1377786692,20.77
721,1377786697,20.77
721,1377786702,20.76
721,1377786707,20.77
721,1377786712,20.77
721,1377786717,20.77
721,1377786722,20.78
721,1377786727,20.76
721,1377786732,20.78
721,1377786737,20.76
721,1377786742,20.77
721,1377786747,20.78
721,1377786752,20.76
721,1377786757,20.78
721,1377786762,20.78
721,1377786767,20.78
721,1377786772,20.77
721,1377786777,20.77
721,1377786782,20.77
721,1377786787,20.77
721,1377786792,20.77
721,1377786797,20.77
721,1377786802,20.76
721,1377786807,20.77
721,1377786812,20.78
721,1377786817,20.78
721,1377786822,20.78
721,1377786827,20.78
721,1377786832,20.78
721,1377786837,20.77
721,1377786842,20.77
721,1377786847,20.78
721,1377786852,20.78
721,1377786857,20.77
721,1377786862,20.78
721,1377786867,20.77
721,1377786872,20.77
721,1377786877,20.78
721,1377786882,20.78
721,1377786887,20.77
721,1377786892,20.78
721,1377786897,20.77
721,1377786902,20.78
721,1377786907,20.76
721,1377786912,20.78
721,1377786917,20.78
721,1377786922,20.78
721,1377786927,20.76
721,1377786932,20.78
721,1377786937,20.78
721,1377786942,20.77
721,1377786947,20.77
721,1377786952,20.79
721,1377786957,20.77
721,1377786962,20.78
721,1377786967,20.77
721,1377786972,20.78
721,1377786977,20.78
721,1377786982,20.78
721,1377786987,20.77
721,1377786992,20.78
721,1377786997,20.77
721,1377787002,20.77
721,1377787007,20.76
721,1377787012,20.77
721,1377787017,20.78
721,1377787022,20.78
721,1377787027,20.78
721,1377787032,20.78
721,1377787037,20.78
721,1377787042,20.78
721,1377787047,20.79
721,1377787052,20.77
721,1377787057,20.78
721,1377787062,20.78
721,1377787067,20.78
721,1377787072,20.79
721,1377787077,20.78
721,1377787082,20.78
721,1377787087,20.78
721,1377787092,20.78
721,1377787097,20.78
721,1377787102,20.78
721,1377787107,20.77
721,1377787112,20.78
721,1377787117,20.78
721,1377787122,20.78
721,1377787127,20.78
721,1377787132,20.77
721,1377787137,20.77
721,1377787142,20.78
721,1377787147,20.78
721,1377787152,20.78
721,1377787157,20.78
721,1377787162,20.77
721,1377787167,20.78
721,1377787172,20.78
721,1377787177,20.78
721,1377787182,20.78
721,1377787187,20.77
721,1377787192,20.78
721,1377787197,20.78
721,1377787202,20.77
721,1377787207,20.77
721,1377787212,20.77
721,1377787217,20.78
721,1377787222,20.78
721,1377787227,20.79
721,1377787232,20.78
721,1377787237,20.77
721,1377787242,20.78
721,1377787247,20.77
721,1377787252,20.76
721,1377787257,20.77
721,1377787262,20.76
721,1377787267,20.78
721,1377787272,20.78
721,1377787277,20.78
721,1377787282,20.77
721,1377787287,20.78
721,1377787292,20.77
721,1377787297,20.77
721,1377787302,20.78
721,1377787307,20.78
721,1377787312,20.78
721,1377787317,20.76
721,1377787322,20.77
721,1377787327,20.78
721,1377787332,20.78
721,1377787337,20.78
721,1377787342,20.77
721,1377787347,20.78
721,1377787352,20.78
721,1377787357,20.78
721,1377787362,20.78
721,1377787367,20.78
721,1377787372,20.77
721,1377787377,20.78
721,1377787382,20.78
721,1377787387,20.78
721,1377787392,20.79
721,1377787397,20.78
721,1377787402,20.78
721,1377787407,20.78
721,1377787412,20.78
721,1377787417,20.76
721,1377787422,20.78
721,1377787427,20.78
721,1377787432,20.78
721,1377787437,20.78
721,1377787442,20.78
721,1377787447,20.78
721,1377787452,20.78
721,1377787457,20.77
721,1377787462,20.78
721,1377787467,20.79
721,1377787472,20.78
721,1377787477,20.78
721,1377787482,20.78
721,1377787487,20.79
721,1377787492,20.78
721,1377787497,20.78
721,1377787502,20.78
721,1377787507,20.78
721,1377787512,20.78
721,1377787517,20.78
721,1377787522,20.78
721,1377787527,20.78
721,1377787532,20.77
721,1377787537,20.79
721,1377787542,20.77
721,1377787547,20.8
721,1377787552,20.78
721,1377787557,20.78
721,1377787562,20.79
721,1377787567,20.78
721,1377787572,20.79
721,1377787577,20.78
721,1377787582,20.79
721,1377787587,20.78
721,1377787592,20.78
721,1377787597,20.78
721,1377787602,20.78
721,1377787607,20.78
721,1377787612,20.79
721,1377787617,20.78
721,1377787622,20.79
721,1377787627,20.78
721,1377787632,20.79
721,1377787637,20.79
721,1377787642,20.78
721,1377787647,20.78
721,1377787652,20.78
721,1377787657,20.78
721,1377787662,20.78
721,1377787667,20.78
721,1377787672,20.79
721,1377787677,20.79
721,1377787682,20.78
721,1377787687,20.79
721,1377787692,20.79
721,1377787697,20.79
721,1377787702,20.78
721,1377787707,20.78
721,1377787712,20.79
721,1377787717,20.78
721,1377787722,20.78
721,1377787727,20.79
721,1377787732,20.79
721,1377787737,20.79
721,1377787742,20.78
721,1377787747,20.78
721,1377787752,20.78
721,1377787757,20.79
721,1377787762,20.79
721,1377787767,20.8
721,1377787772,20.79
721,1377787777,20.79
721,1377787782,20.78
721,1377787787,20.79
721,1377787792,20.8
721,1377787797,20.78
721,1377787802,20.79
721,1377787807,20.8
721,1377787812,20.79
721,1377787817,20.8
721,1377787822,20.8
721,1377787829,20.79
721,1377787832,20.8
721,1377787837,20.8
721,1377787842,20.8
721,1377787847,20.81
721,1377787852,20.79
721,1377787857,20.8
721,1377787862,20.8
721,1377787872,20.8
721,1377787877,20.8
721,1377787882,20.81
721,1377787887,20.8
721,1377787892,20.8
721,1377787897,20.81
721,1377787907,20.81
721,1377787912,20.82
721,1377787922,20.81
721,1377787927,20.82
721,1377787932,20.82
721,1377787937,20.82
721,1377787942,20.82
721,1377787947,20.81
721,1377787952,20.82
721,1377787957,20.82
721,1377787962,20.83
721,1377787967,20.82
721,1377787972,20.83
721,1377787977,20.83
721,1377787982,20.83
721,1377787987,20.83
721,1377787992,20.82
721,1377787997,20.83
721,1377788002,20.82
721,1377788007,20.83
721,1377788012,20.83
721,1377788017,20.84
721,1377788022,20.84
721,1377788027,20.84
721,1377788032,20.83
721,1377788037,20.83
721,1377788047,20.84
721,1377788052,20.83
721,1377788057,20.83
721,1377788062,20.84
721,1377788067,20.83
721,1377788072,20.84
721,1377788077,20.84
721,1377788087,20.84
721,1377788092,20.85
721,1377788097,20.85
721,1377788102,20.84
721,1377788107,20.84
721,1377788112,20.83
721,1377788117,20.84
721,1377788122,20.84
721,1377788127,20.85
721,1377788132,20.84
721,1377788137,20.84
721,1377788142,20.84
721,1377788147,20.86
721,1377788152,20.84
721,1377788162,20.84
721,1377788167,20.85
721,1377788172,20.84
721,1377788187,20.85
721,1377788197,20.85
721,1377788202,20.85
721,1377788207,20.83
721,1377788212,20.85
721,1377788217,20.84
721,1377788222,20.84
721,1377788227,20.85
721,1377788232,20.84
721,1377788237,20.85
721,1377788242,20.84
721,1377788247,20.84
721,1377788252,20.84
721,1377788262,20.85
721,1377788267,20.85
721,1377788272,20.84
721,1377788277,20.84
721,1377788282,20.84
721,1377788287,20.85
721,1377788292,20.85
721,1377788297,20.84
721,1377788302,20.85
721,1377788307,20.84
721,1377788312,20.84
721,1377788317,20.84
721,1377788322,20.84
721,1377788327,20.84
721,1377788332,20.84
721,1377788337,20.84
721,1377788342,20.84
721,1377788357,20.85
721,1377788362,20.84
721,1377788367,20.85
721,1377788372,20.84
721,1377788382,20.84
721,1377788392,20.84
721,1377788397,20.86
721,1377788402,20.86
721,1377788407,20.84
721,1377788412,20.84
721,1377788417,20.85
721,1377788422,20.85
721,1377788432,20.84
721,1377788437,20.85
721,1377788442,20.85
721,1377788447,20.85
721,1377788452,20.85
721,1377788457,20.86
721,1377788462,20.86
721,1377788467,20.86
721,1377788472,20.84
721,1377788477,20.85
721,1377788482,20.85
721,1377788487,20.86
721,1377788492,20.85
721,1377788497,20.86
721,1377788502,20.85
721,1377788507,20.86
721,1377788512,20.85
721,1377788517,20.84
721,1377788527,20.85
721,1377788532,20.85
721,1377788537,20.85
721,1377788542,20.86
721,1377788547,20.86
721,1377788552,20.86
721,1377788557,20.85
721,1377788562,20.86
721,1377788567,20.86
721,1377788572,20.84
721,1377788577,20.85
721,1377788582,20.85
721,1377788587,20.86
721,1377788592,20.85
721,1377788597,20.86
721,1377788602,20.86
721,1377788607,20.86
721,1377788612,20.86
721,1377788617,20.85
721,1377788622,20.85
721,1377788627,20.85
721,1377788632,20.85
721,1377788637,20.85
721,1377788642,20.85
721,1377788647,20.86
721,1377788652,20.84
721,1377788657,20.85
721,1377788662,20.84
721,1377788667,20.85
721,1377788672,20.86
721,1377788677,20.86
721,1377788682,20.86
721,1377788687,20.87
721,1377788692,20.86
721,1377788697,20.86
721,1377788702,20.86
721,1377788707,20.84
721,1377788712,20.85
721,1377788717,20.86
721,1377788722,20.85
721,1377788727,20.86
721,1377788732,20.86
721,1377788737,20.85
721,1377788742,20.85
721,1377788747,20.86
721,1377788752,20.86
721,1377788757,20.86
721,1377788762,20.85
721,1377788767,20.86
721,1377788772,20.86
721,1377788777,20.86
721,1377788782,20.86
721,1377788787,20.86
721,1377788792,20.86
721,1377788797,20.85
721,1377788802,20.86
721,1377788807,20.86
721,1377788812,20.86
721,1377788817,20.86
721,1377788822,20.86
721,1377788827,20.86
721,1377788832,20.86
721,1377788837,20.86
721,1377788842,20.86
721,1377788847,20.86
721,1377788852,20.87
721,1377788857,20.86
721,1377788862,20.86
721,1377788867,20.86
721,1377788872,20.86
721,1377788877,20.85
721,1377788882,20.86
721,1377788887,20.87
721,1377788892,20.86
721,1377788897,20.86
721,1377788902,20.86
721,1377788907,20.86
721,1377788912,20.86
721,1377788917,20.87
721,1377788922,20.86
721,1377788927,20.86
721,1377788932,20.86
721,1377788937,20.86
721,1377788942,20.86
721,1377788947,20.86
721,1377788952,20.86
721,1377788957,20.86
721,1377788962,20.85
721,1377788967,20.86
721,1377788972,20.85
721,1377788977,20.86
721,1377788982,20.85
721,1377788987,20.86
721,1377788992,20.85
721,1377788997,20.85
721,1377789002,20.87
721,1377789007,20.87
721,1377789012,20.86
721,1377789017,20.87
721,1377789022,20.86
721,1377789027,20.86
721,1377789032,20.85
721,1377789037,20.86
721,1377789042,20.86
721,1377789047,20.86
721,1377789052,20.86
721,1377789057,20.86
721,1377789062,20.86
721,1377789067,20.86
721,1377789072,20.86
721,1377789077,20.87
721,1377789082,20.88
721,1377789087,20.86
721,1377789092,20.86
721,1377789097,20.86
721,1377789102,20.86
721,1377789107,20.86
721,1377789112,20.86
721,1377789117,20.86
721,1377789122,20.86
721,1377789127,20.86
721,1377789132,20.85
721,1377789137,20.86
721,1377789142,20.87
721,1377789147,20.87
721,1377789152,20.86
721,1377789157,20.86
721,1377789162,20.86
721,1377789167,20.87
721,1377789172,20.86
721,1377789177,20.87
721,1377789182,20.86
721,1377789187,20.87
721,1377789192,20.87
721,1377789197,20.87
721,1377789202,20.87
721,1377789207,20.87
721,1377789212,20.85
721,1377789217,20.87
721,1377789222,20.88
721,1377789227,20.87
721,1377789232,20.88
721,1377789237,20.88
721,1377789242,20.87
721,1377789247,20.88
721,1377789252,20.87
721,1377789257,20.88
721,1377789262,20.87
721,1377789267,20.87
721,1377789272,20.88
721,1377789277,20.88
721,1377789282,20.88
721,1377789287,20.88
721,1377789292,20.87
721,1377789297,20.88
721,1377789302,20.88
721,1377789307,20.88
721,1377789313,20.87
721,1377789317,20.87
721,1377789322,20.88
721,1377789327,20.87
721,1377789332,20.87
721,1377789337,20.87
721,1377789342,20.88
721,1377789347,20.88
721,1377789352,20.86
721,1377789357,20.88
721,1377789362,20.88
721,1377789367,20.88
721,1377789372,20.88
721,1377789377,20.88
721,1377789382,20.88
721,1377789387,20.87
721,1377789392,20.88
721,1377789397,20.88
721,1377789402,20.88
721,1377789407,20.89
721,1377789412,20.88
721,1377789417,20.89
721,1377789422,20.88
721,1377789427,20.88
721,1377789432,20.89
721,1377789437,20.89
721,1377789442,20.88
721,1377789447,20.88
721,1377789452,20.89
721,1377789457,20.88
721,1377789462,20.88
721,1377789467,20.89
721,1377789472,20.88
721,1377789477,20.89
721,1377789482,20.88
721,1377789487,20.89
721,1377789492,20.88
721,1377789497,20.88
721,1377789502,20.89
721,1377789507,20.89
721,1377789512,20.88
721,1377789517,20.88
721,1377789522,20.88
721,1377789527,20.88
721,1377789532,20.88
721,1377789537,20.89
721,1377789542,20.89
721,1377789547,20.88
721,1377789552,20.89
721,1377789557,20.88
721,1377789562,20.89
721,1377789567,20.89
721,1377789572,20.88
721,1377789577,20.88
721,1377789582,20.89
721,1377789587,20.88
721,1377789592,20.88
721,1377789597,20.88
721,1377789602,20.88
721,1377789607,20.88
721,1377789612,20.89
721,1377789617,20.88
721,1377789622,20.89
721,1377789627,20.88
721,1377789632,20.89
721,1377789637,20.88
721,1377789642,20.87
721,1377789647,20.88
721,1377789652,20.89
721,1377789657,20.89
721,1377789662,20.89
721,1377789667,20.89
721,1377789672,20.89
721,1377789677,20.89
721,1377789682,20.89
721,1377789687,20.88
721,1377789692,20.89
721,1377789697,20.89
721,1377789702,20.88
721,1377789707,20.88
721,1377789712,20.88
721,1377789717,20.88
721,1377789722,20.88
721,1377789727,20.88
721,1377789732,20.88
721,1377789737,20.87
721,1377789742,20.89
721,1377789747,20.88
721,1377789752,20.88
721,1377789757,20.9
721,1377789762,20.89
721,1377789767,20.88
721,1377789772,20.89
721,1377789777,20.88
721,1377789782,20.88
721,1377789787,20.88
721,1377789792,20.9
721,1377789797,20.89
721,1377789802,20.88
721,1377789807,20.88
721,1377789812,20.88
721,1377789817,20.88
721,1377789822,20.88
721,1377789827,20.89
721,1377789832,20.88
721,1377789837,20.89
721,1377789842,20.89
721,1377789847,20.88
721,1377789852,20.89
721,1377789857,20.88
721,1377789862,20.89
721,1377789867,20.88
721,1377789872,20.88
721,1377789877,20.88
721,1377789882,20.89
721,1377789887,20.9
721,1377789892,20.9
721,1377789897,20.88
721,1377789902,20.88
721,1377789907,20.88
721,1377789912,20.88
721,1377789917,20.9
721,1377789922,20.88
721,1377789927,20.88
721,1377789932,20.9
721,1377789937,20.89
721,1377789942,20.89
721,1377789947,20.89
721,1377789952,20.88
721,1377789957,20.9
721,1377789962,20.88
721,1377789967,20.88
721,1377789972,20.9
721,1377789977,20.9
721,1377789982,20.9
721,1377789987,20.9
721,1377789992,20.9
721,1377789997,20.9
721,1377790002,20.9
721,1377790007,20.9
721,1377790014,20.88
721,1377790017,20.9
721,1377790022,20.89
721,1377790027,20.9
721,1377790032,20.89
721,1377790037,20.89
721,1377790042,20.9
721,1377790047,20.89
721,1377790052,20.9
721,1377790057,20.89
721,1377790062,20.9
721,1377790067,20.91
721,1377790072,20.9
721,1377790077,20.9
721,1377790082,20.9
721,1377790087,20.9
721,1377790092,20.9
721,1377790097,20.91
721,1377790102,20.9
721,1377790107,20.9
721,1377790112,20.91
721,1377790117,20.9
721,1377790122,20.9
721,1377790127,20.9
721,1377790132,20.91
721,1377790137,20.91
721,1377790142,20.91
721,1377790147,20.91
721,1377790152,20.91
721,1377790157,20.9
721,1377790162,20.9
721,1377790167,20.92
721,1377790172,20.92
721,1377790177,20.91
721,1377790182,20.91
721,1377790187,20.92
721,1377790192,20.93
721,1377790197,20.91
721,1377790202,20.91
721,1377790207,20.9
721,1377790212,20.9
721,1377790217,20.91
721,1377790222,20.91
721,1377790227,20.91
721,1377790232,20.91
721,1377790237,20.92
721,1377790242,20.9
721,1377790247,20.92
721,1377790252,20.92
721,1377790257,20.91
721,1377790262,20.92
721,1377790267,20.91
721,1377790272,20.91
721,1377790277,20.92
721,1377790282,20.91
721,1377790287,20.92
721,1377790292,20.9
721,1377790297,20.91
721,1377790302,20.91
721,1377790307,20.92
721,1377790312,20.9
721,1377790317,20.91
721,1377790322,20.91
721,1377790327,20.92
721,1377790332,20.92
721,1377790337,20.92
721,1377790342,20.92
721,1377790347,20.92
721,1377790352,20.92
721,1377790357,20.92
721,1377790362,20.92
721,1377790367,20.92
721,1377790372,20.92
721,1377790377,20.92
721,1377790382,20.92
721,1377790387,20.92
721,1377790392,20.93
721,1377790397,20.93
721,1377790402,20.92
721,1377790407,20.93
721,1377790412,20.92
721,1377790417,20.93
721,1377790422,20.93
721,1377790427,20.93
721,1377790432,20.92
721,1377790437,20.93
721,1377790442,20.92
721,1377790447,20.93
721,1377790452,20.93
721,1377790457,20.93
721,1377790462,20.92
721,1377790467,20.92
721,1377790472,20.93
721,1377790477,20.93
721,1377790482,20.92
721,1377790487,20.93
721,1377790492,20.93
721,1377790497,20.94
721,1377790502,20.92
721,1377790507,20.92
721,1377790512,20.92
721,1377790517,20.93
721,1377790522,20.93
721,1377790527,20.92
721,1377790532,20.92
721,1377790537,20.93
721,1377790542,20.94
721,1377790547,20.94
721,1377790552,20.94
721,1377790557,20.94
721,1377790562,20.92
721,1377790567,20.92
721,1377790572,20.93
721,1377790577,20.92
721,1377790582,20.93
721,1377790587,20.94
721,1377790592,20.94
721,1377790597,20.93
721,1377790602,20.94
721,1377790607,20.93
721,1377790612,20.94
721,1377790617,20.94
721,1377790622,20.93
721,1377790627,20.94
721,1377790632,20.94
721,1377790637,20.94
721,1377790642,20.94
721,1377790647,20.95
721,1377790652,20.94
721,1377790657,20.94
721,1377790662,20.94
721,1377790667,20.94
721,1377790672,20.93
721,1377790677,20.94
721,1377790682,20.93
721,1377790687,20.94
721,1377790692,20.93
721,1377790697,20.94
721,1377790702,20.94
721,1377790707,20.94
721,1377790712,20.95
721,1377790717,20.95
721,1377790722,20.94
721,1377790727,20.94
721,1377790732,20.94
721,1377790737,20.94
721,1377790742,20.94
721,1377790747,20.93
721,1377790752,20.94
721,1377790757,20.96
721,1377790762,20.94
721,1377790767,20.94
721,1377790772,20.95
721,1377790777,20.94
721,1377790782,20.94
721,1377790787,20.95
721,1377790792,20.95
721,1377790797,20.94
721,1377790802,20.94
721,1377790807,20.95
721,1377790812,20.94
721,1377790817,20.94
721,1377790822,20.95
721,1377790827,20.93
721,1377790832,20.95
721,1377790837,20.94
721,1377790842,20.96
721,1377790847,20.94
721,1377790852,20.94
721,1377790857,20.94
721,1377790862,20.93
721,1377790867,20.94
721,1377790872,20.95
721,1377790877,20.94
721,1377790882,20.94
721,1377790887,20.94
721,1377790892,20.94
721,1377790897,20.96
721,1377790902,20.94
721,1377790907,20.96
721,1377790912,20.95
721,1377790917,20.94
721,1377790922,20.95
721,1377790927,20.95
721,1377790932,20.95
721,1377790937,20.94
721,1377790942,20.94
721,1377790947,20.95
721,1377790952,20.96
721,1377790957,20.96
721,1377790962,20.95
721,1377790967,20.96
721,1377790972,20.95
721,1377790977,20.95
721,1377790982,20.96
721,1377790987,20.96
721,1377790992,20.96
721,1377790997,20.95
721,1377791002,20.96
721,1377791007,20.94
721,1377791012,20.96
721,1377791017,20.96
721,1377791022,20.96
721,1377791027,20.96
721,1377791032,20.96
721,1377791037,20.96
721,1377791042,20.96
721,1377791047,20.97
721,1377791052,20.95
721,1377791057,20.96
721,1377791062,20.96
721,1377791067,20.96
721,1377791072,20.96
721,1377791077,20.96
721,1377791082,20.96
721,1377791087,20.96
721,1377791092,20.96
721,1377791097,20.96
721,1377791102,20.97
721,1377791107,20.96
721,1377791112,20.96
721,1377791117,20.97
721,1377791122,20.97
721,1377791127,20.96
721,1377791132,20.96
721,1377791137,20.96
721,1377791142,20.97
721,1377791147,20.96
721,1377791152,20.95
721,1377791157,20.97
721,1377791162,20.97
721,1377791167,20.96
721,1377791172,20.97
721,1377791177,20.96
721,1377791182,20.96
721,1377791187,20.97
721,1377791192,20.96
721,1377791197,20.96
721,1377791202,20.98
721,1377791207,20.97
721,1377791212,20.97
721,1377791217,20.96
721,1377791222,20.96
721,1377791227,20.97
721,1377791232,20.96
721,1377791237,20.97
721,1377791242,20.97
721,1377791247,20.97
721,1377791252,20.96
721,1377791257,20.98
721,1377791262,20.96
721,1377791267,20.96
721,1377791272,20.97
721,1377791277,20.96
721,1377791282,20.96
721,1377791287,20.98
721,1377791292,20.97
721,1377791297,20.97
721,1377791302,20.97
721,1377791307,20.97
721,1377791312,20.97
721,1377791317,20.98
721,1377791322,20.97
721,1377791327,20.96
721,1377791332,20.97
721,1377791337,20.98
721,1377791342,20.98
721,1377791347,20.99
721,1377791352,20.98
721,1377791357,20.98
721,1377791362,20.98
721,1377791367,20.98
721,1377791372,20.98
721,1377791377,20.98
721,1377791382,20.98
721,1377791387,20.97
721,1377791392,20.96
721,1377791397,20.98
721,1377791402,20.97
721,1377791407,20.98
721,1377791412,20.98
721,1377791417,20.98
721,1377791422,20.98
721,1377791427,20.98
721,1377791432,20.98
721,1377791437,20.98
721,1377791442,20.98
721,1377791449,20.99
721,1377791452,20.99
721,1377791457,20.98
721,1377791462,20.98
721,1377791467,20.98
721,1377791472,20.99
721,1377791477,20.98
721,1377791482,20.98
721,1377791487,20.99
721,1377791492,20.99
721,1377791497,20.98
721,1377791502,20.98
721,1377791507,20.99
721,1377791512,20.99
721,1377791517,20.99
721,1377791522,20.99
721,1377791527,20.99
721,1377791532,21.0
721,1377791537,20.99
721,1377791542,20.99
721,1377791547,20.98
721,1377791552,20.99
721,1377791557,20.98
721,1377791562,20.98
721,1377791567,20.99
721,1377791572,21.0
721,1377791577,20.99
721,1377791582,21.0
721,1377791587,21.0
721,1377791592,21.0
721,1377791597,21.0
721,1377791602,21.0
721,1377791607,20.98
721,1377791612,21.0
721,1377791617,21.0
721,1377791622,21.0
721,1377791627,21.0
721,1377791632,20.99
721,1377791637,20.99
721,1377791642,21.0
721,1377791647,20.99
721,1377791652,20.99
721,1377791657,20.99
721,1377791662,20.99
721,1377791667,21.0
721,1377791672,21.0
721,1377791677,21.0
721,1377791682,21.0
721,1377791687,20.99
721,1377791692,21.01
721,1377791697,21.0
721,1377791702,21.0
721,1377791707,21.0
721,1377791712,21.01
721,1377791717,21.0
721,1377791722,21.0
721,1377791727,21.0
721,1377791732,21.0
721,1377791737,21.0
721,1377791742,21.0
721,1377791747,21.01
721,1377791752,21.0
721,1377791757,20.99
721,1377791762,21.0
721,1377791767,20.98
721,1377791772,21.0
721,1377791777,21.01
721,1377791782,21.0
721,1377791787,21.0
721,1377791792,20.99
721,1377791797,21.0
721,1377791802,21.0
721,1377791807,21.01
721,1377791812,21.0
721,1377791817,21.0
721,1377791822,21.01
721,1377791827,21.0
721,1377791832,21.0
721,1377791837,21.0
721,1377791842,21.0
721,1377791847,21.0
721,1377791852,21.0
721,1377791857,20.99
721,1377791862,20.99
721,1377791867,21.0
721,1377791872,21.0
721,1377791877,21.0
721,1377791882,21.0
721,1377791887,21.0
721,1377791892,21.01
721,1377791897,21.01
721,1377791902,21.01
721,1377791907,21.0
721,1377791912,21.0
721,1377791917,21.0
721,1377791922,21.0
721,1377791927,21.01
721,1377791932,21.01
721,1377791937,21.01
721,1377791942,21.0
721,1377791947,21.0
721,1377791952,21.0
721,1377791957,21.01
721,1377791962,20.99
721,1377791967,21.0
721,1377791972,21.01
721,1377791977,21.0
721,1377791982,21.01
721,1377791987,21.01
721,1377791992,21.01
721,1377791997,21.02
721,1377792002,21.02
721,1377792007,21.0
721,1377792012,21.02
721,1377792017,21.01
721,1377792022,21.01
721,1377792027,21.0
721,1377792032,21.02
721,1377792037,21.01
721,1377792042,21.02
721,1377792047,21.01
721,1377792052,21.01
721,1377792057,21.01
721,1377792062,21.02
721,1377792067,21.02
721,1377792072,21.0
721,1377792077,21.01
721,1377792082,21.02
721,1377792087,21.01
721,1377792092,21.01
721,1377792097,21.03
721,1377792102,21.01
721,1377792107,21.03
721,1377792112,21.02
721,1377792117,21.02
721,1377792122,21.01
721,1377792127,21.02
721,1377792132,21.02
721,1377792137,21.02
721,1377792142,21.02
721,1377792147,21.0
721,1377792152,21.02
721,1377792157,21.01
721,1377792162,21.01
721,1377792167,21.01
721,1377792172,21.02
721,1377792177,21.02
721,1377792182,21.02
721,1377792187,21.02
721,1377792192,21.03
721,1377792197,21.02
721,1377792202,21.02
721,1377792207,21.02
721,1377792212,21.02
721,1377792217,21.02
721,1377792222,21.02
721,1377792227,21.02
721,1377792232,21.03
721,1377792237,21.02
721,1377792242,21.02
721,1377792247,21.03
721,1377792252,21.02
721,1377792257,21.03
721,1377792262,21.03
721,1377792267,21.02
721,1377792272,21.02
721,1377792277,21.04
721,1377792282,21.04
721,1377792287,21.02
721,1377792292,21.04
721,1377792297,21.02
721,1377792302,21.02
721,1377792307,21.03
721,1377792312,21.04
721,1377792317,21.03
721,1377792322,21.04
721,1377792327,21.04
721,1377792332,21.04
721,1377792337,21.04
721,1377792342,21.03
721,1377792347,21.04
721,1377792352,21.04
721,1377792357,21.04
721,1377792362,21.04
721,1377792367,21.04
721,1377792372,21.04
721,1377792377,21.03
721,1377792382,21.04
721,1377792387,21.04
721,1377792392,21.05
721,1377792397,21.04
721,1377792402,21.04
721,1377792407,21.04
721,1377792412,21.04
721,1377792417,21.04
721,1377792422,21.04
721,1377792427,21.04
721,1377792432,21.05
721,1377792437,21.04
721,1377792442,21.04
721,1377792447,21.04
721,1377792452,21.04
721,1377792457,21.06
721,1377792462,21.06
721,1377792467,21.05
721,1377792472,21.05
721,1377792477,21.06
721,1377792482,21.04
721,1377792487,21.06
721,1377792492,21.04
721,1377792497,21.04
721,1377792502,21.06
721,1377792507,21.04
721,1377792512,21.05
721,1377792517,21.04
721,1377792522,21.04
721,1377792527,21.06
721,1377792532,21.04
721,1377792537,21.05
721,1377792542,21.06
721,1377792547,21.05
721,1377792552,21.05
721,1377792557,21.06
721,1377792562,21.05
721,1377792567,21.05
721,1377792572,21.06
721,1377792577,21.06
721,1377792582,21.05
721,1377792587,21.06
721,1377792592,21.05
721,1377792597,21.06
721,1377792602,21.07
721,1377792607,21.06
721,1377792612,21.06
721,1377792617,21.06
721,1377792622,21.06
721,1377792627,21.06
721,1377792632,21.06
721,1377792637,21.06
721,1377792642,21.06
721,1377792647,21.05
721,1377792652,21.07
721,1377792657,21.06
721,1377792662,21.06
721,1377792667,21.06
721,1377792672,21.06
721,1377792677,21.06
721,1377792682,21.06
721,1377792687,21.07
721,1377792692,21.07
721,1377792697,21.06
721,1377792704,21.06
721,1377792710,21.06
721,1377792716,21.06
721,1377792717,21.06
721,1377792728,21.06
721,1377792732,21.06
721,1377792740,21.06
721,1377792745,21.06
721,1377792751,21.06
721,1377792753,21.06
721,1377792757,21.07
721,1377792765,21.07
721,1377792770,21.06
721,1377792772,21.06
721,1377792784,21.06
721,1377792788,21.06
721,1377792792,21.08
721,1377792798,21.07
721,1377792805,21.07
721,1377792821,21.07
721,1377792822,21.07
721,1377792832,21.06
721,1377792852,21.07
721,1377792869,21.07
721,1377792883,21.08
721,1377792892,21.07
721,1377792911,21.08
721,1377792912,21.07
721,1377792927,21.08
721,1377792932,21.08
721,1377792939,21.08
721,1377792948,21.09
721,1377792965,21.08
721,1377792971,21.08
721,1377792972,21.08
721,1377792977,21.09
721,1377793001,21.09
721,1377793013,21.09
721,1377793026,21.1
721,1377793040,21.1
721,1377793048,21.1
721,1377793065,21.1
721,1377793084,21.11
721,1377793090,21.09
721,1377793098,21.1
721,1377793109,21.1
721,1377793127,21.1
721,1377793140,21.11
721,1377793163,21.11
721,1377793167,21.12
721,1377793172,21.11
721,1377793177,21.11
721,1377793182,21.12
721,1377793200,21.12
721,1377793202,21.11
721,1377793207,21.12
721,1377793212,21.12
721,1377793217,21.12
721,1377793232,21.12
721,1377793257,21.12
721,1377793262,21.12
721,1377793267,21.12
721,1377793286,21.13
721,1377793304,21.12
721,1377793307,21.12
721,1377793331,21.12
721,1377793336,21.12
721,1377793341,21.13
721,1377793342,21.13
721,1377793347,21.13
721,1377793359,21.13
721,1377793364,21.12
721,1377793376,21.14
721,1377793377,21.14
721,1377793390,21.13
721,1377793399,21.14
721,1377793411,21.14
721,1377793412,21.14
721,1377793429,21.15
721,1377793432,21.14
721,1377793444,21.15
721,1377793452,21.14
721,1377793460,21.14
721,1377793467,21.14
721,1377793481,21.15
721,1377793482,21.14
721,1377793495,21.15
721,1377793497,21.14
721,1377793511,21.16
721,1377793512,21.16
721,1377793522,21.16
721,1377793532,21.16
721,1377793537,21.15
721,1377793542,21.15
721,1377793547,21.15
721,1377793553,21.14
721,1377793562,21.15
721,1377793567,21.16
721,1377793584,21.16
721,1377793587,21.15
721,1377793593,21.15
721,1377793618,21.16
721,1377793629,21.16
721,1377793634,21.17
721,1377793637,21.16
721,1377793642,21.18
721,1377793647,21.16
721,1377793652,21.16
721,1377793657,21.18
721,1377793662,21.17
721,1377793667,21.18
721,1377793672,21.16
721,1377793677,21.16
721,1377793682,21.16
721,1377793687,21.18
721,1377793692,21.17
721,1377793697,21.16
721,1377793702,21.17
721,1377793706,21.18
721,1377793712,21.18
721,1377793717,21.19
721,1377793722,21.18
721,1377793731,21.18
721,1377793737,21.18
721,1377793742,21.18
721,1377793747,21.18
721,1377793752,21.17
721,1377793757,21.18
721,1377793762,21.17
721,1377793766,21.18
721,1377793772,21.18
721,1377793777,21.18
721,1377793782,21.18
721,1377793787,21.18
721,1377793792,21.18
721,1377793797,21.18
721,1377793802,21.18
721,1377793807,21.19
721,1377793812,21.19
721,1377793816,21.2
721,1377793822,21.19
721,1377793827,21.18
721,1377793832,21.19
721,1377793837,21.18
721,1377793842,21.19
721,1377793847,21.18
721,1377793852,21.19
721,1377793857,21.2
721,1377793862,21.19
721,1377793867,21.2
721,1377793871,21.19
721,1377793877,21.19
721,1377793882,21.2
721,1377793887,21.19
721,1377793892,21.2
721,1377793897,21.19
721,1377793902,21.19
721,1377793906,21.2
721,1377793912,21.2
721,1377793917,21.2
721,1377793922,21.2
721,1377793927,21.21
721,1377793932,21.2
721,1377793937,21.2
721,1377793941,21.2
721,1377793947,21.2
721,1377793951,21.2
721,1377793957,21.2
721,1377793962,21.2
721,1377793967,21.21
721,1377793971,21.2
721,1377793977,21.21
721,1377793982,21.21
721,1377793987,21.22
721,1377793992,21.22
721,1377793996,21.2
721,1377794002,21.21
721,1377794007,21.22
721,1377794012,21.22
721,1377794017,21.22
721,1377794022,21.21
721,1377794027,21.22
721,1377794031,21.22
721,1377794036,21.22
721,1377794041,21.21
721,1377794047,21.22
721,1377794052,21.22
721,1377794057,21.23
721,1377794061,21.23
721,1377794066,21.22
721,1377794072,21.23
721,1377794077,21.23
721,1377794082,21.25
721,1377794087,21.22
721,1377794091,21.23
721,1377794096,21.22
721,1377794102,21.23
721,1377794106,21.22
721,1377794111,21.23
721,1377794116,21.22
721,1377794122,21.22
721,1377794127,21.22
721,1377794132,21.23
721,1377794136,21.23
721,1377794141,21.23
721,1377794147,21.23
721,1377794152,21.23
721,1377794157,21.24
721,1377794161,21.24
721,1377794167,21.23
721,1377794172,21.24
721,1377794177,21.23
721,1377794181,21.23
721,1377794186,21.23
721,1377794191,21.23
721,1377794197,21.24
721,1377794202,21.24
721,1377794206,21.24
721,1377794211,21.22
721,1377794216,21.25
721,1377794222,21.24
721,1377794226,21.24
721,1377794231,21.24
721,1377794236,21.25
721,1377794241,21.25
721,1377794247,21.25
721,1377794251,21.25
721,1377794256,21.24
721,1377794261,21.25
721,1377794266,21.25
721,1377794271,21.24
721,1377794277,21.26
721,1377794282,21.26
721,1377794286,21.25
721,1377794291,21.25
721,1377794297,21.26
721,1377794302,21.24
721,1377794307,21.25
721,1377794311,21.26
721,1377794317,21.26
721,1377794321,21.25
721,1377794327,21.25
721,1377794331,21.26
721,1377794336,21.26
721,1377794342,21.25
721,1377794347,21.26
721,1377794352,21.25
721,1377794356,21.26
721,1377794361,21.27
721,1377794366,21.26
721,1377794371,21.25
721,1377794377,21.26
721,1377794381,21.26
721,1377794386,21.25
721,1377794391,21.25
721,1377794396,21.26
721,1377794401,21.26
721,1377794407,21.26
721,1377794411,21.26
721,1377794416,21.26
721,1377794421,21.26
721,1377794426,21.27
721,1377794431,21.27
721,1377794436,21.26
721,1377794444,21.26
721,1377794446,21.27
721,1377794451,21.26
721,1377794456,21.27
721,1377794461,21.27
721,1377794466,21.27
721,1377794471,21.27
721,1377794476,21.26
721,1377794481,21.27
721,1377794486,21.27
721,1377794491,21.27
721,1377794496,21.27
721,1377794501,21.27
721,1377794506,21.26
721,1377794511,21.28
721,1377794516,21.27
721,1377794521,21.28
721,1377794526,21.27
721,1377794531,21.28
721,1377794536,21.29
721,1377794541,21.28
721,1377794546,21.28
721,1377794551,21.29
721,1377794557,21.28
721,1377794561,21.28
721,1377794566,21.29
721,1377794571,21.29
721,1377794576,21.29
721,1377794581,21.28
721,1377794586,21.28
721,1377794591,21.28
721,1377794596,21.28
721,1377794601,21.28
721,1377794606,21.28
721,1377794612,21.29
721,1377794616,21.28
721,1377794621,21.28
721,1377794626,21.28
721,1377794631,21.3
721,1377794636,21.3
721,1377794641,21.3
721,1377794646,21.29
721,1377794651,21.28
721,1377794656,21.3
721,1377794661,21.29
721,1377794667,21.3
721,1377794671,21.3
721,1377794676,21.3
721,1377794681,21.3
721,1377794686,21.3
721,1377794691,21.3
721,1377794696,21.3
721,1377794701,21.3
721,1377794706,21.3
721,1377794711,21.3
721,1377794716,21.3
721,1377794721,21.31
721,1377794726,21.31
721,1377794731,21.3
721,1377794736,21.3
721,1377794741,21.3
721,1377794746,21.3
721,1377794752,21.31
721,1377794756,21.32
721,1377794762,21.31
721,1377794766,21.32
721,1377794771,21.31
721,1377794776,21.32
721,1377794781,21.32
721,1377794786,21.3
721,1377794791,21.33
721,1377794797,21.32
721,1377794801,21.32
721,1377794806,21.32
721,1377794812,21.32
721,1377794816,21.31
721,1377794821,21.32
721,1377794826,21.32
721,1377794832,21.33
721,1377794836,21.32
721,1377794841,21.32
721,1377794847,21.32
721,1377794851,21.33
721,1377794856,21.33
721,1377794861,21.33
721,1377794866,21.32
721,1377794871,21.34
721,1377794876,21.32
721,1377794881,21.33
721,1377794886,21.33
721,1377794891,21.33
721,1377794896,21.34
721,1377794901,21.34
721,1377794906,21.34
721,1377794911,21.33
721,1377794916,21.34
721,1377794922,21.35
721,1377794926,21.34
721,1377794931,21.34
721,1377794936,21.34
721,1377794941,21.35
721,1377794946,21.34
721,1377794951,21.34
721,1377794956,21.34
721,1377794961,21.35
721,1377794966,21.35
721,1377794971,21.35
721,1377794976,21.36
721,1377794981,21.35
721,1377794986,21.34
721,1377794991,21.35
721,1377794996,21.34
721,1377795001,21.36
721,1377795006,21.35
721,1377795011,21.36
721,1377795016,21.37
721,1377795021,21.36
721,1377795026,21.36
721,1377795031,21.37
721,1377795036,21.36
721,1377795041,21.36
721,1377795047,21.36
721,1377795051,21.36
721,1377795056,21.36
721,1377795061,21.37
721,1377795066,21.37
721,1377795071,21.36
721,1377795076,21.36
721,1377795081,21.37
721,1377795086,21.37
721,1377795091,21.37
721,1377795096,21.37
721,1377795101,21.38
721,1377795106,21.38
721,1377795111,21.38
721,1377795116,21.37
721,1377795121,21.37
721,1377795126,21.37
721,1377795131,21.38
721,1377795137,21.37
721,1377795141,21.38
721,1377795146,21.37
721,1377795151,21.38
721,1377795156,21.39
721,1377795161,21.39
721,1377795166,21.39
721,1377795171,21.38
721,1377795176,21.38
721,1377795181,21.37
721,1377795186,21.39
721,1377795191,21.39
721,1377795196,21.38
721,1377795201,21.38
721,1377795206,21.39
721,1377795211,21.39
721,1377795217,21.39
721,1377795221,21.4
721,1377795226,21.4
721,1377795231,21.38
721,1377795236,21.39
721,1377795241,21.38
721,1377795246,21.4
721,1377795251,21.38
721,1377795256,21.4
721,1377795261,21.39
721,1377795266,21.4
721,1377795271,21.4
721,1377795276,21.38
721,1377795281,21.4
721,1377795286,21.4
721,1377795291,21.39
721,1377795296,21.4
721,1377795301,21.4
721,1377795306,21.4
721,1377795311,21.4
721,1377795316,21.4
721,1377795321,21.4
721,1377795326,21.4
721,1377795331,21.41
721,1377795336,21.4
721,1377795341,21.4
721,1377795346,21.4
721,1377795351,21.4
721,1377795356,21.4
721,1377795361,21.4
721,1377795366,21.4
721,1377795371,21.41
721,1377795376,21.42
721,1377795381,21.41
721,1377795386,21.41
721,1377795391,21.41
721,1377795396,21.41
721,1377795401,21.41
721,1377795406,21.4
721,1377795411,21.41
721,1377795416,21.42
721,1377795421,21.41
721,1377795426,21.41
721,1377795431,21.4
721,1377795436,21.42
721,1377795441,21.41
721,1377795446,21.42
721,1377795451,21.41
721,1377795456,21.43
721,1377795461,21.42
721,1377795466,21.42
721,1377795471,21.42
721,1377795476,21.43
721,1377795481,21.43
721,1377795486,21.43
721,1377795491,21.42
721,1377795496,21.42
721,1377795502,21.43
721,1377795506,21.43
721,1377795511,21.42
721,1377795516,21.45
721,1377795521,21.43
721,1377795526,21.42
721,1377795531,21.44
721,1377795536,21.44
721,1377795541,21.43
721,1377795546,21.43
721,1377795551,21.44
721,1377795556,21.43
721,1377795562,21.43
721,1377795571,21.44
721,1377795576,21.44
721,1377795581,21.44
721,1377795586,21.44
721,1377795591,21.44
721,1377795596,21.44
721,1377795601,21.44
721,1377795606,21.44
721,1377795611,21.44
721,1377795616,21.44
721,1377795621,21.44
721,1377795626,21.45
721,1377795631,21.45
721,1377795636,21.45
721,1377795641,21.45
721,1377795646,21.45
721,1377795651,21.44
721,1377795656,21.46
721,1377795661,21.45
721,1377795666,21.45
721,1377795671,21.46
721,1377795676,21.45
721,1377795681,21.46
721,1377795686,21.46
721,1377795691,21.47
721,1377795696,21.47
721,1377795701,21.46
721,1377795706,21.46
721,1377795711,21.46
721,1377795716,21.46
721,1377795721,21.48
721,1377795726,21.46
721,1377795731,21.46
721,1377795736,21.46
721,1377795741,21.46
721,1377795746,21.47
721,1377795751,21.47
721,1377795756,21.46
721,1377795761,21.46
721,1377795766,21.48
721,1377795771,21.46
721,1377795776,21.47
721,1377795781,21.47
721,1377795786,21.48
721,1377795791,21.46
721,1377795796,21.48
721,1377795801,21.48
721,1377795806,21.48
721,1377795811,21.49
721,1377795816,21.48
721,1377795822,21.47
721,1377795826,21.48
721,1377795831,21.48
721,1377795836,21.48
721,1377795841,21.48
721,1377795846,21.48
721,1377795851,21.48
721,1377795856,21.48
721,1377795861,21.47
721,1377795867,21.48
721,1377795871,21.48
721,1377795876,21.48
721,1377795881,21.48
721,1377795886,21.48
721,1377795891,21.49
721,1377795896,21.49
721,1377795901,21.48
721,1377795906,21.49
721,1377795911,21.49
721,1377795916,21.49
721,1377795921,21.5
721,1377795926,21.5
721,1377795931,21.48
721,1377795936,21.49
721,1377795941,21.48
721,1377795946,21.49
721,1377795951,21.5
721,1377795957,21.49
721,1377795961,21.5
721,1377795966,21.5
721,1377795971,21.5
721,1377795976,21.5
721,1377795981,21.51
721,1377795986,21.51
721,1377795991,21.51
721,1377795996,21.51
721,1377796001,21.51
721,1377796006,21.51
721,1377796011,21.5
721,1377796016,21.51
721,1377796021,21.52
721,1377796026,21.51
721,1377796031,21.52
721,1377796036,21.51
721,1377796041,21.51
721,1377796046,21.52
721,1377796051,21.51
721,1377796056,21.51
721,1377796061,21.51
721,1377796066,21.52
721,1377796071,21.52
721,1377796076,21.51
721,1377796081,21.52
721,1377796086,21.52
721,1377796091,21.51
721,1377796096,21.52
721,1377796101,21.52
721,1377796106,21.52
721,1377796111,21.52
721,1377796116,21.52
721,1377796121,21.52
721,1377796126,21.52
721,1377796131,21.52
721,1377796136,21.53
721,1377796141,21.53
721,1377796146,21.53
721,1377796151,21.52
721,1377796156,21.54
721,1377796161,21.53
721,1377796166,21.53
721,1377796171,21.52
721,1377796176,21.54
721,1377796181,21.53
721,1377796186,21.53
721,1377796191,21.52
721,1377796196,21.53
721,1377796201,21.54
721,1377796206,21.54
721,1377796211,21.54
721,1377796216,21.54
721,1377796221,21.54
721,1377796226,21.53
721,1377796231,21.53
721,1377796236,21.54
721,1377796241,21.54
721,1377796246,21.55
721,1377796251,21.54
721,1377796256,21.54
721,1377796261,21.55
721,1377796266,21.54
721,1377796271,21.54
721,1377796276,21.54
721,1377796281,21.54
721,1377796286,21.54
721,1377796291,21.55
721,1377796296,21.54
721,1377796301,21.55
721,1377796306,21.54
721,1377796311,21.55
721,1377796316,21.56
721,1377796321,21.56
721,1377796326,21.55
721,1377796331,21.55
721,1377796336,21.56
721,1377796341,21.57
721,1377796346,21.56
721,1377796351,21.56
721,1377796356,21.56
721,1377796361,21.56
721,1377796366,21.55
721,1377796371,21.56
721,1377796376,21.56
721,1377796381,21.56
721,1377796386,21.55
721,1377796391,21.56
721,1377796396,21.56
721,1377796401,21.56
721,1377796406,21.56
721,1377796411,21.55
721,1377796416,21.56
721,1377796421,21.56
721,1377796426,21.58
721,1377796431,21.57
721,1377796436,21.58
721,1377796441,21.56
721,1377796446,21.57
721,1377796451,21.57
721,1377796456,21.58
721,1377796461,21.56
721,1377796466,21.58
721,1377796471,21.57
721,1377796476,21.58
721,1377796481,21.56
721,1377796486,21.58
721,1377796491,21.58
721,1377796496,21.57
721,1377796501,21.58
721,1377796506,21.58
721,1377796511,21.58
721,1377796516,21.59
721,1377796521,21.58
721,1377796526,21.58
721,1377796531,21.59
721,1377796536,21.59
721,1377796541,21.58
721,1377796546,21.58
721,1377796551,21.59
721,1377796556,21.58
721,1377796561,21.6
721,1377796566,21.59
721,1377796571,21.59
721,1377796576,21.59
721,1377796581,21.58
721,1377796586,21.59
721,1377796591,21.6
721,1377796596,21.6
721,1377796601,21.6
721,1377796606,21.6
721,1377796612,21.59
721,1377796616,21.6
721,1377796621,21.6
721,1377796626,21.6
721,1377796631,21.6
721,1377796636,21.6
721,1377796641,21.6
721,1377796646,21.6
721,1377796651,21.6
721,1377796656,21.6
721,1377796661,21.6
721,1377796666,21.6
721,1377796671,21.6
721,1377796676,21.61
721,1377796681,21.61
721,1377796686,21.61
721,1377796691,21.62
721,1377796696,21.61
721,1377796701,21.62
721,1377796706,21.62
721,1377796711,21.62
721,1377796716,21.61
721,1377796721,21.61
721,1377796726,21.62
721,1377796731,21.62
721,1377796736,21.61
721,1377796741,21.62
721,1377796746,21.62
721,1377796751,21.62
721,1377796756,21.61
721,1377796761,21.62
721,1377796766,21.62
721,1377796771,21.62
721,1377796776,21.62
721,1377796781,21.62
721,1377796786,21.63
721,1377796791,21.62
721,1377796796,21.62
721,1377796801,21.63
721,1377796806,21.62
721,1377796811,21.63
721,1377796816,21.63
721,1377796821,21.63
721,1377796826,21.63
721,1377796831,21.64
721,1377796836,21.63
721,1377796841,21.63
721,1377796846,21.63
721,1377796851,21.64
721,1377796856,21.64
721,1377796861,21.64
721,1377796866,21.63
721,1377796871,21.64
721,1377796876,21.65
721,1377796881,21.64
721,1377796886,21.64
721,1377796891,21.65
721,1377796896,21.65
721,1377796901,21.64
721,1377796906,21.65
721,1377796911,21.65
721,1377796916,21.66
721,1377796921,21.64
721,1377796926,21.65
721,1377796931,21.66
721,1377796936,21.66
721,1377796941,21.65
721,1377796946,21.65
721,1377796951,21.66
721,1377796956,21.64
721,1377796961,21.65
721,1377796966,21.66
721,1377796971,21.65
721,1377796976,21.65
721,1377796981,21.65
721,1377796986,21.66
721,1377796991,21.66
721,1377796996,21.66
721,1377797001,21.66
721,1377797006,21.66
721,1377797012,21.65
721,1377797016,21.67
721,1377797021,21.67
721,1377797026,21.67
721,1377797031,21.66
721,1377797036,21.67
721,1377797041,21.66
721,1377797046,21.66
721,1377797051,21.67
721,1377797056,21.66
721,1377797061,21.66
721,1377797066,21.67
721,1377797071,21.67
721,1377797076,21.67
721,1377797081,21.68
721,1377797086,21.68
721,1377797091,21.67
721,1377797096,21.66
721,1377797101,21.66
721,1377797106,21.68
721,1377797111,21.67
721,1377797116,21.67
721,1377797121,21.68
721,1377797126,21.68
721,1377797131,21.68
721,1377797136,21.68
721,1377797141,21.67
721,1377797146,21.68
721,1377797151,21.68
721,1377797156,21.68
721,1377797161,21.68
721,1377797166,21.68
721,1377797171,21.69
721,1377797176,21.69
721,1377797181,21.68
721,1377797186,21.68
721,1377797191,21.68
721,1377797196,21.69
721,1377797201,21.68
721,1377797206,21.69
721,1377797211,21.68
721,1377797216,21.69
721,1377797221,21.68
721,1377797226,21.68
721,1377797231,21.68
721,1377797236,21.68
721,1377797241,21.68
721,1377797246,21.7
721,1377797251,21.69
721,1377797256,21.7
721,1377797261,21.69
721,1377797266,21.7
721,1377797271,21.69
721,1377797276,21.69
721,1377797281,21.7
721,1377797286,21.7
721,1377797291,21.7
721,1377797296,21.7
721,1377797301,21.7
721,1377797306,21.7
721,1377797311,21.7
721,1377797316,21.7
721,1377797321,21.7
721,1377797326,21.7
721,1377797331,21.71
721,1377797336,21.7
721,1377797341,21.7
721,1377797346,21.71
721,1377797351,21.71
721,1377797356,21.7
721,1377797361,21.7
721,1377797366,21.72
721,1377797371,21.72
721,1377797376,21.72
721,1377797381,21.71
721,1377797386,21.71
721,1377797394,21.71
721,1377797396,21.71
721,1377797401,21.71
721,1377797406,21.71
721,1377797411,21.72
721,1377797416,21.72
721,1377797421,21.72
721,1377797426,21.72
721,1377797431,21.72
721,1377797436,21.72
721,1377797441,21.71
721,1377797446,21.72
721,1377797451,21.73
721,1377797456,21.72
721,1377797461,21.73
721,1377797466,21.72
721,1377797471,21.72
721,1377797476,21.73
721,1377797481,21.72
721,1377797486,21.72
721,1377797491,21.72
721,1377797496,21.72
721,1377797501,21.74
721,1377797506,21.73
721,1377797511,21.73
721,1377797516,21.73
721,1377797521,21.73
721,1377797526,21.74
721,1377797531,21.73
721,1377797536,21.73
721,1377797541,21.73
721,1377797547,21.73
721,1377797551,21.74
721,1377797556,21.74
721,1377797561,21.74
721,1377797566,21.74
721,1377797571,21.74
721,1377797576,21.74
721,1377797581,21.74
721,1377797586,21.74
721,1377797591,21.75
721,1377797596,21.74
721,1377797601,21.74
721,1377797606,21.74
721,1377797611,21.74
721,1377797616,21.74
721,1377797621,21.73
721,1377797626,21.74
721,1377797631,21.74
721,1377797636,21.74
721,1377797641,21.75
721,1377797646,21.74
721,1377797651,21.74
721,1377797656,21.76
721,1377797661,21.76
721,1377797666,21.75
721,1377797671,21.76
721,1377797676,21.75
721,1377797681,21.76
721,1377797686,21.75
721,1377797691,21.76
721,1377797696,21.75
721,1377797701,21.75
721,1377797706,21.76
721,1377797711,21.75
721,1377797716,21.76
721,1377797721,21.76
721,1377797726,21.76
721,1377797731,21.76
721,1377797736,21.75
721,1377797741,21.76
721,1377797746,21.76
721,1377797751,21.76
721,1377797756,21.76
721,1377797761,21.76
721,1377797766,21.76
721,1377797771,21.75
721,1377797776,21.76
721,1377797781,21.76
721,1377797786,21.77
721,1377797791,21.77
721,1377797796,21.76
721,1377797801,21.77
721,1377797806,21.76
721,1377797811,21.78
721,1377797816,21.76
721,1377797821,21.77
721,1377797826,21.77
721,1377797831,21.77
721,1377797836,21.77
721,1377797841,21.78
721,1377797846,21.77
721,1377797851,21.78
721,1377797856,21.78
721,1377797861,21.78
721,1377797866,21.78
721,1377797871,21.78
721,1377797876,21.79
721,1377797881,21.78
721,1377797886,21.79
721,1377797891,21.79
721,1377797896,21.79
721,1377797901,21.79
721,1377797906,21.79
721,1377797911,21.79
721,1377797917,21.78
721,1377797921,21.8
721,1377797926,21.8
721,1377797931,21.79
721,1377797936,21.78
721,1377797941,21.79
721,1377797946,21.8
721,1377797951,21.8
721,1377797956,21.8
721,1377797961,21.81
721,1377797966,21.8
721,1377797971,21.79
721,1377797976,21.8
721,1377797981,21.8
721,1377797986,21.8
721,1377797991,21.8
721,1377797996,21.8
721,1377798001,21.79
721,1377798006,21.8
721,1377798011,21.8
721,1377798016,21.8
721,1377798021,21.8
721,1377798026,21.81
721,1377798031,21.81
721,1377798036,21.8
721,1377798041,21.81
721,1377798046,21.81
721,1377798051,21.81
721,1377798056,21.82
721,1377798061,21.8
721,1377798067,21.82
721,1377798071,21.81
721,1377798076,21.82
721,1377798081,21.81
721,1377798086,21.81
721,1377798091,21.82
721,1377798096,21.82
721,1377798101,21.81
721,1377798106,21.81
721,1377798111,21.81
721,1377798116,21.82
721,1377798121,21.83
721,1377798126,21.83
721,1377798131,21.82
721,1377798137,21.82
721,1377798141,21.82
721,1377798146,21.84
721,1377798151,21.81
721,1377798156,21.82
721,1377798161,21.82
721,1377798166,21.82
721,1377798171,21.83
721,1377798176,21.82
721,1377798181,21.82
721,1377798186,21.82
721,1377798191,21.83
721,1377798196,21.84
721,1377798201,21.83
721,1377798206,21.83
721,1377798211,21.82
721,1377798216,21.82
721,1377798221,21.82
721,1377798226,21.83
721,1377798231,21.82
721,1377798236,21.83
721,1377798241,21.84
721,1377798246,21.83
721,1377798251,21.83
721,1377798256,21.82
721,1377798261,21.84
721,1377798266,21.84
721,1377798271,21.84
721,1377798276,21.84
721,1377798281,21.84
721,1377798286,21.84
721,1377798291,21.85
721,1377798296,21.85
721,1377798301,21.84
721,1377798306,21.83
721,1377798311,21.84
721,1377798316,21.84
721,1377798321,21.84
721,1377798326,21.84
721,1377798331,21.84
721,1377798336,21.84
721,1377798341,21.84
721,1377798346,21.84
721,1377798351,21.85
721,1377798356,21.84
721,1377798361,21.85
721,1377798367,21.85
721,1377798371,21.85
721,1377798376,21.85
721,1377798381,21.84
721,1377798386,21.85
721,1377798391,21.85
721,1377798396,21.85
721,1377798401,21.85
721,1377798406,21.85
721,1377798411,21.84
721,1377798416,21.85
721,1377798421,21.85
721,1377798426,21.85
721,1377798431,21.86
721,1377798436,21.86
721,1377798441,21.85
721,1377798446,21.85
721,1377798451,21.86
721,1377798456,21.86
721,1377798461,21.87
721,1377798466,21.86
721,1377798471,21.86
721,1377798476,21.86
721,1377798481,21.86
721,1377798486,21.86
721,1377798491,21.86
721,1377798496,21.86
721,1377798501,21.86
721,1377798506,21.87
721,1377798511,21.86
721,1377798516,21.86
721,1377798521,21.87
721,1377798526,21.86
721,1377798531,21.85
721,1377798536,21.87
721,1377798541,21.86
721,1377798546,21.86
721,1377798551,21.87
721,1377798556,21.87
721,1377798561,21.86
721,1377798566,21.86
721,1377798571,21.87
721,1377798576,21.86
721,1377798581,21.87
721,1377798586,21.86
721,1377798591,21.86
721,1377798596,21.86
721,1377798601,21.87
721,1377798606,21.87
721,1377798611,21.87
721,1377798618,21.86
721,1377798621,21.88
721,1377798626,21.87
721,1377798631,21.86
721,1377798636,21.87
721,1377798641,21.87
721,1377798646,21.88
721,1377798651,21.87
721,1377798656,21.88
721,1377798661,21.87
721,1377798667,21.88
721,1377798671,21.88
721,1377798676,21.88
721,1377798681,21.87
721,1377798686,21.87
721,1377798691,21.88
721,1377798696,21.87
721,1377798701,21.88
721,1377798706,21.88
721,1377798711,21.87
721,1377798716,21.88
721,1377798721,21.88
721,1377798726,21.88
721,1377798731,21.87
721,1377798736,21.88
721,1377798741,21.88
721,1377798746,21.89
721,1377798751,21.88
721,1377798756,21.88
721,1377798761,21.88
721,1377798766,21.89
721,1377798771,21.88
721,1377798776,21.88
721,1377798781,21.88
721,1377798786,21.89
721,1377798791,21.9
721,1377798796,21.88
721,1377798801,21.88
721,1377798806,21.88
721,1377798811,21.89
721,1377798816,21.89
721,1377798821,21.87
721,1377798826,21.88
721,1377798831,21.88
721,1377798836,21.88
721,1377798841,21.89
721,1377798846,21.88
721,1377798851,21.88
721,1377798856,21.88
721,1377798861,21.89
721,1377798866,21.88
721,1377798871,21.88
721,1377798876,21.89
721,1377798881,21.89
721,1377798886,21.89
721,1377798891,21.88
721,1377798896,21.89
721,1377798901,21.89
721,1377798906,21.9
721,1377798911,21.89
721,1377798916,21.89
721,1377798921,21.9
721,1377798926,21.9
721,1377798931,21.9
721,1377798936,21.9
721,1377798941,21.9
721,1377798946,21.9
721,1377798951,21.9
721,1377798956,21.9
721,1377798961,21.91
721,1377798966,21.9
721,1377798971,21.91
721,1377798976,21.91
721,1377798981,21.91
721,1377798986,21.89
721,1377798991,21.91
721,1377798996,21.9
721,1377799001,21.9
721,1377799006,21.91
721,1377799011,21.9
721,1377799016,21.91
721,1377799021,21.9
721,1377799027,21.9
721,1377799031,21.92
721,1377799036,21.9
721,1377799041,21.9
721,1377799046,21.91
721,1377799051,21.91
721,1377799056,21.92
721,1377799061,21.89
721,1377799066,21.9
721,1377799071,21.9
721,1377799076,21.9
721,1377799081,21.9
721,1377799086,21.91
721,1377799092,21.91
721,1377799096,21.91
721,1377799101,21.9
721,1377799106,21.9
721,1377799111,21.91
721,1377799116,21.91
721,1377799121,21.9
721,1377799126,21.92
721,1377799131,21.92
721,1377799136,21.91
721,1377799141,21.91
721,1377799146,21.91
721,1377799151,21.92
721,1377799156,21.91
721,1377799161,21.92
721,1377799166,21.92
721,1377799171,21.92
721,1377799176,21.91
721,1377799181,21.91
721,1377799186,21.92
721,1377799191,21.92
721,1377799196,21.9
721,1377799201,21.92
721,1377799206,21.91
721,1377799211,21.91
721,1377799216,21.92
721,1377799221,21.92
721,1377799226,21.91
721,1377799231,21.92
721,1377799236,21.92
721,1377799241,21.92
721,1377799246,21.92
721,1377799251,21.93
721,1377799256,21.92
721,1377799261,21.92
721,1377799266,21.91
721,1377799271,21.92
721,1377799276,21.92
721,1377799281,21.92
721,1377799286,21.92
721,1377799291,21.92
721,1377799296,21.92
721,1377799301,21.92
721,1377799306,21.93
721,1377799311,21.92
721,1377799316,21.92
721,1377799321,21.92
721,1377799326,21.92
721,1377799331,21.93
721,1377799336,21.92
721,1377799341,21.93
721,1377799346,21.93
721,1377799351,21.92
721,1377799356,21.92
721,1377799361,21.93
721,1377799366,21.92
721,1377799371,21.92
721,1377799376,21.93
721,1377799381,21.92
721,1377799386,21.92
721,1377799391,21.92
721,1377799396,21.92
721,1377799401,21.92
721,1377799406,21.92
721,1377799411,21.92
721,1377799416,21.94
721,1377799421,21.93
721,1377799426,21.92
721,1377799431,21.93
721,1377799436,21.93
721,1377799441,21.92
721,1377799446,21.92
721,1377799451,21.93
721,1377799456,21.93
721,1377799461,21.93
721,1377799466,21.93
721,1377799471,21.93
721,1377799476,21.94
721,1377799481,21.94
721,1377799486,21.93
721,1377799491,21.93
721,1377799496,21.93
721,1377799501,21.92
721,1377799506,21.93
721,1377799512,21.93
721,1377799516,21.93
721,1377799521,21.94
721,1377799526,21.93
721,1377799531,21.94
721,1377799536,21.94
721,1377799541,21.94
721,1377799546,21.94
721,1377799551,21.94
721,1377799556,21.94
721,1377799561,21.93
721,1377799566,21.94
721,1377799571,21.94
721,1377799576,21.94
721,1377799581,21.94
721,1377799586,21.94
721,1377799591,21.94
721,1377799596,21.94
721,1377799601,21.93
721,1377799606,21.94
721,1377799611,21.94
721,1377799616,21.94
721,1377799621,21.94
721,1377799626,21.95
721,1377799631,21.95
721,1377799636,21.93
721,1377799642,21.95
721,1377799646,21.95
721,1377799651,21.95
721,1377799656,21.94
721,1377799661,21.94
721,1377799666,21.94
721,1377799671,21.94
721,1377799676,21.95
721,1377799682,21.95
721,1377799686,21.95
721,1377799691,21.94
721,1377799696,21.95
721,1377799701,21.95
721,1377799706,21.96
721,1377799711,21.95
721,1377799717,21.96
721,1377799721,21.95
721,1377799726,21.95
721,1377799731,21.96
721,1377799736,21.94
721,1377799741,21.96
721,1377799746,21.96
721,1377799751,21.96
721,1377799756,21.96
721,1377799761,21.95
721,1377799766,21.96
721,1377799771,21.96
721,1377799776,21.96
721,1377799781,21.96
721,1377799786,21.96
721,1377799791,21.96
721,1377799796,21.96
721,1377799801,21.96
721,1377799806,21.97
721,1377799811,21.97
721,1377799816,21.96
721,1377799821,21.96
721,1377799826,21.97
721,1377799831,21.97
721,1377799836,21.97
721,1377799841,21.96
721,1377799846,21.97
721,1377799851,21.98
721,1377799856,21.96
721,1377799861,21.97
721,1377799866,21.97
721,1377799871,21.98
721,1377799876,21.98
721,1377799881,21.97
721,1377799886,21.98
721,1377799891,21.97
721,1377799896,21.97
721,1377799901,21.98
721,1377799906,21.98
721,1377799911,21.98
721,1377799916,21.98
721,1377799921,21.98
721,1377799926,21.98
721,1377799931,21.98
721,1377799936,21.97
721,1377799941,21.99
721,1377799946,21.98
721,1377799951,21.98
721,1377799956,21.98
721,1377799961,21.99
721,1377799966,21.98
721,1377799971,22.0
721,1377799976,22.0
721,1377799981,21.98
721,1377799986,21.98
721,1377799991,21.98
721,1377799996,21.98
721,1377800001,21.98
721,1377800006,21.99
721,1377800011,21.99
721,1377800016,21.99
721,1377800021,22.0
721,1377800026,21.98
721,1377800031,21.99
721,1377800036,21.99
721,1377800041,21.99
721,1377800046,22.0
721,1377800051,22.0
721,1377800056,21.99
721,1377800061,22.0
721,1377800066,22.0
721,1377800071,21.99
721,1377800076,22.0
721,1377800081,21.99
721,1377800086,21.99
721,1377800091,22.0
721,1377800096,22.0
721,1377800101,22.0
721,1377800106,21.99
721,1377800111,22.0
721,1377800116,22.0
721,1377800121,22.0
721,1377800126,22.0
721,1377800131,22.0
721,1377800136,22.01
721,1377800141,22.0
721,1377800146,22.01
721,1377800151,22.0
721,1377800156,22.01
721,1377800161,22.02
721,1377800166,22.02
721,1377800171,22.02
721,1377800176,22.0
721,1377800181,22.01
721,1377800186,22.01
721,1377800191,22.02
721,1377800196,22.01
721,1377800201,22.01
721,1377800206,22.01
721,1377800211,22.01
721,1377800216,22.03
721,1377800221,22.03
721,1377800226,22.03
721,1377800231,22.02
721,1377800236,22.02
721,1377800241,22.03
721,1377800246,22.02
721,1377800251,22.02
721,1377800256,22.02
721,1377800261,22.03
721,1377800266,22.02
721,1377800271,22.04
721,1377800276,22.04
721,1377800281,22.02
721,1377800286,22.02
721,1377800291,22.02
721,1377800296,22.03
721,1377800301,22.03
721,1377800306,22.03
721,1377800311,22.03
721,1377800316,22.02
721,1377800321,22.02
721,1377800326,22.03
721,1377800331,22.03
721,1377800336,22.03
721,1377800341,22.03
721,1377800346,22.03
721,1377800351,22.03
721,1377800356,22.04
721,1377800361,22.02
721,1377800366,22.03
721,1377800371,22.03
721,1377800376,22.04
721,1377800381,22.03
721,1377800386,22.02
721,1377800391,22.04
721,1377800396,22.04
721,1377800401,22.04
721,1377800407,22.02
721,1377800411,22.05
721,1377800416,22.05
721,1377800421,22.04
721,1377800426,22.04
721,1377800431,22.04
721,1377800436,22.04
721,1377800441,22.04
721,1377800446,22.04
721,1377800451,22.03
721,1377800456,22.04
721,1377800461,22.05
721,1377800466,22.04
721,1377800471,22.04
721,1377800476,22.04
721,1377800481,22.04
721,1377800486,22.04
721,1377800491,22.05
721,1377800496,22.05
721,1377800501,22.04
721,1377800506,22.04
721,1377800511,22.05
721,1377800516,22.05
721,1377800521,22.05
721,1377800526,22.04
721,1377800531,22.06
721,1377800536,22.06
721,1377800541,22.06
721,1377800546,22.05
721,1377800551,22.06
721,1377800556,22.06
721,1377800561,22.06
721,1377800566,22.06
721,1377800571,22.05
721,1377800576,22.06
721,1377800581,22.06
721,1377800586,22.06
721,1377800591,22.06
721,1377800596,22.05
721,1377800601,22.07
721,1377800606,22.06
721,1377800611,22.05
721,1377800616,22.06
721,1377800621,22.06
721,1377800626,22.07
721,1377800631,22.07
721,1377800636,22.07
721,1377800641,22.06
721,1377800646,22.07
721,1377800651,22.06
721,1377800656,22.06
721,1377800661,22.07
721,1377800666,22.05
721,1377800671,22.07
721,1377800676,22.06
721,1377800681,22.08
721,1377800686,22.06
721,1377800691,22.08
721,1377800696,22.07
721,1377800701,22.07
721,1377800706,22.06
721,1377800711,22.08
721,1377800716,22.08
721,1377800721,22.08
721,1377800726,22.08
721,1377800731,22.07
721,1377800736,22.08
721,1377800741,22.07
721,1377800746,22.08
721,1377800751,22.07
721,1377800756,22.09
721,1377800761,22.08
721,1377800766,22.08
721,1377800771,22.08
721,1377800776,22.07
721,1377800781,22.08
721,1377800786,22.06
721,1377800791,22.08
721,1377800796,22.09
721,1377800801,22.08
721,1377800806,22.08
721,1377800811,22.08
721,1377800816,22.08
721,1377800821,22.09
721,1377800826,22.08
721,1377800831,22.08
721,1377800836,22.08
721,1377800841,22.1
721,1377800846,22.1
721,1377800851,22.08
721,1377800856,22.09
721,1377800861,22.08
721,1377800866,22.09
721,1377800871,22.09
721,1377800876,22.09
721,1377800881,22.09
721,1377800886,22.09
721,1377800891,22.09
721,1377800896,22.09
721,1377800901,22.09
721,1377800906,22.08
721,1377800911,22.08
721,1377800916,22.1
721,1377800921,22.1
721,1377800926,22.09
721,1377800931,22.09
721,1377800936,22.09
721,1377800941,22.08
721,1377800946,22.1
721,1377800951,22.09
721,1377800956,22.1
721,1377800961,22.09
721,1377800966,22.1
721,1377800971,22.09
721,1377800976,22.09
721,1377800981,22.09
721,1377800986,22.1
721,1377800991,22.1
721,1377800996,22.11
721,1377801001,22.09
721,1377801006,22.09
721,1377801011,22.09
721,1377801016,22.11
721,1377801021,22.1
721,1377801026,22.1
721,1377801031,22.1
721,1377801036,22.1
721,1377801041,22.1
721,1377801046,22.1
721,1377801051,22.1
721,1377801056,22.1
721,1377801062,22.1
721,1377801066,22.11
721,1377801071,22.1
721,1377801076,22.1
721,1377801081,22.1
721,1377801086,22.11
721,1377801091,22.11
721,1377801096,22.11
721,1377801101,22.1
721,1377801106,22.1
721,1377801111,22.1
721,1377801116,22.1
721,1377801121,22.1
721,1377801126,22.1
721,1377801131,22.1
721,1377801136,22.1
721,1377801142,22.12
721,1377801146,22.11
721,1377801151,22.11
721,1377801156,22.12
721,1377801161,22.11
721,1377801166,22.1
721,1377801171,22.11
721,1377801176,22.11
721,1377801181,22.1
721,1377801186,22.12
721,1377801191,22.11
721,1377801196,22.12
721,1377801201,22.1
721,1377801206,22.12
721,1377801211,22.1
721,1377801216,22.11
721,1377801221,22.11
721,1377801226,22.11
721,1377801231,22.11
721,1377801236,22.12
721,1377801241,22.12
721,1377801246,22.12
721,1377801251,22.12
721,1377801256,22.11
721,1377801261,22.12
721,1377801266,22.12
721,1377801271,22.13
721,1377801276,22.12
721,1377801281,22.11
721,1377801286,22.11
721,1377801291,22.12
721,1377801296,22.12
721,1377801301,22.12
721,1377801306,22.12
721,1377801311,22.11
721,1377801316,22.12
721,1377801321,22.13
721,1377801326,22.11
721,1377801331,22.12
721,1377801336,22.12
721,1377801341,22.12
721,1377801346,22.12
721,1377801351,22.12
721,1377801356,22.13
721,1377801361,22.13
721,1377801366,22.14
721,1377801371,22.12
721,1377801376,22.13
721,1377801381,22.13
721,1377801386,22.13
721,1377801391,22.13
721,1377801396,22.12
721,1377801401,22.13
721,1377801406,22.14
721,1377801411,22.14
721,1377801416,22.13
721,1377801421,22.13
721,1377801426,22.13
721,1377801431,22.14
721,1377801436,22.14
721,1377801441,22.14
721,1377801446,22.14
721,1377801451,22.13
721,1377801456,22.12
721,1377801461,22.12
721,1377801466,22.14
721,1377801471,22.14
721,1377801476,22.13
721,1377801481,22.13
721,1377801486,22.14
721,1377801491,22.13
721,1377801496,22.13
721,1377801501,22.13
721,1377801506,22.13
721,1377801511,22.14
721,1377801516,22.14
721,1377801521,22.13
721,1377801526,22.14
721,1377801531,22.15
721,1377801536,22.14
721,1377801541,22.13
721,1377801546,22.13
721,1377801551,22.14
721,1377801556,22.13
721,1377801561,22.13
721,1377801566,22.14
721,1377801571,22.14
721,1377801576,22.14
721,1377801581,22.14
721,1377801586,22.14
721,1377801591,22.13
721,1377801596,22.13
721,1377801601,22.13
721,1377801606,22.14
721,1377801611,22.14
721,1377801616,22.13
721,1377801621,22.14
721,1377801626,22.15
721,1377801631,22.15
721,1377801636,22.15
721,1377801641,22.14
721,1377801646,22.15
721,1377801651,22.14
721,1377801656,22.14
721,1377801662,22.16
721,1377801666,22.15
721,1377801671,22.15
721,1377801676,22.14
721,1377801681,22.14
721,1377801686,22.14
721,1377801691,22.14
721,1377801696,22.15
721,1377801701,22.14
721,1377801706,22.15
721,1377801711,22.14
721,1377801716,22.14
721,1377801721,22.14
721,1377801726,22.15
721,1377801731,22.14
721,1377801736,22.14
721,1377801741,22.14
721,1377801746,22.14
721,1377801751,22.15
721,1377801756,22.14
721,1377801761,22.16
721,1377801766,22.14
721,1377801771,22.14
721,1377801776,22.16
721,1377801781,22.15
721,1377801786,22.14
721,1377801791,22.14
721,1377801796,22.15
721,1377801801,22.15
721,1377801806,22.14
721,1377801811,22.15
721,1377801816,22.15
721,1377801821,22.15
721,1377801826,22.16
721,1377801831,22.15
721,1377801836,22.16
721,1377801841,22.16
721,1377801846,22.15
721,1377801851,22.16
721,1377801856,22.15
721,1377801861,22.16
721,1377801866,22.16
721,1377801871,22.15
721,1377801876,22.15
721,1377801882,22.16
721,1377801886,22.16
721,1377801891,22.15
721,1377801896,22.15
721,1377801901,22.16
721,1377801906,22.16
721,1377801911,22.17
721,1377801916,22.15
721,1377801921,22.15
721,1377801926,22.16
721,1377801931,22.16
721,1377801936,22.16
721,1377801941,22.16
721,1377801946,22.17
721,1377801951,22.16
721,1377801956,22.16
721,1377801961,22.16
721,1377801966,22.16
721,1377801971,22.16
721,1377801976,22.16
721,1377801981,22.16
721,1377801986,22.16
721,1377801991,22.15
721,1377801996,22.16
721,1377802001,22.16
721,1377802006,22.16
721,1377802011,22.16
721,1377802016,22.16
721,1377802021,22.16
721,1377802026,22.17
721,1377802031,22.16
721,1377802036,22.16
721,1377802041,22.16
721,1377802046,22.16
721,1377802051,22.16
721,1377802056,22.16
721,1377802061,22.17
721,1377802066,22.17
721,1377802071,22.16
721,1377802076,22.17
721,1377802081,22.17
721,1377802086,22.17
721,1377802091,22.17
721,1377802096,22.16
721,1377802101,22.17
721,1377802106,22.16
721,1377802111,22.16
721,1377802116,22.16
721,1377802122,22.17
721,1377802126,22.16
721,1377802131,22.17
721,1377802136,22.17
721,1377802141,22.18
721,1377802146,22.18
721,1377802151,22.17
721,1377802156,22.16
721,1377802161,22.18
721,1377802166,22.18
721,1377802171,22.19
721,1377802176,22.18
721,1377802181,22.18
721,1377802186,22.18
721,1377802191,22.16
721,1377802196,22.17
721,1377802201,22.18
721,1377802206,22.17
721,1377802211,22.18
721,1377802216,22.18
721,1377802221,22.18
721,1377802226,22.18
721,1377802231,22.18
721,1377802236,22.17
721,1377802241,22.18
721,1377802246,22.18
721,1377802251,22.17
721,1377802256,22.17
721,1377802261,22.17
721,1377802266,22.18
721,1377802271,22.18
721,1377802276,22.18
721,1377802281,22.18
721,1377802286,22.18
721,1377802291,22.18
721,1377802296,22.18
721,1377802301,22.18
721,1377802306,22.18
721,1377802311,22.17
721,1377802316,22.18
721,1377802321,22.19
721,1377802326,22.18
721,1377802331,22.19
721,1377802336,22.18
721,1377802341,22.18
721,1377802346,22.19
721,1377802351,22.18
721,1377802356,22.18
721,1377802361,22.18
721,1377802366,22.18
721,1377802371,22.18
721,1377802376,22.18
721,1377802381,22.18
721,1377802386,22.18
721,1377802391,22.18
721,1377802396,22.18
721,1377802401,22.19
721,1377802406,22.18
721,1377802411,22.19
721,1377802416,22.19
721,1377802421,22.19
721,1377802426,22.17
721,1377802431,22.19
721,1377802436,22.2
721,1377802441,22.19
721,1377802446,22.18
721,1377802451,22.19
721,1377802456,22.19
721,1377802461,22.18
721,1377802466,22.19
721,1377802471,22.18
721,1377802476,22.19
721,1377802481,22.19
721,1377802486,22.18
721,1377802491,22.18
721,1377802496,22.19
721,1377802501,22.19
721,1377802506,22.19
721,1377802511,22.18
721,1377802516,22.18
721,1377802521,22.19
721,1377802526,22.19
721,1377802531,22.19
721,1377802536,22.18
721,1377802541,22.18
721,1377802546,22.2
721,1377802551,22.18
721,1377802556,22.2
721,1377802561,22.18
721,1377802566,22.18
721,1377802571,22.19
721,1377802579,22.18
721,1377802581,22.19
721,1377802586,22.19
721,1377802591,22.19
721,1377802596,22.19
721,1377802601,22.2
721,1377802606,22.19
721,1377802611,22.19
721,1377802616,22.2
721,1377802621,22.18
721,1377802626,22.18
721,1377802631,22.18
721,1377802636,22.2
721,1377802641,22.19
721,1377802646,22.19
721,1377802651,22.2
721,1377802656,22.2
721,1377802661,22.18
721,1377802666,22.18
721,1377802671,22.19
721,1377802676,22.19
721,1377802681,22.2
721,1377802686,22.19
721,1377802691,22.2
721,1377802696,22.19
721,1377802701,22.19
721,1377802706,22.18
721,1377802711,22.2
721,1377802716,22.19
721,1377802721,22.2
721,1377802726,22.18
721,1377802731,22.2
721,1377802736,22.2
721,1377802741,22.2
721,1377802746,22.19
721,1377802751,22.2
721,1377802756,22.2
721,1377802761,22.2
721,1377802766,22.19
721,1377802771,22.2
721,1377802776,22.2
721,1377802781,22.2
721,1377802786,22.19
721,1377802791,22.19
721,1377802796,22.2
721,1377802801,22.19
721,1377802806,22.18
721,1377802811,22.19
721,1377802816,22.19
721,1377802821,22.2
721,1377802826,22.2
721,1377802831,22.2
721,1377802836,22.2
721,1377802841,22.19
721,1377802846,22.2
721,1377802851,22.2
721,1377802856,22.2
721,1377802861,22.19
721,1377802866,22.19
721,1377802871,22.2
721,1377802876,22.2
721,1377802881,22.2
721,1377802886,22.2
721,1377802891,22.2
721,1377802896,22.2
721,1377802901,22.2
721,1377802906,22.22
721,1377802911,22.21
721,1377802916,22.2
721,1377802921,22.21
721,1377802926,22.2
721,1377802931,22.2
721,1377802936,22.21
721,1377802941,22.19
721,1377802946,22.2
721,1377802951,22.19
721,1377802956,22.2
721,1377802961,22.21
721,1377802966,22.2
721,1377802971,22.2
721,1377802976,22.2
721,1377802981,22.21
721,1377802986,22.21
721,1377802991,22.2
721,1377802997,22.2
721,1377803001,22.2
721,1377803006,22.2
721,1377803011,22.22
721,1377803016,22.2
721,1377803021,22.2
721,1377803026,22.22
721,1377803031,22.2
721,1377803036,22.21
721,1377803041,22.2
721,1377803046,22.2
721,1377803051,22.2
721,1377803056,22.21
721,1377803061,22.19
721,1377803066,22.2
721,1377803071,22.2
721,1377803076,22.2
721,1377803081,22.21
721,1377803086,22.2
721,1377803091,22.22
721,1377803096,22.21
721,1377803101,22.2
721,1377803106,22.21
721,1377803111,22.22
721,1377803116,22.21
721,1377803121,22.21
721,1377803126,22.21
721,1377803131,22.2
721,1377803137,22.2
721,1377803141,22.22
721,1377803146,22.2
721,1377803151,22.21
721,1377803156,22.2
721,1377803161,22.21
721,1377803166,22.2
721,1377803171,22.21
721,1377803176,22.21
721,1377803181,22.21
721,1377803186,22.22
721,1377803191,22.2
721,1377803196,22.21
721,1377803201,22.22
721,1377803206,22.21
721,1377803211,22.2
721,1377803216,22.21
721,1377803221,22.2
721,1377803226,22.21
721,1377803231,22.21
721,1377803236,22.21
721,1377803241,22.2
721,1377803246,22.21
721,1377803251,22.2
721,1377803256,22.21
721,1377803261,22.21
721,1377803266,22.22
721,1377803271,22.21
721,1377803276,22.21
721,1377803281,22.2
721,1377803286,22.22
721,1377803291,22.2
721,1377803296,22.2
721,1377803301,22.21
721,1377803306,22.21
721,1377803311,22.21
721,1377803316,22.21
721,1377803321,22.21
721,1377803326,22.22
721,1377803335,22.21
721,1377803336,22.22
721,1377803341,22.22
721,1377803346,22.22
721,1377803351,22.22
721,1377803356,22.22
721,1377803361,22.22
721,1377803366,22.22
721,1377803371,22.22
721,1377803376,22.21
721,1377803381,22.22
721,1377803386,22.21
721,1377803391,22.21
721,1377803396,22.22
721,1377803401,22.22
721,1377803406,22.21
721,1377803411,22.2
721,1377803416,22.22
721,1377803421,22.22
721,1377803426,22.22
721,1377803431,22.22
721,1377803436,22.22
721,1377803441,22.22
721,1377803446,22.22
721,1377803451,22.21
721,1377803456,22.21
721,1377803461,22.22
721,1377803466,22.2
721,1377803471,22.22
721,1377803476,22.22
721,1377803481,22.22
721,1377803486,22.22
721,1377803491,22.23
721,1377803496,22.22
721,1377803501,22.22
721,1377803506,22.22
721,1377803511,22.22
721,1377803516,22.22
721,1377803521,22.23
721,1377803526,22.22
721,1377803532,22.22
721,1377803536,22.23
721,1377803541,22.22
721,1377803546,22.22
721,1377803551,22.22
721,1377803556,22.22
721,1377803561,22.22
721,1377803566,22.22
721,1377803571,22.22
721,1377803576,22.22
721,1377803581,22.23
721,1377803586,22.22
721,1377803591,22.22
721,1377803596,22.24
721,1377803601,22.22
721,1377803606,22.22
721,1377803611,22.23
721,1377803616,22.23
721,1377803621,22.22
721,1377803626,22.23
721,1377803631,22.22
721,1377803636,22.22
721,1377803641,22.22
721,1377803646,22.23
721,1377803651,22.22
721,1377803656,22.22
721,1377803661,22.23
721,1377803666,22.22
721,1377803671,22.23
721,1377803676,22.23
721,1377803681,22.24
721,1377803686,22.23
721,1377803691,22.23
721,1377803696,22.23
721,1377803701,22.23
721,1377803706,22.22
721,1377803711,22.22
721,1377803716,22.22
721,1377803721,22.22
721,1377803726,22.23
721,1377803731,22.22
721,1377803736,22.22
721,1377803741,22.22
721,1377803746,22.22
721,1377803751,22.23
721,1377803756,22.22
721,1377803761,22.24
721,1377803766,22.22
721,1377803771,22.22
721,1377803776,22.24
721,1377803781,22.22
721,1377803786,22.23
721,1377803791,22.23
721,1377803796,22.23
721,1377803801,22.23
721,1377803806,22.24
721,1377803811,22.24
721,1377803816,22.23
721,1377803821,22.23
721,1377803826,22.23
721,1377803831,22.23
721,1377803836,22.23
721,1377803841,22.23
721,1377803846,22.23
721,1377803851,22.22
721,1377803856,22.24
721,1377803861,22.24
721,1377803866,22.24
721,1377803871,22.24
721,1377803876,22.24
721,1377803881,22.24
721,1377803886,22.24
721,1377803891,22.23
721,1377803896,22.22
721,1377803901,22.24
721,1377803906,22.23
721,1377803911,22.24
721,1377803916,22.24
721,1377803921,22.24
721,1377803926,22.25
721,1377803931,22.24
721,1377803936,22.25
721,1377803941,22.24
721,1377803946,22.23
721,1377803951,22.24
721,1377803956,22.24
721,1377803961,22.22
721,1377803966,22.24
721,1377803971,22.23
721,1377803976,22.24
721,1377803981,22.23
721,1377803986,22.23
721,1377803991,22.24
721,1377803996,22.24
721,1377804001,22.24
721,1377804006,22.23
721,1377804011,22.24
721,1377804016,22.25
721,1377804021,22.24
721,1377804026,22.24
721,1377804031,22.24
721,1377804036,22.24
721,1377804041,22.24
721,1377804046,22.23
721,1377804051,22.24
721,1377804056,22.25
721,1377804061,22.24
721,1377804066,22.24
721,1377804071,22.24
721,1377804076,22.24
721,1377804081,22.24
721,1377804086,22.24
721,1377804091,22.25
721,1377804096,22.26
721,1377804101,22.24
721,1377804106,22.24
721,1377804111,22.25
721,1377804116,22.24
721,1377804121,22.24
721,1377804127,22.25
721,1377804131,22.26
721,1377804136,22.24
721,1377804141,22.25
721,1377804146,22.25
721,1377804151,22.26
721,1377804156,22.25
721,1377804161,22.24
721,1377804166,22.25
721,1377804171,22.26
721,1377804176,22.24
721,1377804181,22.25
721,1377804186,22.25
721,1377804191,22.26
721,1377804196,22.25
721,1377804201,22.24
721,1377804206,22.24
721,1377804211,22.24
721,1377804216,22.25
721,1377804221,22.26
721,1377804226,22.25
721,1377804231,22.25
721,1377804236,22.25
721,1377804241,22.26
721,1377804246,22.25
721,1377804251,22.26
721,1377804256,22.24
721,1377804261,22.26
721,1377804266,22.25
721,1377804271,22.24
721,1377804276,22.25
721,1377804281,22.26
721,1377804286,22.25
721,1377804291,22.25
721,1377804296,22.25
721,1377804301,22.25
721,1377804306,22.26
721,1377804311,22.25
721,1377804316,22.25
721,1377804321,22.25
721,1377804326,22.25
721,1377804331,22.26
721,1377804336,22.26
721,1377804341,22.25
721,1377804346,22.24
721,1377804351,22.25
721,1377804356,22.26
721,1377804361,22.25
721,1377804366,22.26
721,1377804371,22.25
721,1377804376,22.24
721,1377804381,22.26
721,1377804386,22.25
721,1377804391,22.26
721,1377804396,22.26
721,1377804401,22.24
721,1377804406,22.26
721,1377804411,22.26
721,1377804416,22.26
721,1377804421,22.26
721,1377804426,22.26
721,1377804431,22.26
721,1377804436,22.26
721,1377804441,22.26
721,1377804446,22.25
721,1377804451,22.26
721,1377804456,22.25
721,1377804461,22.27
721,1377804466,22.25
721,1377804471,22.25
721,1377804476,22.26
721,1377804482,22.25
721,1377804486,22.26
721,1377804491,22.26
721,1377804496,22.26
721,1377804501,22.25
721,1377804506,22.25
721,1377804511,22.25
721,1377804516,22.26
721,1377804521,22.26
721,1377804526,22.26
721,1377804531,22.26
721,1377804536,22.26
721,1377804541,22.26
721,1377804546,22.26
721,1377804551,22.26
721,1377804556,22.27
721,1377804561,22.26
721,1377804566,22.26
721,1377804571,22.26
721,1377804576,22.25
721,1377804581,22.26
721,1377804586,22.25
721,1377804591,22.25
721,1377804596,22.28
721,1377804601,22.27
721,1377804606,22.27
721,1377804611,22.25
721,1377804616,22.27
721,1377804621,22.26
721,1377804626,22.26
721,1377804631,22.26
721,1377804636,22.26
721,1377804641,22.26
721,1377804646,22.24
721,1377804651,22.26
721,1377804656,22.26
721,1377804661,22.26
721,1377804666,22.26
721,1377804671,22.26
721,1377804676,22.25
721,1377804681,22.26
721,1377804686,22.25
721,1377804691,22.25
721,1377804696,22.27
721,1377804701,22.27
721,1377804706,22.27
721,1377804711,22.27
721,1377804716,22.27
721,1377804721,22.26
721,1377804726,22.26
721,1377804731,22.26
721,1377804736,22.27
721,1377804741,22.27
721,1377804746,22.27
721,1377804751,22.27
721,1377804756,22.27
721,1377804761,22.27
721,1377804766,22.28
721,1377804771,22.27
721,1377804776,22.26
721,1377804782,22.27
721,1377804786,22.26
721,1377804791,22.27
721,1377804796,22.26
721,1377804801,22.27
721,1377804806,22.26
721,1377804811,22.26
721,1377804816,22.27
721,1377804821,22.26
721,1377804827,22.27
721,1377804831,22.27
721,1377804836,22.27
721,1377804841,22.27
721,1377804846,22.28
721,1377804851,22.27
721,1377804856,22.26
721,1377804861,22.26
721,1377804866,22.27
721,1377804871,22.27
721,1377804876,22.27
721,1377804881,22.28
721,1377804886,22.28
721,1377804891,22.28
721,1377804896,22.26
721,1377804901,22.27
721,1377804906,22.28
721,1377804911,22.28
721,1377804916,22.28
721,1377804921,22.28
721,1377804926,22.28
721,1377804931,22.27
721,1377804936,22.27
721,1377804941,22.27
721,1377804946,22.29
721,1377804951,22.28
721,1377804956,22.28
721,1377804961,22.27
721,1377804966,22.28
721,1377804971,22.28
721,1377804976,22.28
721,1377804981,22.28
721,1377804986,22.28
721,1377804991,22.28
721,1377804996,22.27
721,1377805001,22.28
721,1377805006,22.28
721,1377805011,22.28
721,1377805016,22.27
721,1377805021,22.28
721,1377805026,22.28
721,1377805031,22.28
721,1377805036,22.28
721,1377805041,22.27
721,1377805046,22.28
721,1377805051,22.28
721,1377805056,22.27
721,1377805061,22.28
721,1377805066,22.28
721,1377805071,22.29
721,1377805076,22.28
721,1377805081,22.28
721,1377805086,22.27
721,1377805091,22.28
721,1377805096,22.29
721,1377805101,22.29
721,1377805106,22.27
721,1377805111,22.28
721,1377805116,22.27
721,1377805121,22.28
721,1377805126,22.28
721,1377805131,22.29
721,1377805136,22.28
721,1377805141,22.29
721,1377805146,22.29
721,1377805151,22.27
721,1377805156,22.29
721,1377805161,22.28
721,1377805166,22.29
721,1377805171,22.28
721,1377805176,22.29
721,1377805181,22.28
721,1377805186,22.28
721,1377805191,22.28
721,1377805196,22.29
721,1377805201,22.29
721,1377805206,22.28
721,1377805211,22.28
721,1377805216,22.29
721,1377805221,22.28
721,1377805226,22.29
721,1377805231,22.29
721,1377805236,22.29
721,1377805241,22.3
721,1377805246,22.28
721,1377805251,22.28
721,1377805256,22.29
721,1377805261,22.28
721,1377805266,22.29
721,1377805271,22.29
721,1377805276,22.3
721,1377805281,22.28
721,1377805286,22.29
721,1377805291,22.3
721,1377805296,22.28
721,1377805301,22.29
721,1377805306,22.29
721,1377805311,22.28
721,1377805316,22.28
721,1377805321,22.3
721,1377805326,22.28
721,1377805331,22.29
721,1377805336,22.29
721,1377805341,22.28
721,1377805346,22.29
721,1377805351,22.29
721,1377805356,22.29
721,1377805361,22.29
721,1377805366,22.29
721,1377805371,22.29
721,1377805376,22.3
721,1377805381,22.3
721,1377805386,22.29
721,1377805391,22.29
721,1377805396,22.29
721,1377805401,22.3
721,1377805406,22.29
721,1377805411,22.3
721,1377805416,22.3
721,1377805421,22.3
721,1377805426,22.29
721,1377805431,22.29
721,1377805436,22.28
721,1377805441,22.29
721,1377805446,22.29
721,1377805451,22.3
721,1377805456,22.3
721,1377805461,22.3
721,1377805466,22.29
721,1377805471,22.3
721,1377805476,22.31
721,1377805481,22.3
721,1377805486,22.3
721,1377805491,22.3
721,1377805496,22.31
721,1377805501,22.3
721,1377805506,22.29
721,1377805511,22.3
721,1377805516,22.3
721,1377805521,22.3
721,1377805526,22.3
721,1377805531,22.31
721,1377805536,22.3
721,1377805541,22.3
721,1377805546,22.29
721,1377805551,22.3
721,1377805556,22.3
721,1377805561,22.3
721,1377805566,22.3
721,1377805571,22.3
721,1377805576,22.3
721,1377805581,22.3
721,1377805586,22.3
721,1377805591,22.3
721,1377805596,22.3
721,1377805601,22.31
721,1377805606,22.3
721,1377805611,22.3
721,1377805616,22.3
721,1377805621,22.3
721,1377805626,22.29
721,1377805631,22.3
721,1377805636,22.3
721,1377805641,22.3
721,1377805646,22.31
721,1377805651,22.3
721,1377805656,22.3
721,1377805661,22.3
721,1377805666,22.32
721,1377805671,22.3
721,1377805676,22.31
721,1377805681,22.3
721,1377805686,22.3
721,1377805691,22.3
721,1377805696,22.3
721,1377805701,22.3
721,1377805706,22.31
721,1377805711,22.3
721,1377805716,22.32
721,1377805721,22.31
721,1377805726,22.31
721,1377805731,22.3
721,1377805736,22.29
721,1377805741,22.3
721,1377805746,22.31
721,1377805751,22.3
721,1377805756,22.31
721,1377805761,22.3
721,1377805766,22.3
721,1377805771,22.3
721,1377805776,22.31
721,1377805781,22.3
721,1377805786,22.3
721,1377805791,22.31
721,1377805796,22.3
721,1377805801,22.3
721,1377805806,22.3
721,1377805811,22.31
721,1377805816,22.31
721,1377805821,22.3
721,1377805826,22.3
721,1377805831,22.3
721,1377805836,22.32
721,1377805841,22.31
721,1377805846,22.31
721,1377805851,22.3
721,1377805856,22.32
721,1377805861,22.31
721,1377805866,22.32
721,1377805871,22.31
721,1377805876,22.3
721,1377805881,22.31
721,1377805886,22.31
721,1377805891,22.3
721,1377805896,22.3
721,1377805901,22.32
721,1377805906,22.32
721,1377805911,22.32
721,1377805916,22.3
721,1377805921,22.31
721,1377805926,22.32
721,1377805931,22.32
721,1377805936,22.3
721,1377805941,22.32
721,1377805946,22.32
721,1377805951,22.31
721,1377805956,22.31
721,1377805961,22.3
721,1377805966,22.32
721,1377805971,22.32
721,1377805976,22.32
721,1377805981,22.31
721,1377805986,22.31
721,1377805991,22.31
721,1377805996,22.32
721,1377806001,22.32
721,1377806006,22.32
721,1377806011,22.31
721,1377806016,22.32
721,1377806021,22.32
721,1377806026,22.32
721,1377806031,22.32
721,1377806036,22.33
721,1377806041,22.32
721,1377806046,22.32
721,1377806051,22.33
721,1377806056,22.31
721,1377806061,22.31
721,1377806066,22.32
721,1377806071,22.32
721,1377806076,22.33
721,1377806081,22.33
721,1377806086,22.33
721,1377806091,22.31
721,1377806096,22.33
721,1377806101,22.33
721,1377806106,22.33
721,1377806111,22.33
721,1377806116,22.32
721,1377806121,22.32
721,1377806126,22.33
721,1377806131,22.32
721,1377806136,22.33
721,1377806141,22.32
721,1377806146,22.34
721,1377806151,22.33
721,1377806156,22.32
721,1377806161,22.33
721,1377806166,22.33
721,1377806171,22.32
721,1377806176,22.32
721,1377806181,22.34
721,1377806186,22.32
721,1377806191,22.32
721,1377806196,22.33
721,1377806201,22.32
721,1377806206,22.33
721,1377806211,22.32
721,1377806216,22.33
721,1377806221,22.32
721,1377806226,22.33
721,1377806231,22.33
721,1377806236,22.32
721,1377806241,22.33
721,1377806246,22.33
721,1377806251,22.33
721,1377806256,22.33
721,1377806261,22.33
721,1377806266,22.33
721,1377806271,22.32
721,1377806276,22.33
721,1377806281,22.33
721,1377806286,22.33
721,1377806291,22.33
721,1377806296,22.33
721,1377806301,22.33
721,1377806306,22.33
721,1377806312,22.33
721,1377806316,22.32
721,1377806321,22.34
721,1377806326,22.32
721,1377806331,22.33
721,1377806336,22.33
721,1377806341,22.33
721,1377806346,22.32
721,1377806351,22.33
721,1377806356,22.34
721,1377806361,22.32
721,1377806366,22.34
721,1377806371,22.34
721,1377806376,22.34
721,1377806381,22.33
721,1377806386,22.34
721,1377806391,22.34
721,1377806396,22.33
721,1377806401,22.32
721,1377806406,22.34
721,1377806411,22.34
721,1377806416,22.34
721,1377806421,22.34
721,1377806426,22.34
721,1377806431,22.36
721,1377806436,22.34
721,1377806441,22.34
721,1377806446,22.34
721,1377806451,22.34
721,1377806456,22.35
721,1377806461,22.34
721,1377806466,22.34
721,1377806471,22.34
721,1377806476,22.34
721,1377806481,22.35
721,1377806486,22.34
721,1377806491,22.34
721,1377806496,22.35
721,1377806501,22.35
721,1377806506,22.35
721,1377806511,22.34
721,1377806516,22.35
721,1377806521,22.35
721,1377806526,22.34
721,1377806531,22.34
721,1377806536,22.34
721,1377806541,22.35
721,1377806546,22.34
721,1377806551,22.34
721,1377806556,22.36
721,1377806561,22.35
721,1377806566,22.34
721,1377806571,22.34
721,1377806576,22.35
721,1377806581,22.35
721,1377806586,22.34
721,1377806591,22.36
721,1377806596,22.34
721,1377806601,22.36
721,1377806606,22.36
721,1377806611,22.36
721,1377806616,22.34
721,1377806621,22.34
721,1377806626,22.35
721,1377806631,22.35
721,1377806636,22.35
721,1377806641,22.36
721,1377806646,22.36
721,1377806651,22.34
721,1377806656,22.36
721,1377806661,22.35
721,1377806666,22.35
721,1377806671,22.35
721,1377806676,22.36
721,1377806681,22.36
721,1377806686,22.36
721,1377806691,22.35
721,1377806696,22.36
721,1377806701,22.36
721,1377806706,22.35
721,1377806711,22.36
721,1377806716,22.35
721,1377806721,22.35
721,1377806726,22.36
721,1377806731,22.35
721,1377806736,22.36
721,1377806741,22.36
721,1377806746,22.35
721,1377806751,22.34
721,1377806756,22.36
721,1377806761,22.36
721,1377806766,22.35
721,1377806771,22.36
721,1377806776,22.36
721,1377806781,22.36
721,1377806786,22.36
721,1377806791,22.36
721,1377806796,22.36
721,1377806801,22.36
721,1377806806,22.36
721,1377806811,22.36
721,1377806816,22.36
721,1377806821,22.35
721,1377806826,22.35
721,1377806831,22.36
721,1377806836,22.36
721,1377806841,22.36
721,1377806846,22.35
721,1377806851,22.36
721,1377806856,22.35
721,1377806861,22.36
721,1377806866,22.35
721,1377806871,22.36
721,1377806876,22.36
721,1377806881,22.36
721,1377806886,22.35
721,1377806891,22.36
721,1377806896,22.37
721,1377806901,22.36
721,1377806906,22.34
721,1377806911,22.35
721,1377806916,22.36
721,1377806921,22.36
721,1377806926,22.35
721,1377806931,22.36
721,1377806936,22.37
721,1377806941,22.36
721,1377806946,22.36
721,1377806951,22.37
721,1377806956,22.37
721,1377806961,22.37
721,1377806966,22.37
721,1377806971,22.36
721,1377806976,22.37
721,1377806981,22.36
721,1377806986,22.35
721,1377806991,22.36
721,1377806996,22.36
721,1377807001,22.36
721,1377807006,22.35
721,1377807011,22.35
721,1377807016,22.36
721,1377807021,22.37
721,1377807026,22.36
721,1377807031,22.36
721,1377807036,22.36
721,1377807041,22.36
721,1377807046,22.36
721,1377807051,22.36
721,1377807056,22.37
721,1377807061,22.36
721,1377807066,22.37
721,1377807071,22.36
721,1377807076,22.36
721,1377807081,22.36
721,1377807086,22.36
721,1377807091,22.36
721,1377807096,22.37
721,1377807101,22.37
721,1377807106,22.38
721,1377807111,22.36
721,1377807116,22.38
721,1377807121,22.37
721,1377807126,22.37
721,1377807131,22.37
721,1377807136,22.36
721,1377807141,22.36
721,1377807146,22.37
721,1377807151,22.36
721,1377807156,22.37
721,1377807161,22.36
721,1377807166,22.37
721,1377807171,22.37
721,1377807176,22.36
721,1377807181,22.37
721,1377807186,22.37
721,1377807191,22.37
721,1377807196,22.38
721,1377807201,22.38
721,1377807206,22.38
721,1377807211,22.36
721,1377807216,22.38
721,1377807221,22.37
721,1377807226,22.38
721,1377807231,22.37
721,1377807236,22.37
721,1377807241,22.37
721,1377807246,22.37
721,1377807251,22.37
721,1377807256,22.37
721,1377807261,22.38
721,1377807266,22.37
721,1377807271,22.38
721,1377807276,22.38
721,1377807281,22.36
721,1377807286,22.38
721,1377807291,22.37
721,1377807296,22.37
721,1377807301,22.37
721,1377807306,22.37
721,1377807311,22.37
721,1377807316,22.36
721,1377807321,22.36
721,1377807326,22.38
721,1377807331,22.38
721,1377807336,22.38
721,1377807341,22.37
721,1377807346,22.37
721,1377807351,22.38
721,1377807356,22.37
721,1377807361,22.38
721,1377807366,22.38
721,1377807371,22.37
721,1377807376,22.38
721,1377807381,22.38
721,1377807386,22.38
721,1377807391,22.38
721,1377807396,22.37
721,1377807401,22.38
721,1377807406,22.37
721,1377807411,22.36
721,1377807416,22.38
721,1377807421,22.38
721,1377807426,22.38
721,1377807431,22.38
721,1377807436,22.38
721,1377807441,22.38
721,1377807446,22.38
721,1377807451,22.38
721,1377807456,22.38
721,1377807461,22.38
721,1377807466,22.38
721,1377807471,22.38
721,1377807476,22.38
721,1377807481,22.39
721,1377807486,22.38
721,1377807491,22.38
721,1377807496,22.38
721,1377807501,22.38
721,1377807506,22.37
721,1377807511,22.38
721,1377807516,22.38
721,1377807521,22.38
721,1377807526,22.38
721,1377807531,22.38
721,1377807536,22.38
721,1377807541,22.37
721,1377807546,22.39
721,1377807551,22.38
721,1377807556,22.38
721,1377807561,22.38
721,1377807566,22.38
721,1377807571,22.38
721,1377807576,22.38
721,1377807581,22.39
721,1377807586,22.39
721,1377807591,22.39
721,1377807596,22.38
721,1377807601,22.38
721,1377807606,22.38
721,1377807611,22.38
721,1377807616,22.39
721,1377807621,22.38
721,1377807626,22.38
721,1377807631,22.38
721,1377807636,22.38
721,1377807641,22.4
721,1377807646,22.38
721,1377807651,22.4
721,1377807656,22.39
721,1377807661,22.38
721,1377807666,22.38
721,1377807671,22.39
721,1377807676,22.38
721,1377807681,22.39
721,1377807686,22.39
721,1377807691,22.4
721,1377807696,22.39
721,1377807701,22.39
721,1377807706,22.4
721,1377807711,22.39
721,1377807716,22.4
721,1377807721,22.39
721,1377807726,22.39
721,1377807731,22.39
721,1377807736,22.4
721,1377807741,22.39
721,1377807746,22.39
721,1377807751,22.39
721,1377807756,22.39
721,1377807761,22.4
721,1377807766,22.38
721,1377807771,22.4
721,1377807776,22.4
721,1377807781,22.4
721,1377807786,22.4
721,1377807791,22.4
721,1377807796,22.39
721,1377807801,22.4
721,1377807806,22.4
721,1377807811,22.4
721,1377807816,22.39
721,1377807821,22.39
721,1377807826,22.4
721,1377807831,22.39
721,1377807836,22.39
721,1377807841,22.39
721,1377807846,22.4
721,1377807851,22.4
721,1377807856,22.4
721,1377807861,22.4
721,1377807866,22.39
721,1377807871,22.4
721,1377807876,22.39
721,1377807881,22.4
721,1377807886,22.4
721,1377807891,22.39
721,1377807896,22.4
721,1377807901,22.4
721,1377807906,22.4
721,1377807911,22.4
721,1377807916,22.4
721,1377807921,22.4
721,1377807926,22.39
721,1377807931,22.4
721,1377807936,22.4
721,1377807941,22.4
721,1377807946,22.4
721,1377807951,22.39
721,1377807956,22.41
721,1377807961,22.4
721,1377807966,22.41
721,1377807971,22.4
721,1377807976,22.4
721,1377807981,22.4
721,1377807986,22.4
721,1377807991,22.39
721,1377807996,22.41
721,1377808001,22.4
721,1377808006,22.4
721,1377808011,22.4
721,1377808016,22.4
721,1377808021,22.4
721,1377808026,22.41
721,1377808031,22.4
721,1377808036,22.4
721,1377808041,22.41
721,1377808046,22.41
721,1377808051,22.4
721,1377808056,22.41
721,1377808061,22.4
721,1377808066,22.4
721,1377808072,22.4
721,1377808076,22.4
721,1377808081,22.4
721,1377808086,22.4
721,1377808091,22.4
721,1377808096,22.4
721,1377808101,22.4
721,1377808106,22.42
721,1377808111,22.4
721,1377808116,22.41
721,1377808121,22.41
721,1377808126,22.4
721,1377808131,22.4
721,1377808136,22.4
721,1377808141,22.41
721,1377808146,22.42
721,1377808151,22.4
721,1377808156,22.41
721,1377808161,22.4
721,1377808166,22.41
721,1377808171,22.41
721,1377808176,22.42
721,1377808181,22.42
721,1377808186,22.41
721,1377808191,22.4
721,1377808196,22.41
721,1377808201,22.42
721,1377808206,22.4
721,1377808211,22.4
721,1377808216,22.41
721,1377808221,22.41
721,1377808226,22.41
721,1377808231,22.41
721,1377808236,22.41
721,1377808241,22.42
721,1377808246,22.41
721,1377808251,22.41
721,1377808256,22.41
721,1377808261,22.41
721,1377808266,22.41
721,1377808271,22.41
721,1377808276,22.41
721,1377808281,22.41
721,1377808286,22.42
721,1377808291,22.41
721,1377808296,22.4
721,1377808301,22.42
721,1377808306,22.41
721,1377808311,22.42
721,1377808316,22.42
721,1377808321,22.42
721,1377808326,22.41
721,1377808331,22.42
721,1377808336,22.42
721,1377808341,22.42
721,1377808346,22.42
721,1377808351,22.42
721,1377808356,22.42
721,1377808361,22.42
721,1377808366,22.42
721,1377808371,22.42
721,1377808376,22.42
721,1377808381,22.4
721,1377808386,22.4
721,1377808391,22.41
721,1377808396,22.42
721,1377808401,22.42
721,1377808406,22.42
721,1377808411,22.42
721,1377808416,22.42
721,1377808421,22.41
721,1377808426,22.42
721,1377808431,22.42
721,1377808436,22.42
721,1377808441,22.42
721,1377808446,22.43
721,1377808451,22.42
721,1377808456,22.42
721,1377808461,22.42
721,1377808466,22.41
721,1377808471,22.41
721,1377808476,22.42
721,1377808481,22.42
721,1377808486,22.42
721,1377808491,22.42
721,1377808496,22.42
721,1377808501,22.41
721,1377808506,22.42
721,1377808511,22.42
721,1377808516,22.42
721,1377808521,22.42
721,1377808526,22.42
721,1377808531,22.42
721,1377808536,22.42
721,1377808541,22.42
721,1377808546,22.42
721,1377808551,22.43
721,1377808556,22.42
721,1377808561,22.42
721,1377808566,22.41
721,1377808571,22.42
721,1377808576,22.42
721,1377808581,22.42
721,1377808586,22.42
721,1377808591,22.43
721,1377808596,22.43
721,1377808601,22.42
721,1377808606,22.44
721,1377808611,22.44
721,1377808616,22.42
721,1377808621,22.43
721,1377808626,22.42
721,1377808631,22.42
721,1377808636,22.43
721,1377808641,22.42
721,1377808646,22.43
721,1377808651,22.42
721,1377808656,22.43
721,1377808661,22.43
721,1377808666,22.43
721,1377808671,22.43
721,1377808676,22.42
721,1377808681,22.43
721,1377808686,22.43
721,1377808691,22.42
721,1377808696,22.43
721,1377808701,22.43
721,1377808706,22.43
721,1377808711,22.44
721,1377808716,22.43
721,1377808721,22.42
721,1377808726,22.43
721,1377808731,22.44
721,1377808736,22.44
721,1377808741,22.42
721,1377808746,22.42
721,1377808751,22.43
721,1377808756,22.43
721,1377808761,22.43
721,1377808766,22.42
721,1377808771,22.43
721,1377808776,22.43
721,1377808781,22.44
721,1377808786,22.43
721,1377808791,22.44
721,1377808796,22.44
721,1377808801,22.43
721,1377808806,22.44
721,1377808811,22.43
721,1377808816,22.44
721,1377808821,22.44
721,1377808826,22.43
721,1377808831,22.43
721,1377808836,22.43
721,1377808841,22.43
721,1377808846,22.44
721,1377808851,22.43
721,1377808856,22.42
721,1377808861,22.43
721,1377808866,22.44
721,1377808871,22.43
721,1377808876,22.44
721,1377808881,22.43
721,1377808886,22.44
721,1377808891,22.44
721,1377808896,22.44
721,1377808901,22.43
721,1377808906,22.43
721,1377808911,22.43
721,1377808916,22.44
721,1377808921,22.44
721,1377808926,22.44
721,1377808931,22.44
721,1377808936,22.44
721,1377808941,22.44
721,1377808946,22.42
721,1377808951,22.44
721,1377808956,22.44
721,1377808961,22.44
721,1377808966,22.44
721,1377808971,22.44
721,1377808976,22.45
721,1377808981,22.44
721,1377808986,22.44
721,1377808991,22.44
721,1377808996,22.43
721,1377809001,22.44
721,1377809006,22.44
721,1377809011,22.45
721,1377809016,22.44
721,1377809021,22.44
721,1377809026,22.44
721,1377809031,22.44
721,1377809036,22.44
721,1377809041,22.44
721,1377809046,22.44
721,1377809051,22.43
721,1377809056,22.44
721,1377809061,22.44
721,1377809066,22.44
721,1377809071,22.44
721,1377809076,22.44
721,1377809081,22.44
721,1377809086,22.44
721,1377809091,22.44
721,1377809096,22.44
721,1377809101,22.44
721,1377809106,22.44
721,1377809112,22.45
721,1377809116,22.43
721,1377809121,22.44
721,1377809126,22.44
721,1377809131,22.43
721,1377809136,22.44
721,1377809141,22.43
721,1377809146,22.44
721,1377809151,22.44
721,1377809156,22.44
721,1377809162,22.44
721,1377809166,22.45
721,1377809171,22.44
721,1377809176,22.44
721,1377809181,22.45
721,1377809186,22.44
721,1377809191,22.44
721,1377809196,22.44
721,1377809201,22.45
721,1377809206,22.44
721,1377809211,22.44
721,1377809216,22.44
721,1377809221,22.44
721,1377809226,22.44
721,1377809231,22.44
721,1377809236,22.44
721,1377809241,22.45
721,1377809246,22.45
721,1377809251,22.46
721,1377809256,22.44
721,1377809261,22.45
721,1377809266,22.44
721,1377809271,22.44
721,1377809276,22.45
721,1377809281,22.45
721,1377809286,22.44
721,1377809291,22.45
721,1377809296,22.46
721,1377809301,22.44
721,1377809306,22.44
721,1377809311,22.45
721,1377809316,22.45
721,1377809321,22.45
721,1377809326,22.44
721,1377809331,22.46
721,1377809336,22.44
721,1377809341,22.44
721,1377809346,22.44
721,1377809351,22.45
721,1377809356,22.45
721,1377809361,22.44
721,1377809366,22.44
721,1377809371,22.44
721,1377809376,22.45
721,1377809382,22.45
721,1377809386,22.45
721,1377809391,22.45
721,1377809396,22.44
721,1377809401,22.45
721,1377809406,22.46
721,1377809411,22.45
721,1377809416,22.44
721,1377809421,22.45
721,1377809426,22.45
721,1377809431,22.45
721,1377809436,22.45
721,1377809441,22.46
721,1377809446,22.45
721,1377809451,22.45
721,1377809456,22.46
721,1377809461,22.45
721,1377809466,22.45
721,1377809471,22.45
721,1377809476,22.44
721,1377809482,22.45
721,1377809486,22.45
721,1377809491,22.45
721,1377809496,22.43
721,1377809501,22.46
721,1377809506,22.46
721,1377809511,22.46
721,1377809516,22.45
721,1377809521,22.44
721,1377809526,22.45
721,1377809531,22.45
721,1377809537,22.45
721,1377809541,22.45
721,1377809546,22.45
721,1377809551,22.46
721,1377809556,22.45
721,1377809561,22.45
721,1377809566,22.45
721,1377809571,22.46
721,1377809576,22.45
721,1377809581,22.46
721,1377809586,22.45
721,1377809591,22.46
721,1377809596,22.45
721,1377809601,22.45
721,1377809606,22.45
721,1377809611,22.46
721,1377809616,22.46
721,1377809621,22.46
721,1377809626,22.46
721,1377809631,22.46
721,1377809636,22.46
721,1377809641,22.45
721,1377809646,22.46
721,1377809651,22.46
721,1377809656,22.46
721,1377809661,22.46
721,1377809666,22.46
721,1377809671,22.45
721,1377809676,22.46
721,1377809681,22.46
721,1377809686,22.46
721,1377809691,22.46
721,1377809696,22.46
721,1377809701,22.47
721,1377809706,22.46
721,1377809711,22.47
721,1377809716,22.47
721,1377809721,22.46
721,1377809726,22.46
721,1377809731,22.45
721,1377809736,22.47
721,1377809741,22.46
721,1377809746,22.47
721,1377809751,22.46
721,1377809756,22.46
721,1377809761,22.46
721,1377809766,22.46
721,1377809771,22.46
721,1377809776,22.47
721,1377809781,22.46
721,1377809786,22.47
721,1377809791,22.47
721,1377809796,22.46
721,1377809801,22.46
721,1377809806,22.47
721,1377809811,22.47
721,1377809816,22.48
721,1377809821,22.46
721,1377809826,22.47
721,1377809831,22.45
721,1377809836,22.48
721,1377809841,22.48
721,1377809846,22.47
721,1377809851,22.46
721,1377809856,22.46
721,1377809861,22.47
721,1377809866,22.46
721,1377809871,22.47
721,1377809876,22.47
721,1377809881,22.47
721,1377809886,22.46
721,1377809891,22.46
721,1377809896,22.47
721,1377809901,22.47
721,1377809906,22.47
721,1377809911,22.46
721,1377809916,22.46
721,1377809921,22.47
721,1377809926,22.47
721,1377809931,22.47
721,1377809936,22.48
721,1377809941,22.47
721,1377809946,22.47
721,1377809951,22.47
721,1377809956,22.48
721,1377809961,22.48
721,1377809966,22.48
721,1377809971,22.47
721,1377809976,22.47
721,1377809981,22.48
721,1377809986,22.48
721,1377809991,22.47
721,1377809996,22.48
721,1377810001,22.48
721,1377810006,22.48
721,1377810011,22.47
721,1377810016,22.48
721,1377810021,22.47
721,1377810026,22.48
721,1377810031,22.47
721,1377810036,22.48
721,1377810041,22.48
721,1377810046,22.48
721,1377810051,22.48
721,1377810056,22.47
721,1377810061,22.48
721,1377810066,22.48
721,1377810071,22.48
721,1377810076,22.48
721,1377810081,22.47
721,1377810086,22.48
721,1377810091,22.48
721,1377810096,22.48
721,1377810101,22.48
721,1377810106,22.48
721,1377810111,22.47
721,1377810116,22.48
721,1377810121,22.47
721,1377810126,22.48
721,1377810131,22.48
721,1377810136,22.48
721,1377810141,22.48
721,1377810146,22.48
721,1377810151,22.48
721,1377810156,22.48
721,1377810161,22.49
721,1377810166,22.49
721,1377810171,22.47
721,1377810176,22.48
721,1377810181,22.48
721,1377810186,22.49
721,1377810191,22.49
721,1377810196,22.49
721,1377810201,22.48
721,1377810206,22.49
721,1377810211,22.48
721,1377810216,22.48
721,1377810221,22.48
721,1377810226,22.48
721,1377810231,22.48
721,1377810236,22.48
721,1377810241,22.48
721,1377810246,22.48
721,1377810251,22.48
721,1377810256,22.48
721,1377810261,22.48
721,1377810266,22.48
721,1377810271,22.5
721,1377810276,22.48
721,1377810281,22.48
721,1377810286,22.48
721,1377810291,22.48
721,1377810296,22.49
721,1377810301,22.49
721,1377810306,22.48
721,1377810311,22.49
721,1377810316,22.48
721,1377810321,22.48
721,1377810326,22.49
721,1377810331,22.48
721,1377810336,22.49
721,1377810341,22.48
721,1377810346,22.48
721,1377810351,22.49
721,1377810356,22.48
721,1377810361,22.49
721,1377810366,22.48
721,1377810371,22.5
721,1377810376,22.49
721,1377810381,22.5
721,1377810386,22.49
721,1377810391,22.5
721,1377810396,22.48
721,1377810401,22.48
721,1377810406,22.49
721,1377810411,22.49
721,1377810416,22.5
721,1377810421,22.5
721,1377810426,22.5
721,1377810431,22.49
721,1377810436,22.5
721,1377810441,22.49
721,1377810446,22.5
721,1377810451,22.49
721,1377810456,22.5
721,1377810461,22.48
721,1377810466,22.49
721,1377810471,22.5
721,1377810476,22.49
721,1377810481,22.49
721,1377810486,22.49
721,1377810491,22.49
721,1377810496,22.5
721,1377810501,22.48
721,1377810506,22.48
721,1377810511,22.5
721,1377810516,22.49
721,1377810521,22.51
721,1377810526,22.49
721,1377810531,22.49
721,1377810536,22.48
721,1377810541,22.49
721,1377810546,22.49
721,1377810551,22.5
721,1377810556,22.49
721,1377810561,22.49
721,1377810566,22.5
721,1377810571,22.5
721,1377810576,22.5
721,1377810581,22.5
721,1377810586,22.5
721,1377810591,22.49
721,1377810596,22.5
721,1377810601,22.5
721,1377810606,22.49
721,1377810611,22.5
721,1377810616,22.49
721,1377810621,22.5
721,1377810626,22.49
721,1377810631,22.5
721,1377810636,22.49
721,1377810641,22.49
721,1377810646,22.5
721,1377810651,22.5
721,1377810656,22.5
721,1377810661,22.5
721,1377810666,22.5
721,1377810671,22.5
721,1377810676,22.48
721,1377810681,22.5
721,1377810686,22.5
721,1377810691,22.49
721,1377810696,22.5
721,1377810701,22.5
721,1377810706,22.5
721,1377810711,22.49
721,1377810716,22.49
721,1377810721,22.5
721,1377810726,22.5
721,1377810731,22.5
721,1377810736,22.5
721,1377810741,22.5
721,1377810746,22.49
721,1377810751,22.5
721,1377810756,22.49
721,1377810761,22.49
721,1377810766,22.49
721,1377810771,22.5
721,1377810776,22.5
721,1377810781,22.51
721,1377810786,22.5
721,1377810791,22.5
721,1377810796,22.5
721,1377810801,22.5
721,1377810806,22.5
721,1377810811,22.5
721,1377810816,22.52
721,1377810821,22.5
721,1377810826,22.5
721,1377810831,22.5
721,1377810836,22.5
721,1377810841,22.5
721,1377810846,22.5
721,1377810851,22.5
721,1377810856,22.5
721,1377810861,22.5
721,1377810866,22.5
721,1377810871,22.51
721,1377810876,22.48
721,1377810881,22.5
721,1377810886,22.5
721,1377810891,22.5
721,1377810896,22.51
721,1377810901,22.51
721,1377810906,22.5
721,1377810911,22.51
721,1377810916,22.5
721,1377810921,22.5
721,1377810926,22.51
721,1377810931,22.5
721,1377810936,22.5
721,1377810941,22.51
721,1377810946,22.5
721,1377810951,22.5
721,1377810956,22.51
721,1377810961,22.5
721,1377810966,22.5
721,1377810971,22.51
721,1377810976,22.5
721,1377810981,22.51
721,1377810986,22.52
721,1377810991,22.5
721,1377810996,22.5
721,1377811001,22.5
721,1377811006,22.5
721,1377811011,22.51
721,1377811016,22.5
721,1377811021,22.51
721,1377811026,22.5
721,1377811031,22.51
721,1377811036,22.5
721,1377811041,22.51
721,1377811046,22.51
721,1377811051,22.5
721,1377811056,22.51
721,1377811061,22.51
721,1377811066,22.51
721,1377811071,22.5
721,1377811076,22.51
721,1377811081,22.51
721,1377811086,22.51
721,1377811091,22.5
721,1377811096,22.5
721,1377811101,22.5
721,1377811106,22.5
721,1377811111,22.5
721,1377811116,22.5
721,1377811121,22.5
721,1377811126,22.5
721,1377811131,22.52
721,1377811136,22.51
721,1377811141,22.52
721,1377811146,22.51
721,1377811151,22.5
721,1377811156,22.51
721,1377811161,22.51
721,1377811166,22.52
721,1377811171,22.5
721,1377811176,22.51
721,1377811181,22.51
721,1377811186,22.51
721,1377811191,22.51
721,1377811196,22.5
721,1377811201,22.5
721,1377811206,22.5
721,1377811211,22.52
721,1377811216,22.52
721,1377811221,22.52
721,1377811226,22.52
721,1377811231,22.51
721,1377811236,22.5
721,1377811241,22.5
721,1377811246,22.51
721,1377811251,22.51
721,1377811256,22.52
721,1377811261,22.52
721,1377811266,22.52
721,1377811271,22.52
721,1377811276,22.51
721,1377811281,22.51
721,1377811286,22.51
721,1377811291,22.51
721,1377811296,22.51
721,1377811301,22.52
721,1377811306,22.5
721,1377811311,22.5
721,1377811316,22.51
721,1377811321,22.51
721,1377811326,22.5
721,1377811331,22.52
721,1377811336,22.51
721,1377811341,22.51
721,1377811346,22.5
721,1377811351,22.51
721,1377811356,22.5
721,1377811361,22.51
721,1377811366,22.51
721,1377811371,22.53
721,1377811376,22.51
721,1377811381,22.51
721,1377811386,22.51
721,1377811391,22.51
721,1377811396,22.52
721,1377811401,22.52
721,1377811406,22.52
721,1377811411,22.53
721,1377811416,22.52
721,1377811421,22.51
721,1377811426,22.51
721,1377811431,22.52
721,1377811436,22.52
721,1377811441,22.52
721,1377811446,22.52
721,1377811453,22.51
721,1377811456,22.52
721,1377811461,22.52
721,1377811466,22.52
721,1377811471,22.52
721,1377811476,22.51
721,1377811481,22.53
721,1377811486,22.52
721,1377811491,22.52
721,1377811496,22.52
721,1377811501,22.52
721,1377811506,22.51
721,1377811511,22.52
721,1377811516,22.52
721,1377811521,22.53
721,1377811526,22.53
721,1377811531,22.52
721,1377811536,22.52
721,1377811541,22.52
721,1377811546,22.52
721,1377811551,22.52
721,1377811556,22.52
721,1377811561,22.51
721,1377811566,22.52
721,1377811571,22.52
721,1377811576,22.52
721,1377811581,22.52
721,1377811586,22.53
721,1377811591,22.52
721,1377811596,22.52
721,1377811601,22.53
721,1377811606,22.52
721,1377811611,22.53
721,1377811616,22.53
721,1377811621,22.52
721,1377811626,22.53
721,1377811631,22.53
721,1377811636,22.53
721,1377811641,22.54
721,1377811646,22.53
721,1377811651,22.52
721,1377811656,22.52
721,1377811661,22.52
721,1377811666,22.52
721,1377811671,22.52
721,1377811676,22.53
721,1377811681,22.54
721,1377811686,22.53
721,1377811691,22.52
721,1377811696,22.54
721,1377811701,22.54
721,1377811706,22.53
721,1377811711,22.53
721,1377811716,22.53
721,1377811721,22.52
721,1377811726,22.53
721,1377811731,22.53
721,1377811736,22.55
721,1377811741,22.53
721,1377811746,22.53
721,1377811751,22.53
721,1377811756,22.53
721,1377811762,22.53
721,1377811766,22.53
721,1377811771,22.52
721,1377811776,22.52
721,1377811781,22.52
721,1377811786,22.53
721,1377811791,22.52
721,1377811796,22.53
721,1377811801,22.53
721,1377811806,22.52
721,1377811811,22.53
721,1377811816,22.53
721,1377811821,22.52
721,1377811826,22.53
721,1377811831,22.53
721,1377811836,22.52
721,1377811841,22.53
721,1377811846,22.53
721,1377811851,22.53
721,1377811856,22.53
721,1377811861,22.53
721,1377811866,22.54
721,1377811871,22.53
721,1377811876,22.54
721,1377811881,22.53
721,1377811886,22.53
721,1377811891,22.53
721,1377811896,22.53
721,1377811901,22.52
721,1377811906,22.52
721,1377811911,22.53
721,1377811916,22.53
721,1377811921,22.54
721,1377811926,22.53
721,1377811931,22.52
721,1377811936,22.52
721,1377811941,22.54
721,1377811946,22.53
721,1377811951,22.53
721,1377811956,22.53
721,1377811961,22.54
721,1377811966,22.54
721,1377811971,22.53
721,1377811976,22.53
721,1377811981,22.53
721,1377811986,22.53
721,1377811991,22.53
721,1377811996,22.54
721,1377812001,22.53
721,1377812006,22.54
721,1377812011,22.54
721,1377812016,22.54
721,1377812021,22.54
721,1377812026,22.53
721,1377812031,22.54
721,1377812036,22.54
721,1377812041,22.54
721,1377812046,22.54
721,1377812051,22.53
721,1377812056,22.54
721,1377812061,22.54
721,1377812066,22.54
721,1377812071,22.54
721,1377812076,22.53
721,1377812081,22.54
721,1377812086,22.53
721,1377812091,22.53
721,1377812096,22.54
721,1377812101,22.54
721,1377812106,22.53
721,1377812111,22.54
721,1377812116,22.54
721,1377812121,22.53
721,1377812126,22.54
721,1377812131,22.54
721,1377812136,22.53
721,1377812141,22.54
721,1377812146,22.53
721,1377812151,22.54
721,1377812156,22.53
721,1377812161,22.54
721,1377812166,22.54
721,1377812171,22.54
721,1377812176,22.54
721,1377812181,22.53
721,1377812187,22.54
721,1377812191,22.54
721,1377812196,22.53
721,1377812201,22.54
721,1377812206,22.54
721,1377812211,22.53
721,1377812216,22.54
721,1377812221,22.54
721,1377812226,22.54
721,1377812231,22.54
721,1377812236,22.54
721,1377812241,22.54
721,1377812246,22.54
721,1377812251,22.54
721,1377812256,22.54
721,1377812261,22.54
721,1377812266,22.55
721,1377812271,22.54
721,1377812276,22.55
721,1377812281,22.55
721,1377812286,22.54
721,1377812291,22.54
721,1377812296,22.53
721,1377812301,22.55
721,1377812306,22.54
721,1377812311,22.55
721,1377812316,22.54
721,1377812321,22.54
721,1377812326,22.54
721,1377812331,22.54
721,1377812336,22.54
721,1377812341,22.55
721,1377812346,22.55
721,1377812351,22.55
721,1377812356,22.55
721,1377812361,22.54
721,1377812366,22.54
721,1377812371,22.55
721,1377812376,22.54
721,1377812381,22.55
721,1377812386,22.55
721,1377812391,22.56
721,1377812396,22.56
721,1377812401,22.56
721,1377812406,22.55
721,1377812411,22.55
721,1377812416,22.55
721,1377812421,22.55
721,1377812426,22.55
721,1377812431,22.55
721,1377812436,22.55
721,1377812441,22.55
721,1377812446,22.55
721,1377812451,22.55
721,1377812456,22.54
721,1377812461,22.55
721,1377812466,22.55
721,1377812471,22.55
721,1377812476,22.55
721,1377812481,22.55
721,1377812486,22.54
721,1377812491,22.54
721,1377812496,22.55
721,1377812501,22.54
721,1377812506,22.55
721,1377812511,22.56
721,1377812516,22.55
721,1377812521,22.55
721,1377812526,22.54
721,1377812531,22.54
721,1377812536,22.55
721,1377812541,22.55
721,1377812546,22.56
721,1377812551,22.55
721,1377812556,22.56
721,1377812561,22.55
721,1377812566,22.55
721,1377812571,22.55
721,1377812576,22.55
721,1377812581,22.56
721,1377812586,22.56
721,1377812591,22.55
721,1377812596,22.56
721,1377812601,22.56
721,1377812606,22.57
721,1377812611,22.56
721,1377812616,22.56
721,1377812621,22.56
721,1377812626,22.55
721,1377812631,22.56
721,1377812636,22.56
721,1377812641,22.56
721,1377812646,22.56
721,1377812651,22.57
721,1377812656,22.54
721,1377812661,22.56
721,1377812666,22.56
721,1377812671,22.56
721,1377812676,22.56
721,1377812681,22.56
721,1377812686,22.56
721,1377812691,22.56
721,1377812696,22.56
721,1377812701,22.56
721,1377812706,22.56
721,1377812711,22.56
721,1377812716,22.56
721,1377812721,22.56
721,1377812726,22.57
721,1377812731,22.56
721,1377812736,22.56
721,1377812741,22.56
721,1377812746,22.57
721,1377812751,22.56
721,1377812756,22.57
721,1377812761,22.58
721,1377812766,22.57
721,1377812771,22.56
721,1377812776,22.56
721,1377812781,22.56
721,1377812786,22.57
721,1377812791,22.56
721,1377812796,22.57
721,1377812801,22.56
721,1377812806,22.56
721,1377812811,22.56
721,1377812816,22.56
721,1377812821,22.57
721,1377812826,22.57
721,1377812831,22.57
721,1377812836,22.57
721,1377812841,22.56
721,1377812846,22.57
721,1377812851,22.57
721,1377812856,22.56
721,1377812861,22.56
721,1377812866,22.56
721,1377812871,22.58
721,1377812876,22.58
721,1377812881,22.57
721,1377812886,22.57
721,1377812891,22.57
721,1377812896,22.56
721,1377812901,22.56
721,1377812906,22.56
721,1377812911,22.57
721,1377812916,22.57
721,1377812921,22.56
721,1377812926,22.56
721,1377812931,22.57
721,1377812936,22.57
721,1377812941,22.58
721,1377812946,22.58
721,1377812951,22.57
721,1377812956,22.56
721,1377812961,22.57
721,1377812966,22.57
721,1377812971,22.57
721,1377812976,22.56
721,1377812981,22.57
721,1377812986,22.57
721,1377812991,22.58
721,1377812996,22.57
721,1377813001,22.57
721,1377813006,22.57
721,1377813011,22.56
721,1377813016,22.56
721,1377813021,22.58
721,1377813026,22.57
721,1377813031,22.57
721,1377813036,22.57
721,1377813041,22.57
721,1377813046,22.57
721,1377813051,22.58
721,1377813056,22.58
721,1377813061,22.58
721,1377813066,22.57
721,1377813071,22.58
721,1377813076,22.59
721,1377813081,22.58
721,1377813086,22.57
721,1377813091,22.57
721,1377813096,22.57
721,1377813101,22.56
721,1377813106,22.58
721,1377813111,22.57
721,1377813116,22.58
721,1377813121,22.57
721,1377813126,22.58
721,1377813131,22.58
721,1377813136,22.58
721,1377813141,22.58
721,1377813146,22.58
721,1377813151,22.58
721,1377813156,22.58
721,1377813161,22.58
721,1377813166,22.57
721,1377813171,22.57
721,1377813176,22.57
721,1377813181,22.58
721,1377813186,22.58
721,1377813191,22.57
721,1377813196,22.58
721,1377813201,22.57
721,1377813206,22.58
721,1377813211,22.58
721,1377813216,22.56
721,1377813221,22.58
721,1377813226,22.58
721,1377813231,22.58
721,1377813236,22.58
721,1377813241,22.58
721,1377813246,22.58
721,1377813251,22.58
721,1377813256,22.58
721,1377813261,22.58
721,1377813266,22.58
721,1377813271,22.58
721,1377813276,22.58
721,1377813281,22.58
721,1377813286,22.58
721,1377813291,22.58
721,1377813296,22.58
721,1377813301,22.58
721,1377813306,22.58
721,1377813311,22.57
721,1377813316,22.59
721,1377813321,22.59
721,1377813326,22.57
721,1377813331,22.59
721,1377813336,22.58
721,1377813341,22.58
721,1377813346,22.58
721,1377813351,22.58
721,1377813356,22.58
721,1377813361,22.58
721,1377813366,22.58
721,1377813371,22.58
721,1377813376,22.57
721,1377813381,22.58
721,1377813386,22.58
721,1377813391,22.58
721,1377813396,22.59
721,1377813401,22.6
721,1377813406,22.58
721,1377813411,22.58
721,1377813416,22.58
721,1377813421,22.58
721,1377813426,22.58
721,1377813431,22.59
721,1377813436,22.57
721,1377813441,22.58
721,1377813446,22.58
721,1377813451,22.59
721,1377813456,22.58
721,1377813461,22.59
721,1377813466,22.58
721,1377813471,22.58
721,1377813476,22.59
721,1377813481,22.58
721,1377813486,22.59
721,1377813491,22.58
721,1377813496,22.58
721,1377813501,22.59
721,1377813506,22.59
721,1377813511,22.58
721,1377813516,22.6
721,1377813521,22.59
721,1377813526,22.58
721,1377813531,22.6
721,1377813536,22.59
721,1377813541,22.6
721,1377813546,22.58
721,1377813551,22.58
721,1377813556,22.6
721,1377813561,22.6
721,1377813566,22.6
721,1377813571,22.58
721,1377813576,22.59
721,1377813581,22.6
721,1377813586,22.59
721,1377813591,22.59
721,1377813596,22.6
721,1377813601,22.6
721,1377813606,22.58
721,1377813611,22.6
721,1377813616,22.6
721,1377813621,22.6
721,1377813626,22.6
721,1377813631,22.6
721,1377813636,22.58
721,1377813641,22.6
721,1377813646,22.6
721,1377813651,22.6
721,1377813656,22.6
721,1377813661,22.6
721,1377813666,22.6
721,1377813671,22.6
721,1377813676,22.58
721,1377813681,22.59
721,1377813686,22.6
721,1377813691,22.59
721,1377813696,22.59
721,1377813701,22.59
721,1377813706,22.6
721,1377813711,22.6
721,1377813716,22.6
721,1377813721,22.6
721,1377813726,22.6
721,1377813731,22.6
721,1377813736,22.6
721,1377813741,22.6
721,1377813746,22.6
721,1377813751,22.6
721,1377813756,22.6
721,1377813761,22.6
721,1377813766,22.6
721,1377813771,22.6
721,1377813776,22.6
721,1377813781,22.6
721,1377813786,22.6
721,1377813791,22.6
721,1377813796,22.6
721,1377813801,22.6
721,1377813806,22.6
721,1377813811,22.6
721,1377813816,22.6
721,1377813821,22.6
721,1377813826,22.6
721,1377813831,22.6
721,1377813836,22.61
721,1377813841,22.59
721,1377813846,22.6
721,1377813851,22.6
721,1377813856,22.6
721,1377813861,22.6
721,1377813866,22.61
721,1377813871,22.6
721,1377813876,22.6
721,1377813881,22.6
721,1377813886,22.6
721,1377813891,22.6
721,1377813896,22.61
721,1377813901,22.6
721,1377813906,22.6
721,1377813911,22.59
721,1377813916,22.59
721,1377813921,22.61
721,1377813926,22.61
721,1377813931,22.6
721,1377813936,22.6
721,1377813941,22.6
721,1377813946,22.6
721,1377813951,22.62
721,1377813956,22.61
721,1377813961,22.61
721,1377813966,22.6
721,1377813971,22.6
721,1377813976,22.6
721,1377813981,22.6
721,1377813986,22.6
721,1377813991,22.6
721,1377813996,22.61
721,1377814001,22.6
721,1377814006,22.6
721,1377814011,22.6
721,1377814016,22.6
721,1377814021,22.61
721,1377814026,22.6
721,1377814031,22.6
721,1377814036,22.6
721,1377814041,22.6
721,1377814046,22.59
721,1377814051,22.61
721,1377814056,22.6
721,1377814061,22.6
721,1377814066,22.6
721,1377814071,22.6
721,1377814076,22.6
721,1377814081,22.6
721,1377814086,22.6
721,1377814091,22.6
721,1377814096,22.6
721,1377814101,22.6
721,1377814106,22.6
721,1377814111,22.61
721,1377814116,22.62
721,1377814121,22.61
721,1377814126,22.62
721,1377814131,22.62
721,1377814136,22.6
721,1377814141,22.6
721,1377814146,22.61
721,1377814151,22.6
721,1377814156,22.6
721,1377814161,22.62
721,1377814166,22.6
721,1377814171,22.6
721,1377814176,22.61
721,1377814181,22.62
721,1377814186,22.6
721,1377814191,22.6
721,1377814196,22.6
721,1377814201,22.61
721,1377814206,22.62
721,1377814211,22.61
721,1377814216,22.6
721,1377814221,22.61
721,1377814226,22.6
721,1377814231,22.6
721,1377814236,22.61
721,1377814241,22.62
721,1377814246,22.62
721,1377814251,22.61
721,1377814256,22.61
721,1377814261,22.6
721,1377814266,22.61
721,1377814271,22.6
721,1377814276,22.6
721,1377814281,22.61
721,1377814286,22.6
721,1377814291,22.61
721,1377814296,22.62
721,1377814301,22.61
721,1377814306,22.61
721,1377814311,22.62
721,1377814316,22.6
721,1377814321,22.61
721,1377814326,22.61
721,1377814331,22.62
721,1377814336,22.6
721,1377814341,22.61
721,1377814346,22.62
721,1377814351,22.62
721,1377814356,22.61
721,1377814361,22.62
721,1377814366,22.61
721,1377814371,22.6
721,1377814376,22.62
721,1377814381,22.62
721,1377814386,22.61
721,1377814391,22.63
721,1377814396,22.62
721,1377814401,22.62
721,1377814406,22.61
721,1377814411,22.61
721,1377814416,22.62
721,1377814421,22.61
721,1377814426,22.62
721,1377814431,22.62
721,1377814436,22.62
721,1377814443,22.62
721,1377814446,22.61
721,1377814451,22.61
721,1377814456,22.61
721,1377814461,22.62
721,1377814466,22.62
721,1377814471,22.62
721,1377814476,22.62
721,1377814481,22.61
721,1377814486,22.62
721,1377814491,22.62
721,1377814496,22.62
721,1377814501,22.63
721,1377814506,22.62
721,1377814511,22.62
721,1377814516,22.62
721,1377814521,22.63
721,1377814526,22.62
721,1377814531,22.62
721,1377814536,22.62
721,1377814541,22.63
721,1377814546,22.62
721,1377814551,22.62
721,1377814556,22.62
721,1377814561,22.62
721,1377814566,22.62
721,1377814571,22.62
721,1377814576,22.63
721,1377814581,22.62
721,1377814586,22.62
721,1377814591,22.62
721,1377814596,22.62
721,1377814601,22.62
721,1377814606,22.62
721,1377814611,22.62
721,1377814616,22.63
721,1377814621,22.62
721,1377814626,22.63
721,1377814631,22.63
721,1377814636,22.63
721,1377814641,22.63
721,1377814646,22.63
721,1377814651,22.64
721,1377814656,22.62
721,1377814661,22.62
721,1377814666,22.62
721,1377814671,22.62
721,1377814676,22.63
721,1377814681,22.62
721,1377814686,22.63
721,1377814691,22.62
721,1377814696,22.63
721,1377814701,22.64
721,1377814706,22.62
721,1377814711,22.63
721,1377814716,22.62
721,1377814721,22.63
721,1377814726,22.63
721,1377814731,22.63
721,1377814736,22.63
721,1377814741,22.62
721,1377814746,22.62
721,1377814751,22.64
721,1377814756,22.62
721,1377814761,22.62
721,1377814766,22.62
721,1377814771,22.62
721,1377814776,22.63
721,1377814781,22.62
721,1377814786,22.62
721,1377814791,22.62
721,1377814796,22.64
721,1377814801,22.62
721,1377814806,22.63
721,1377814811,22.62
721,1377814816,22.64
721,1377814821,22.62
721,1377814826,22.63
721,1377814831,22.63
721,1377814836,22.62
721,1377814841,22.63
721,1377814846,22.62
721,1377814851,22.64
721,1377814856,22.62
721,1377814861,22.62
721,1377814866,22.63
721,1377814871,22.63
721,1377814876,22.63
721,1377814881,22.63
721,1377814886,22.63
721,1377814891,22.63
721,1377814896,22.64
721,1377814901,22.63
721,1377814906,22.62
721,1377814911,22.63
721,1377814916,22.63
721,1377814921,22.63
721,1377814926,22.63
721,1377814931,22.62
721,1377814936,22.63
721,1377814941,22.64
721,1377814946,22.62
721,1377814951,22.62
721,1377814956,22.63
721,1377814961,22.63
721,1377814966,22.63
721,1377814971,22.63
721,1377814976,22.63
721,1377814981,22.63
721,1377814986,22.63
721,1377814991,22.62
721,1377814996,22.64
721,1377815001,22.64
721,1377815006,22.64
721,1377815011,22.62
721,1377815016,22.63
721,1377815021,22.63
721,1377815026,22.63
721,1377815031,22.63
721,1377815036,22.64
721,1377815041,22.63
721,1377815046,22.63
721,1377815051,22.64
721,1377815056,22.63
721,1377815061,22.63
721,1377815066,22.64
721,1377815071,22.64
721,1377815076,22.64
721,1377815081,22.64
721,1377815086,22.64
721,1377815091,22.64
721,1377815096,22.65
721,1377815101,22.64
721,1377815106,22.64
721,1377815111,22.64
721,1377815116,22.64
721,1377815121,22.64
721,1377815126,22.64
721,1377815131,22.63
721,1377815136,22.63
721,1377815141,22.63
721,1377815146,22.64
721,1377815151,22.62
721,1377815156,22.65
721,1377815161,22.64
721,1377815166,22.64
721,1377815173,22.64
721,1377815176,22.63
721,1377815181,22.63
721,1377815186,22.64
721,1377815191,22.64
721,1377815196,22.64
721,1377815201,22.64
721,1377815206,22.64
721,1377815211,22.64
721,1377815216,22.65
721,1377815221,22.64
721,1377815226,22.64
721,1377815231,22.65
721,1377815236,22.65
721,1377815241,22.64
721,1377815246,22.64
721,1377815251,22.65
721,1377815256,22.65
721,1377815261,22.65
721,1377815266,22.65
721,1377815271,22.64
721,1377815276,22.64
721,1377815281,22.64
721,1377815286,22.65
721,1377815291,22.64
721,1377815296,22.64
721,1377815301,22.64
721,1377815306,22.64
721,1377815311,22.64
721,1377815316,22.64
721,1377815321,22.64
721,1377815326,22.64
721,1377815331,22.63
721,1377815336,22.64
721,1377815341,22.64
721,1377815346,22.64
721,1377815351,22.65
721,1377815356,22.64
721,1377815361,22.64
721,1377815366,22.64
721,1377815371,22.64
721,1377815376,22.66
721,1377815381,22.64
721,1377815386,22.65
721,1377815391,22.64
721,1377815396,22.66
721,1377815401,22.65
721,1377815406,22.65
721,1377815411,22.64
721,1377815416,22.64
721,1377815421,22.64
721,1377815426,22.64
721,1377815431,22.65
721,1377815436,22.64
721,1377815441,22.64
721,1377815446,22.65
721,1377815451,22.64
721,1377815456,22.65
721,1377815461,22.64
721,1377815466,22.65
721,1377815471,22.65
721,1377815476,22.66
721,1377815481,22.65
721,1377815486,22.66
721,1377815491,22.66
721,1377815496,22.66
721,1377815501,22.65
721,1377815506,22.64
721,1377815511,22.64
721,1377815516,22.66
721,1377815521,22.65
721,1377815526,22.65
721,1377815531,22.65
721,1377815536,22.65
721,1377815541,22.65
721,1377815546,22.66
721,1377815551,22.65
721,1377815556,22.65
721,1377815561,22.65
721,1377815566,22.65
721,1377815571,22.66
721,1377815576,22.64
721,1377815581,22.65
721,1377815586,22.65
721,1377815591,22.65
721,1377815596,22.66
721,1377815601,22.66
721,1377815606,22.66
721,1377815611,22.66
721,1377815616,22.66
721,1377815621,22.66
721,1377815626,22.66
721,1377815631,22.65
721,1377815636,22.66
721,1377815641,22.66
721,1377815646,22.66
721,1377815651,22.66
721,1377815656,22.65
721,1377815661,22.66
721,1377815666,22.64
721,1377815671,22.66
721,1377815676,22.66
721,1377815681,22.66
721,1377815686,22.65
721,1377815691,22.65
721,1377815696,22.66
721,1377815701,22.66
721,1377815706,22.65
721,1377815711,22.67
721,1377815716,22.66
721,1377815721,22.66
721,1377815726,22.66
721,1377815731,22.66
721,1377815736,22.66
721,1377815741,22.65
721,1377815746,22.66
721,1377815751,22.66
721,1377815756,22.64
721,1377815761,22.66
721,1377815766,22.66
721,1377815771,22.66
721,1377815776,22.66
721,1377815781,22.65
721,1377815786,22.66
721,1377815791,22.65
721,1377815796,22.66
721,1377815801,22.65
721,1377815806,22.65
721,1377815811,22.64
721,1377815816,22.65
721,1377815821,22.65
721,1377815826,22.65
721,1377815831,22.66
721,1377815836,22.66
721,1377815841,22.66
721,1377815846,22.66
721,1377815851,22.65
721,1377815856,22.66
721,1377815861,22.66
721,1377815866,22.65
721,1377815871,22.66
721,1377815876,22.66
721,1377815881,22.65
721,1377815886,22.66
721,1377815892,22.66
721,1377815896,22.66
721,1377815901,22.65
721,1377815906,22.67
721,1377815911,22.65
721,1377815916,22.66
721,1377815921,22.66
721,1377815926,22.66
721,1377815931,22.67
721,1377815936,22.66
721,1377815941,22.66
721,1377815946,22.66
721,1377815951,22.66
721,1377815956,22.65
721,1377815961,22.67
721,1377815966,22.66
721,1377815971,22.67
721,1377815976,22.66
721,1377815981,22.66
721,1377815986,22.66
721,1377815991,22.65
721,1377815996,22.66
721,1377816001,22.66
721,1377816006,22.67
721,1377816011,22.66
721,1377816016,22.65
721,1377816021,22.66
721,1377816026,22.66
721,1377816031,22.67
721,1377816036,22.67
721,1377816041,22.66
721,1377816046,22.65
721,1377816051,22.66
721,1377816056,22.66
721,1377816061,22.66
721,1377816066,22.66
721,1377816071,22.67
721,1377816076,22.67
721,1377816081,22.66
721,1377816086,22.66
721,1377816091,22.66
721,1377816096,22.66
721,1377816101,22.67
721,1377816106,22.66
721,1377816111,22.67
721,1377816116,22.68
721,1377816121,22.67
721,1377816126,22.67
721,1377816131,22.67
721,1377816136,22.68
721,1377816141,22.66
721,1377816146,22.66
721,1377816151,22.67
721,1377816156,22.67
721,1377816161,22.66
721,1377816166,22.66
721,1377816171,22.67
721,1377816176,22.67
721,1377816181,22.66
721,1377816186,22.66
721,1377816191,22.66
721,1377816196,22.66
721,1377816201,22.68
721,1377816206,22.66
721,1377816211,22.67
721,1377816216,22.67
721,1377816221,22.67
721,1377816226,22.66
721,1377816231,22.67
721,1377816236,22.67
721,1377816241,22.68
721,1377816246,22.66
721,1377816251,22.67
721,1377816256,22.68
721,1377816261,22.66
721,1377816266,22.66
721,1377816271,22.67
721,1377816276,22.68
721,1377816281,22.68
721,1377816286,22.67
721,1377816291,22.67
721,1377816296,22.67
721,1377816301,22.66
721,1377816306,22.67
721,1377816311,22.67
721,1377816316,22.67
721,1377816321,22.66
721,1377816326,22.68
721,1377816331,22.67
721,1377816336,22.67
721,1377816341,22.66
721,1377816346,22.67
721,1377816351,22.67
721,1377816356,22.68
721,1377816361,22.68
721,1377816366,22.66
721,1377816371,22.68
721,1377816376,22.68
721,1377816381,22.67
721,1377816386,22.68
721,1377816391,22.67
721,1377816396,22.68
721,1377816401,22.68
721,1377816406,22.68
721,1377816411,22.68
721,1377816416,22.68
721,1377816421,22.68
721,1377816426,22.69
721,1377816431,22.68
721,1377816436,22.68
721,1377816441,22.68
721,1377816446,22.68
721,1377816451,22.68
721,1377816456,22.68
721,1377816461,22.68
721,1377816466,22.67
721,1377816471,22.68
721,1377816476,22.67
721,1377816481,22.68
721,1377816486,22.68
721,1377816491,22.68
721,1377816496,22.68
721,1377816501,22.68
721,1377816506,22.68
721,1377816511,22.68
721,1377816516,22.68
721,1377816521,22.68
721,1377816526,22.67
721,1377816531,22.68
721,1377816536,22.68
721,1377816541,22.68
721,1377816546,22.68
721,1377816551,22.68
721,1377816556,22.68
721,1377816561,22.68
721,1377816566,22.68
721,1377816571,22.68
721,1377816576,22.68
721,1377816581,22.67
721,1377816586,22.68
721,1377816591,22.68
721,1377816596,22.68
721,1377816601,22.68
721,1377816607,22.69
721,1377816611,22.68
721,1377816616,22.68
721,1377816621,22.67
721,1377816626,22.66
721,1377816631,22.68
721,1377816636,22.68
721,1377816641,22.68
721,1377816646,22.68
721,1377816651,22.68
721,1377816656,22.68
721,1377816661,22.68
721,1377816666,22.68
721,1377816671,22.68
721,1377816676,22.69
721,1377816681,22.69
721,1377816686,22.68
721,1377816691,22.68
721,1377816696,22.68
721,1377816701,22.67
721,1377816706,22.68
721,1377816711,22.68
721,1377816716,22.68
721,1377816721,22.69
721,1377816726,22.68
721,1377816731,22.67
721,1377816736,22.68
721,1377816741,22.68
721,1377816746,22.68
721,1377816751,22.69
721,1377816756,22.68
721,1377816761,22.68
721,1377816766,22.68
721,1377816771,22.68
721,1377816776,22.68
721,1377816781,22.68
721,1377816786,22.68
721,1377816791,22.68
721,1377816796,22.68
721,1377816801,22.69
721,1377816806,22.68
721,1377816811,22.68
721,1377816816,22.68
721,1377816821,22.69
721,1377816826,22.69
721,1377816831,22.7
721,1377816836,22.67
721,1377816841,22.68
721,1377816846,22.68
721,1377816851,22.69
721,1377816856,22.68
721,1377816861,22.69
721,1377816866,22.7
721,1377816871,22.69
721,1377816876,22.68
721,1377816881,22.68
721,1377816886,22.68
721,1377816891,22.69
721,1377816896,22.67
721,1377816901,22.68
721,1377816906,22.68
721,1377816911,22.7
721,1377816916,22.68
721,1377816921,22.68
721,1377816926,22.68
721,1377816931,22.69
721,1377816936,22.7
721,1377816941,22.68
721,1377816946,22.68
721,1377816951,22.68
721,1377816956,22.68
721,1377816961,22.68
721,1377816966,22.69
721,1377816971,22.68
721,1377816976,22.68
721,1377816981,22.69
721,1377816986,22.71
721,1377816991,22.69
721,1377816996,22.69
721,1377817001,22.68
721,1377817006,22.69
721,1377817011,22.7
721,1377817016,22.7
721,1377817021,22.69
721,1377817026,22.69
721,1377817031,22.69
721,1377817036,22.69
721,1377817041,22.68
721,1377817046,22.7
721,1377817051,22.69
721,1377817056,22.68
721,1377817061,22.68
721,1377817066,22.7
721,1377817071,22.7
721,1377817076,22.7
721,1377817081,22.69
721,1377817086,22.7
721,1377817091,22.69
721,1377817096,22.68
721,1377817101,22.69
721,1377817106,22.7
721,1377817111,22.71
721,1377817116,22.69
721,1377817121,22.69
721,1377817126,22.69
721,1377817131,22.69
721,1377817136,22.7
721,1377817141,22.7
721,1377817146,22.69
721,1377817151,22.68
721,1377817156,22.7
721,1377817161,22.7
721,1377817166,22.7
721,1377817171,22.7
721,1377817176,22.69
721,1377817181,22.69
721,1377817186,22.7
721,1377817191,22.68
721,1377817196,22.7
721,1377817201,22.7
721,1377817206,22.69
721,1377817211,22.68
721,1377817216,22.69
721,1377817221,22.69
721,1377817226,22.69
721,1377817231,22.7
721,1377817236,22.69
721,1377817241,22.7
721,1377817246,22.7
721,1377817251,22.69
721,1377817256,22.7
721,1377817261,22.71
721,1377817266,22.7
721,1377817271,22.69
721,1377817276,22.68
721,1377817281,22.7
721,1377817286,22.7
721,1377817291,22.69
721,1377817296,22.69
721,1377817301,22.7
721,1377817306,22.7
721,1377817311,22.69
721,1377817316,22.7
721,1377817321,22.71
721,1377817328,22.7
721,1377817331,22.68
721,1377817336,22.69
721,1377817341,22.69
721,1377817346,22.7
721,1377817351,22.7
721,1377817356,22.7
721,1377817361,22.69
721,1377817366,22.7
721,1377817371,22.7
721,1377817376,22.69
721,1377817381,22.7
721,1377817386,22.7
721,1377817391,22.7
721,1377817396,22.7
721,1377817401,22.7
721,1377817406,22.7
721,1377817411,22.7
721,1377817416,22.69
721,1377817421,22.69
721,1377817426,22.69
721,1377817431,22.7
721,1377817436,22.71
721,1377817441,22.7
721,1377817446,22.71
721,1377817451,22.7
721,1377817456,22.7
721,1377817461,22.7
721,1377817466,22.7
721,1377817471,22.7
721,1377817476,22.7
721,1377817481,22.7
721,1377817486,22.7
721,1377817491,22.7
721,1377817496,22.7
721,1377817501,22.71
721,1377817506,22.71
721,1377817511,22.7
721,1377817516,22.7
721,1377817521,22.7
721,1377817526,22.7
721,1377817531,22.72
721,1377817536,22.7
721,1377817541,22.7
721,1377817546,22.72
721,1377817551,22.7
721,1377817556,22.69
721,1377817561,22.7
721,1377817566,22.7
721,1377817571,22.7
721,1377817576,22.7
721,1377817581,22.7
721,1377817586,22.7
721,1377817591,22.72
721,1377817596,22.7
721,1377817601,22.71
721,1377817606,22.7
721,1377817611,22.7
721,1377817616,22.72
721,1377817621,22.71
721,1377817626,22.7
721,1377817631,22.71
721,1377817636,22.7
721,1377817641,22.7
721,1377817646,22.71
721,1377817651,22.7
721,1377817656,22.7
721,1377817661,22.71
721,1377817666,22.7
721,1377817671,22.7
721,1377817676,22.7
721,1377817681,22.7
721,1377817686,22.7
721,1377817691,22.7
721,1377817696,22.7
721,1377817701,22.7
721,1377817706,22.71
721,1377817711,22.7
721,1377817716,22.7
721,1377817721,22.7
721,1377817726,22.7
721,1377817731,22.7
721,1377817736,22.7
721,1377817741,22.7
721,1377817746,22.71
721,1377817751,22.7
721,1377817756,22.7
721,1377817761,22.71
721,1377817766,22.71
721,1377817771,22.7
721,1377817776,22.71
721,1377817781,22.71
721,1377817786,22.7
721,1377817791,22.7
721,1377817796,22.7
721,1377817801,22.71
721,1377817806,22.7
721,1377817811,22.71
721,1377817816,22.7
721,1377817821,22.7
721,1377817826,22.7
721,1377817831,22.7
721,1377817836,22.7
721,1377817841,22.71
721,1377817846,22.71
721,1377817851,22.69
721,1377817856,22.71
721,1377817861,22.7
721,1377817866,22.7
721,1377817871,22.71
721,1377817876,22.71
721,1377817881,22.7
721,1377817886,22.7
721,1377817891,22.7
721,1377817896,22.7
721,1377817901,22.71
721,1377817906,22.71
721,1377817911,22.71
721,1377817916,22.7
721,1377817921,22.71
721,1377817926,22.71
721,1377817931,22.7
721,1377817936,22.7
721,1377817941,22.7
721,1377817946,22.7
721,1377817951,22.71
721,1377817956,22.7
721,1377817961,22.7
721,1377817966,22.71
721,1377817971,22.7
721,1377817976,22.71
721,1377817981,22.71
721,1377817986,22.71
721,1377817991,22.7
721,1377817996,22.71
721,1377818001,22.71
721,1377818006,22.71
721,1377818011,22.71
721,1377818016,22.71
721,1377818021,22.7
721,1377818026,22.71
721,1377818031,22.71
721,1377818036,22.72
721,1377818041,22.71
721,1377818046,22.71
721,1377818051,22.71
721,1377818056,22.7
721,1377818061,22.7
721,1377818066,22.71
721,1377818071,22.7
721,1377818076,22.69
721,1377818081,22.7
721,1377818086,22.7
721,1377818091,22.7
721,1377818096,22.69
721,1377818101,22.7
721,1377818106,22.72
721,1377818111,22.7
721,1377818116,22.7
721,1377818121,22.72
721,1377818126,22.72
721,1377818131,22.71
721,1377818136,22.71
721,1377818141,22.72
721,1377818146,22.71
721,1377818151,22.7
721,1377818156,22.72
721,1377818161,22.7
721,1377818166,22.71
721,1377818171,22.71
721,1377818176,22.71
721,1377818181,22.72
721,1377818186,22.71
721,1377818191,22.71
721,1377818196,22.7
721,1377818201,22.71
721,1377818206,22.71
721,1377818211,22.7
721,1377818216,22.72
721,1377818221,22.7
721,1377818226,22.71
721,1377818231,22.71
721,1377818236,22.72
721,1377818241,22.71
721,1377818246,22.72
721,1377818251,22.72
721,1377818256,22.71
721,1377818261,22.7
721,1377818266,22.7
721,1377818271,22.72
721,1377818276,22.71
721,1377818281,22.71
721,1377818286,22.71
721,1377818291,22.7
721,1377818296,22.71
721,1377818301,22.72
721,1377818306,22.71
721,1377818311,22.7
721,1377818316,22.71
721,1377818321,22.72
721,1377818326,22.7
721,1377818331,22.7
721,1377818336,22.72
721,1377818341,22.71
721,1377818346,22.71
721,1377818351,22.7
721,1377818356,22.7
721,1377818361,22.7
721,1377818366,22.71
721,1377818371,22.7
721,1377818376,22.72
721,1377818381,22.71
721,1377818386,22.71
721,1377818391,22.72
721,1377818396,22.72
721,1377818401,22.72
721,1377818406,22.73
721,1377818411,22.72
721,1377818416,22.71
721,1377818421,22.71
721,1377818426,22.71
721,1377818431,22.72
721,1377818436,22.71
721,1377818441,22.72
721,1377818446,22.71
721,1377818451,22.72
721,1377818456,22.7
721,1377818461,22.71
721,1377818466,22.72
721,1377818471,22.71
721,1377818476,22.72
721,1377818481,22.71
721,1377818486,22.72
721,1377818492,22.71
721,1377818496,22.71
721,1377818501,22.72
721,1377818506,22.71
721,1377818511,22.72
721,1377818516,22.71
721,1377818521,22.71
721,1377818526,22.71
721,1377818531,22.72
721,1377818536,22.71
721,1377818541,22.71
721,1377818546,22.72
721,1377818551,22.72
721,1377818556,22.72
721,1377818561,22.72
721,1377818566,22.71
721,1377818571,22.71
721,1377818576,22.72
721,1377818581,22.71
721,1377818586,22.72
721,1377818591,22.72
721,1377818596,22.72
721,1377818601,22.72
721,1377818606,22.7
721,1377818611,22.72
721,1377818616,22.72
721,1377818621,22.72
721,1377818626,22.72
721,1377818631,22.73
721,1377818636,22.72
721,1377818641,22.72
721,1377818646,22.72
721,1377818651,22.71
721,1377818656,22.72
721,1377818661,22.73
721,1377818666,22.72
721,1377818671,22.72
721,1377818676,22.72
721,1377818681,22.72
721,1377818686,22.73
721,1377818691,22.73
721,1377818696,22.72
721,1377818701,22.71
721,1377818706,22.72
721,1377818711,22.71
721,1377818716,22.72
721,1377818721,22.71
721,1377818726,22.72
721,1377818731,22.72
721,1377818736,22.73
721,1377818741,22.72
721,1377818746,22.72
721,1377818751,22.71
721,1377818756,22.73
721,1377818763,22.71
721,1377818766,22.73
721,1377818771,22.71
721,1377818776,22.72
721,1377818781,22.72
721,1377818786,22.72
721,1377818791,22.72
721,1377818796,22.72
721,1377818801,22.72
721,1377818806,22.72
721,1377818811,22.73
721,1377818816,22.72
721,1377818821,22.73
721,1377818826,22.72
721,1377818831,22.72
721,1377818836,22.72
721,1377818841,22.72
721,1377818846,22.72
721,1377818851,22.72
721,1377818856,22.72
721,1377818861,22.72
721,1377818866,22.73
721,1377818871,22.71
721,1377818876,22.72
721,1377818881,22.72
721,1377818886,22.72
721,1377818891,22.74
721,1377818896,22.72
721,1377818901,22.72
721,1377818906,22.72
721,1377818911,22.73
721,1377818916,22.72
721,1377818921,22.72
721,1377818926,22.72
721,1377818931,22.72
721,1377818936,22.72
721,1377818941,22.72
721,1377818946,22.73
721,1377818951,22.72
721,1377818956,22.72
721,1377818961,22.72
721,1377818966,22.71
721,1377818971,22.72
721,1377818976,22.73
721,1377818981,22.72
721,1377818986,22.72
721,1377818991,22.72
721,1377818996,22.73
721,1377819001,22.72
721,1377819006,22.73
721,1377819011,22.73
721,1377819016,22.73
721,1377819021,22.73
721,1377819026,22.73
721,1377819031,22.72
721,1377819036,22.72
721,1377819041,22.74
721,1377819046,22.73
721,1377819051,22.73
721,1377819056,22.72
721,1377819061,22.74
721,1377819066,22.72
721,1377819071,22.72
721,1377819076,22.73
721,1377819081,22.72
721,1377819086,22.73
721,1377819091,22.72
721,1377819096,22.72
721,1377819101,22.73
721,1377819106,22.73
721,1377819111,22.73
721,1377819116,22.73
721,1377819121,22.73
721,1377819126,22.72
721,1377819131,22.73
721,1377819136,22.73
721,1377819141,22.72
721,1377819146,22.73
721,1377819151,22.73
721,1377819156,22.73
721,1377819161,22.73
721,1377819166,22.73
721,1377819171,22.72
721,1377819176,22.73
721,1377819181,22.74
721,1377819186,22.73
721,1377819191,22.74
721,1377819196,22.73
721,1377819201,22.74
721,1377819206,22.74
721,1377819211,22.74
721,1377819216,22.73
721,1377819221,22.74
721,1377819226,22.74
721,1377819231,22.73
721,1377819236,22.74
721,1377819241,22.74
721,1377819246,22.73
721,1377819251,22.73
721,1377819256,22.73
721,1377819261,22.74
721,1377819266,22.73
721,1377819271,22.73
721,1377819276,22.74
721,1377819281,22.72
721,1377819286,22.73
721,1377819291,22.72
721,1377819296,22.74
721,1377819301,22.72
721,1377819306,22.74
721,1377819311,22.74
721,1377819316,22.74
721,1377819321,22.73
721,1377819326,22.74
721,1377819331,22.73
721,1377819336,22.74
721,1377819341,22.74
721,1377819346,22.74
721,1377819351,22.72
721,1377819356,22.72
721,1377819361,22.74
721,1377819366,22.73
721,1377819371,22.73
721,1377819376,22.74
721,1377819381,22.74
721,1377819386,22.74
721,1377819391,22.75
721,1377819396,22.74
721,1377819401,22.74
721,1377819406,22.74
721,1377819411,22.74
721,1377819416,22.74
721,1377819421,22.74
721,1377819426,22.74
721,1377819431,22.74
721,1377819436,22.73
721,1377819441,22.74
721,1377819446,22.74
721,1377819451,22.75
721,1377819456,22.74
721,1377819461,22.74
721,1377819466,22.73
721,1377819471,22.73
721,1377819476,22.73
721,1377819481,22.74
721,1377819486,22.74
721,1377819493,22.74
721,1377819496,22.75
721,1377819501,22.73
721,1377819506,22.74
721,1377819511,22.73
721,1377819516,22.72
721,1377819521,22.73
721,1377819526,22.74
721,1377819531,22.74
721,1377819536,22.73
721,1377819541,22.75
721,1377819546,22.74
721,1377819551,22.73
721,1377819556,22.74
721,1377819561,22.73
721,1377819566,22.76
721,1377819571,22.74
721,1377819576,22.74
721,1377819581,22.74
721,1377819586,22.74
721,1377819591,22.74
721,1377819596,22.74
721,1377819601,22.73
721,1377819606,22.74
721,1377819611,22.74
721,1377819616,22.75
721,1377819621,22.74
721,1377819626,22.75
721,1377819631,22.75
721,1377819636,22.74
721,1377819641,22.74
721,1377819646,22.73
721,1377819651,22.73
721,1377819656,22.74
721,1377819661,22.75
721,1377819666,22.74
721,1377819671,22.74
721,1377819676,22.75
721,1377819681,22.74
721,1377819686,22.74
721,1377819691,22.75
721,1377819696,22.73
721,1377819701,22.74
721,1377819706,22.74
721,1377819711,22.74
721,1377819716,22.74
721,1377819721,22.74
721,1377819726,22.74
721,1377819731,22.74
721,1377819736,22.73
721,1377819741,22.75
721,1377819746,22.74
721,1377819751,22.74
721,1377819756,22.73
721,1377819761,22.75
721,1377819766,22.75
721,1377819771,22.74
721,1377819776,22.73
721,1377819781,22.74
721,1377819786,22.74
721,1377819791,22.74
721,1377819796,22.74
721,1377819801,22.74
721,1377819806,22.74
721,1377819811,22.74
721,1377819816,22.74
721,1377819821,22.75
721,1377819826,22.76
721,1377819831,22.75
721,1377819836,22.75
721,1377819841,22.75
721,1377819846,22.75
721,1377819851,22.75
721,1377819856,22.76
721,1377819861,22.75
721,1377819866,22.74
721,1377819871,22.75
721,1377819876,22.75
721,1377819881,22.76
721,1377819886,22.75
721,1377819891,22.75
721,1377819896,22.76
721,1377819901,22.76
721,1377819906,22.74
721,1377819911,22.76
721,1377819916,22.74
721,1377819921,22.76
721,1377819926,22.76
721,1377819931,22.75
721,1377819936,22.76
721,1377819941,22.74
721,1377819946,22.76
721,1377819951,22.76
721,1377819956,22.76
721,1377819961,22.76
721,1377819966,22.74
721,1377819971,22.75
721,1377819976,22.76
721,1377819981,22.76
721,1377819986,22.74
721,1377819991,22.76
721,1377819996,22.76
721,1377820001,22.76
721,1377820006,22.76
721,1377820011,22.76
721,1377820016,22.77
721,1377820021,22.76
721,1377820026,22.75
721,1377820031,22.76
721,1377820036,22.76
721,1377820041,22.74
721,1377820046,22.76
721,1377820051,22.75
721,1377820056,22.76
721,1377820061,22.76
721,1377820066,22.75
721,1377820071,22.75
721,1377820076,22.76
721,1377820081,22.76
721,1377820086,22.75
721,1377820091,22.75
721,1377820096,22.76
721,1377820101,22.76
721,1377820106,22.75
721,1377820111,22.75
721,1377820116,22.77
721,1377820121,22.76
721,1377820126,22.76
721,1377820131,22.77
721,1377820136,22.77
721,1377820141,22.76
721,1377820146,22.76
721,1377820151,22.76
721,1377820156,22.76
721,1377820161,22.76
721,1377820166,22.76
721,1377820171,22.76
721,1377820176,22.76
721,1377820181,22.77
721,1377820186,22.76
721,1377820191,22.75
721,1377820196,22.77
721,1377820201,22.75
721,1377820206,22.76
721,1377820211,22.76
721,1377820216,22.78
721,1377820221,22.76
721,1377820226,22.76
721,1377820231,22.76
721,1377820236,22.77
721,1377820241,22.76
721,1377820246,22.76
721,1377820251,22.77
721,1377820256,22.76
721,1377820261,22.76
721,1377820266,22.76
721,1377820271,22.76
721,1377820276,22.76
721,1377820281,22.76
721,1377820286,22.76
721,1377820291,22.75
721,1377820296,22.77
721,1377820301,22.77
721,1377820306,22.76
721,1377820311,22.76
721,1377820316,22.76
721,1377820321,22.76
721,1377820326,22.78
721,1377820331,22.76
721,1377820336,22.76
721,1377820341,22.76
721,1377820346,22.77
721,1377820351,22.76
721,1377820356,22.77
721,1377820361,22.77
721,1377820366,22.77
721,1377820371,22.76
721,1377820376,22.76
721,1377820381,22.76
721,1377820386,22.77
721,1377820391,22.76
721,1377820396,22.77
721,1377820401,22.77
721,1377820406,22.76
721,1377820411,22.76
721,1377820416,22.77
721,1377820421,22.76
721,1377820426,22.77
721,1377820431,22.77
721,1377820436,22.76
721,1377820441,22.76
721,1377820446,22.77
721,1377820451,22.76
721,1377820456,22.76
721,1377820461,22.77
721,1377820466,22.76
721,1377820471,22.77
721,1377820476,22.76
721,1377820481,22.77
721,1377820486,22.76
721,1377820491,22.77
721,1377820496,22.77
721,1377820501,22.76
721,1377820506,22.76
721,1377820511,22.78
721,1377820516,22.77
721,1377820521,22.76
721,1377820526,22.76
721,1377820531,22.76
721,1377820536,22.77
721,1377820541,22.76
721,1377820546,22.77
721,1377820551,22.78
721,1377820556,22.76
721,1377820561,22.76
721,1377820566,22.76
721,1377820571,22.76
721,1377820576,22.76
721,1377820581,22.76
721,1377820586,22.78
721,1377820591,22.78
721,1377820596,22.77
721,1377820601,22.78
721,1377820606,22.76
721,1377820611,22.77
721,1377820616,22.77
721,1377820621,22.76
721,1377820626,22.78
721,1377820631,22.78
721,1377820636,22.77
721,1377820641,22.77
721,1377820646,22.77
721,1377820651,22.77
721,1377820656,22.77
721,1377820661,22.76
721,1377820666,22.78
721,1377820671,22.78
721,1377820676,22.77
721,1377820681,22.77
721,1377820686,22.78
721,1377820691,22.77
721,1377820696,22.76
721,1377820701,22.76
721,1377820706,22.78
721,1377820711,22.78
721,1377820716,22.78
721,1377820721,22.78
721,1377820726,22.78
721,1377820731,22.78
721,1377820736,22.78
721,1377820741,22.78
721,1377820746,22.78
721,1377820751,22.78
721,1377820756,22.77
721,1377820761,22.78
721,1377820766,22.77
721,1377820771,22.78
721,1377820776,22.77
721,1377820781,22.78
721,1377820786,22.78
721,1377820791,22.78
721,1377820796,22.77
721,1377820801,22.78
721,1377820806,22.78
721,1377820811,22.79
721,1377820816,22.77
721,1377820821,22.78
721,1377820826,22.77
721,1377820831,22.78
721,1377820836,22.78
721,1377820841,22.78
721,1377820846,22.77
721,1377820851,22.78
721,1377820856,22.78
721,1377820861,22.79
721,1377820866,22.78
721,1377820871,22.79
721,1377820876,22.78
721,1377820881,22.78
721,1377820886,22.78
721,1377820891,22.79
721,1377820896,22.78
721,1377820901,22.78
721,1377820906,22.78
721,1377820911,22.78
721,1377820916,22.78
721,1377820921,22.77
721,1377820926,22.79
721,1377820931,22.79
721,1377820936,22.79
721,1377820941,22.78
721,1377820946,22.79
721,1377820951,22.79
721,1377820956,22.78
721,1377820961,22.78
721,1377820966,22.78
721,1377820971,22.77
721,1377820976,22.78
721,1377820981,22.78
721,1377820986,22.8
721,1377820991,22.78
721,1377820996,22.78
721,1377821001,22.78
721,1377821006,22.79
721,1377821011,22.79
721,1377821016,22.79
721,1377821021,22.78
721,1377821026,22.79
721,1377821031,22.79
721,1377821036,22.78
721,1377821041,22.78
721,1377821046,22.78
721,1377821051,22.78
721,1377821056,22.77
721,1377821061,22.79
721,1377821066,22.79
721,1377821071,22.79
721,1377821076,22.78
721,1377821081,22.8
721,1377821086,22.78
721,1377821091,22.79
721,1377821096,22.8
721,1377821101,22.8
721,1377821106,22.79
721,1377821111,22.79
721,1377821116,22.78
721,1377821121,22.8
721,1377821126,22.79
721,1377821131,22.8
721,1377821136,22.79
721,1377821141,22.8
721,1377821146,22.8
721,1377821151,22.79
721,1377821156,22.8
721,1377821161,22.78
721,1377821166,22.79
721,1377821171,22.8
721,1377821176,22.8
721,1377821181,22.8
721,1377821186,22.79
721,1377821191,22.79
721,1377821196,22.8
721,1377821201,22.8
721,1377821206,22.79
721,1377821211,22.79
721,1377821216,22.79
721,1377821221,22.8
721,1377821226,22.8
721,1377821231,22.78
721,1377821236,22.79
721,1377821241,22.8
721,1377821246,22.79
721,1377821251,22.79
721,1377821256,22.79
721,1377821261,22.8
721,1377821266,22.79
721,1377821271,22.79
721,1377821276,22.8
721,1377821281,22.8
721,1377821286,22.8
721,1377821291,22.79
721,1377821296,22.79
721,1377821301,22.8
721,1377821306,22.8
721,1377821311,22.8
721,1377821316,22.8
721,1377821321,22.79
721,1377821326,22.8
721,1377821331,22.8
721,1377821336,22.8
721,1377821341,22.81
721,1377821346,22.8
721,1377821351,22.8
721,1377821356,22.8
721,1377821361,22.8
721,1377821366,22.8
721,1377821371,22.8
721,1377821376,22.8
721,1377821381,22.8
721,1377821386,22.8
721,1377821391,22.79
721,1377821396,22.8
721,1377821401,22.79
721,1377821406,22.81
721,1377821411,22.8
721,1377821416,22.8
721,1377821421,22.8
721,1377821426,22.79
721,1377821431,22.8
721,1377821436,22.8
721,1377821441,22.8
721,1377821446,22.8
721,1377821451,22.8
721,1377821456,22.8
721,1377821461,22.8
721,1377821466,22.8
721,1377821471,22.81
721,1377821476,22.8
721,1377821481,22.8
721,1377821486,22.8
721,1377821491,22.8
721,1377821496,22.8
721,1377821501,22.8
721,1377821506,22.8
721,1377821511,22.81
721,1377821516,22.81
721,1377821521,22.8
721,1377821526,22.81
721,1377821531,22.8
721,1377821536,22.8
721,1377821541,22.8
721,1377821546,22.8
721,1377821551,22.8
721,1377821556,22.81
721,1377821561,22.8
721,1377821566,22.81
721,1377821571,22.81
721,1377821576,22.81
721,1377821581,22.82
721,1377821586,22.8
721,1377821591,22.8
721,1377821596,22.81
721,1377821601,22.8
721,1377821606,22.8
721,1377821611,22.8
721,1377821616,22.81
721,1377821621,22.8
721,1377821626,22.81
721,1377821631,22.8
721,1377821636,22.81
721,1377821641,22.8
721,1377821646,22.81
721,1377821651,22.8
721,1377821656,22.8
721,1377821661,22.8
721,1377821666,22.8
721,1377821671,22.81
721,1377821676,22.8
721,1377821681,22.8
721,1377821686,22.81
721,1377821691,22.8
721,1377821696,22.8
721,1377821701,22.8
721,1377821707,22.81
721,1377821711,22.8
721,1377821716,22.8
721,1377821721,22.8
721,1377821726,22.8
721,1377821731,22.8
721,1377821736,22.8
721,1377821741,22.8
721,1377821746,22.81
721,1377821751,22.8
721,1377821756,22.8
721,1377821761,22.81
721,1377821766,22.81
721,1377821771,22.79
721,1377821776,22.8
721,1377821781,22.81
721,1377821786,22.8
721,1377821791,22.8
721,1377821796,22.81
721,1377821801,22.82
721,1377821806,22.81
721,1377821811,22.8
721,1377821816,22.8
721,1377821821,22.8
721,1377821826,22.8
721,1377821831,22.8
721,1377821836,22.8
721,1377821841,22.81
721,1377821846,22.8
721,1377821851,22.8
721,1377821856,22.8
721,1377821861,22.81
721,1377821866,22.81
721,1377821871,22.8
721,1377821876,22.8
721,1377821881,22.81
721,1377821885,22.8
721,1377821891,22.8
721,1377821896,22.8
721,1377821901,22.8
721,1377821906,22.8
721,1377821910,22.8
721,1377821916,22.8
721,1377821921,22.8
721,1377821926,22.81
721,1377821931,22.8
721,1377821936,22.81
721,1377821941,22.81
721,1377821946,22.81
721,1377821951,22.82
721,1377821956,22.81
721,1377821960,22.81
721,1377821966,22.81
721,1377821971,22.81
721,1377821975,22.81
721,1377821981,22.81
721,1377821986,22.81
721,1377821991,22.8
721,1377821996,22.81
721,1377822001,22.8
721,1377822006,22.81
721,1377822011,22.81
721,1377822015,22.8
721,1377822021,22.8
721,1377822026,22.82
721,1377822031,22.82
721,1377822035,22.8
721,1377822040,22.8
721,1377822046,22.8
721,1377822051,22.8
721,1377822056,22.81
721,1377822060,22.81
721,1377822066,22.8
721,1377822071,22.81
721,1377822075,22.8
721,1377822080,22.81
721,1377822085,22.8
721,1377822091,22.8
721,1377822096,22.82
721,1377822101,22.82
721,1377822105,22.79
721,1377822110,22.81
721,1377822116,22.8
721,1377822121,22.8
721,1377822126,22.8
721,1377822131,22.81
721,1377822136,22.81
721,1377822141,22.8
721,1377822145,22.82
721,1377822151,22.8
721,1377822156,22.8
721,1377822161,22.81
721,1377822165,22.82
721,1377822171,22.8
721,1377822176,22.81
721,1377822181,22.81
721,1377822186,22.8
721,1377822190,22.81
721,1377822196,22.81
721,1377822201,22.8
721,1377822206,22.82
721,1377822210,22.81
721,1377822215,22.8
721,1377822221,22.81
721,1377822226,22.81
721,1377822231,22.81
721,1377822236,22.81
721,1377822241,22.8
721,1377822246,22.82
721,1377822251,22.82
721,1377822256,22.81
721,1377822261,22.81
721,1377822265,22.81
721,1377822271,22.82
721,1377822276,22.81
721,1377822280,22.81
721,1377822285,22.82
721,1377822290,22.81
721,1377822295,22.81
721,1377822301,22.82
721,1377822305,22.82
721,1377822310,22.8
721,1377822315,22.8
721,1377822320,22.81
721,1377822326,22.8
721,1377822331,22.81
721,1377822335,22.81
721,1377822341,22.8
721,1377822346,22.82
721,1377822350,22.81
721,1377822355,22.8
721,1377822360,22.81
721,1377822365,22.82
721,1377822370,22.8
721,1377822376,22.8
721,1377822381,22.82
721,1377822385,22.8
721,1377822390,22.82
721,1377822396,22.82
721,1377822400,22.81
721,1377822405,22.81
721,1377822410,22.82
721,1377822415,22.8
721,1377822421,22.82
721,1377822425,22.82
721,1377822430,22.82
721,1377822435,22.82
721,1377822440,22.81
721,1377822445,22.81
721,1377822450,22.81
721,1377822455,22.82
721,1377822463,22.82
721,1377822465,22.82
721,1377822470,22.82
721,1377822475,22.81
721,1377822481,22.83
721,1377822485,22.82
721,1377822490,22.8
721,1377822495,22.81
721,1377822500,22.83
721,1377822506,22.82
721,1377822510,22.82
721,1377822515,22.82
721,1377822520,22.81
721,1377822525,22.81
721,1377822530,22.8
721,1377822535,22.8
721,1377822540,22.8
721,1377822545,22.81
721,1377822550,22.83
721,1377822555,22.82
721,1377822560,22.81
721,1377822565,22.81
721,1377822570,22.8
721,1377822575,22.81
721,1377822580,22.82
721,1377822585,22.81
721,1377822590,22.82
721,1377822596,22.82
721,1377822600,22.81
721,1377822605,22.81
721,1377822610,22.82
721,1377822616,22.8
721,1377822620,22.82
721,1377822625,22.81
721,1377822630,22.82
721,1377822635,22.82
721,1377822640,22.81
721,1377822645,22.81
721,1377822650,22.82
721,1377822655,22.82
721,1377822660,22.82
721,1377822665,22.82
721,1377822670,22.82
721,1377822675,22.82
721,1377822680,22.82
721,1377822685,22.82
721,1377822690,22.82
721,1377822695,22.82
721,1377822700,22.82
721,1377822705,22.81
721,1377822710,22.83
721,1377822715,22.82
721,1377822720,22.82
721,1377822725,22.82
721,1377822730,22.81
721,1377822736,22.82
721,1377822741,22.82
721,1377822745,22.83
721,1377822750,22.82
721,1377822755,22.82
721,1377822760,22.8
721,1377822765,22.82
721,1377822771,22.82
721,1377822775,22.82
721,1377822780,22.82
721,1377822785,22.82
721,1377822790,22.83
721,1377822796,22.81
721,1377822800,22.82
721,1377822805,22.82
721,1377822810,22.82
721,1377822815,22.82
721,1377822821,22.83
721,1377822825,22.82
721,1377822830,22.82
721,1377822836,22.83
721,1377822841,22.82
721,1377822845,22.81
721,1377822850,22.83
721,1377822855,22.82
721,1377822860,22.82
721,1377822865,22.82
721,1377822870,22.82
721,1377822875,22.82
721,1377822880,22.82
721,1377822885,22.83
721,1377822890,22.82
721,1377822895,22.82
721,1377822900,22.82
721,1377822905,22.82
721,1377822910,22.82
721,1377822915,22.82
721,1377822920,22.82
721,1377822925,22.82
721,1377822930,22.81
721,1377822935,22.82
721,1377822940,22.81
721,1377822945,22.82
721,1377822950,22.82
721,1377822955,22.82
721,1377822960,22.82
721,1377822965,22.82
721,1377822970,22.82
721,1377822975,22.82
721,1377822980,22.82
721,1377822985,22.81
721,1377822990,22.82
721,1377822995,22.82
721,1377823000,22.81
721,1377823005,22.82
721,1377823010,22.81
721,1377823015,22.81
721,1377823020,22.84
721,1377823025,22.81
721,1377823030,22.82
721,1377823035,22.82
721,1377823040,22.81
721,1377823046,22.82
721,1377823050,22.82
721,1377823055,22.81
721,1377823060,22.81
721,1377823065,22.83
721,1377823070,22.82
721,1377823075,22.81
721,1377823080,22.82
721,1377823085,22.82
721,1377823090,22.83
721,1377823095,22.82
721,1377823101,22.82
721,1377823105,22.82
721,1377823110,22.82
721,1377823115,22.81
721,1377823120,22.81
721,1377823125,22.82
721,1377823130,22.82
721,1377823135,22.82
721,1377823140,22.82
721,1377823145,22.82
721,1377823150,22.82
721,1377823156,22.81
721,1377823160,22.82
721,1377823165,22.82
721,1377823170,22.82
721,1377823175,22.82
721,1377823180,22.82
721,1377823185,22.82
721,1377823190,22.82
721,1377823195,22.82
721,1377823200,22.82
721,1377823205,22.81
721,1377823210,22.82
721,1377823215,22.82
721,1377823220,22.82
721,1377823225,22.81
721,1377823230,22.82
721,1377823235,22.82
721,1377823240,22.82
721,1377823245,22.82
721,1377823250,22.83
721,1377823255,22.82
721,1377823260,22.82
721,1377823265,22.82
721,1377823270,22.82
721,1377823275,22.82
721,1377823280,22.82
721,1377823285,22.82
721,1377823290,22.82
721,1377823295,22.82
721,1377823300,22.82
721,1377823305,22.83
721,1377823310,22.83
721,1377823315,22.82
721,1377823320,22.82
721,1377823325,22.82
721,1377823330,22.81
721,1377823335,22.83
721,1377823340,22.82
721,1377823345,22.81
721,1377823350,22.81
721,1377823355,22.81
721,1377823360,22.82
721,1377823365,22.82
721,1377823370,22.83
721,1377823375,22.82
721,1377823380,22.82
721,1377823385,22.82
721,1377823390,22.82
721,1377823395,22.82
721,1377823400,22.83
721,1377823405,22.83
721,1377823410,22.82
721,1377823415,22.82
721,1377823420,22.82
721,1377823425,22.82
721,1377823430,22.83
721,1377823435,22.84
721,1377823440,22.82
721,1377823445,22.82
721,1377823450,22.82
721,1377823455,22.81
721,1377823460,22.82
721,1377823465,22.82
721,1377823470,22.82
721,1377823475,22.82
721,1377823480,22.83
721,1377823485,22.82
721,1377823490,22.81
721,1377823495,22.82
721,1377823500,22.82
721,1377823505,22.83
721,1377823510,22.82
721,1377823515,22.84
721,1377823520,22.83
721,1377823525,22.82
721,1377823530,22.82
721,1377823535,22.83
721,1377823540,22.82
721,1377823545,22.82
721,1377823550,22.81
721,1377823555,22.83
721,1377823560,22.82
721,1377823565,22.83
721,1377823570,22.83
721,1377823575,22.83
721,1377823580,22.83
721,1377823585,22.82
721,1377823590,22.82
721,1377823595,22.84
721,1377823600,22.84
721,1377823605,22.82
721,1377823610,22.82
721,1377823615,22.83
721,1377823620,22.82
721,1377823625,22.83
721,1377823630,22.83
721,1377823635,22.82
721,1377823640,22.82
721,1377823645,22.83
721,1377823650,22.83
721,1377823655,22.84
721,1377823660,22.83
721,1377823666,22.83
721,1377823670,22.85
721,1377823675,22.83
721,1377823680,22.84
721,1377823685,22.84
721,1377823690,22.82
721,1377823695,22.82
721,1377823700,22.82
721,1377823705,22.83
721,1377823710,22.83
721,1377823715,22.83
721,1377823720,22.84
721,1377823725,22.84
721,1377823730,22.84
721,1377823735,22.83
721,1377823740,22.84
721,1377823745,22.83
721,1377823750,22.82
721,1377823755,22.83
721,1377823760,22.84
721,1377823765,22.83
721,1377823770,22.83
721,1377823775,22.83
721,1377823780,22.83
721,1377823785,22.83
721,1377823790,22.85
721,1377823795,22.84
721,1377823800,22.84
721,1377823805,22.84
721,1377823810,22.83
721,1377823815,22.84
721,1377823820,22.83
721,1377823825,22.84
721,1377823830,22.84
721,1377823835,22.84
721,1377823840,22.84
721,1377823845,22.84
721,1377823850,22.84
721,1377823855,22.84
721,1377823860,22.84
721,1377823865,22.85
721,1377823870,22.82
721,1377823875,22.85
721,1377823880,22.84
721,1377823885,22.83
721,1377823890,22.83
721,1377823895,22.83
721,1377823901,22.84
721,1377823905,22.84
721,1377823910,22.84
721,1377823915,22.84
721,1377823920,22.84
721,1377823925,22.84
721,1377823930,22.84
721,1377823935,22.85
721,1377823940,22.84
721,1377823945,22.84
721,1377823950,22.85
721,1377823955,22.83
721,1377823960,22.84
721,1377823965,22.84
721,1377823970,22.84
721,1377823975,22.83
721,1377823980,22.85
721,1377823985,22.84
721,1377823990,22.86
721,1377823995,22.83
721,1377824000,22.85
721,1377824005,22.85
721,1377824010,22.84
721,1377824015,22.85
721,1377824020,22.84
721,1377824025,22.86
721,1377824030,22.85
721,1377824035,22.84
721,1377824040,22.85
721,1377824045,22.85
721,1377824050,22.84
721,1377824055,22.85
721,1377824060,22.85
721,1377824065,22.86
721,1377824070,22.85
721,1377824075,22.85
721,1377824080,22.84
721,1377824085,22.86
721,1377824090,22.84
721,1377824095,22.84
721,1377824100,22.85
721,1377824105,22.85
721,1377824110,22.86
721,1377824115,22.86
721,1377824120,22.86
721,1377824125,22.86
721,1377824130,22.85
721,1377824135,22.86
721,1377824140,22.86
721,1377824145,22.86
721,1377824150,22.85
721,1377824155,22.85
721,1377824160,22.86
721,1377824165,22.87
721,1377824170,22.86
721,1377824175,22.86
721,1377824180,22.86
721,1377824185,22.85
721,1377824190,22.86
721,1377824195,22.86
721,1377824200,22.85
721,1377824205,22.87
721,1377824210,22.86
721,1377824215,22.86
721,1377824220,22.86
721,1377824225,22.86
721,1377824230,22.86
721,1377824235,22.86
721,1377824240,22.86
721,1377824245,22.86
721,1377824250,22.86
721,1377824255,22.86
721,1377824260,22.86
721,1377824265,22.86
721,1377824270,22.85
721,1377824275,22.87
721,1377824280,22.87
721,1377824285,22.86
721,1377824290,22.86
721,1377824295,22.87
721,1377824300,22.87
721,1377824305,22.88
721,1377824310,22.87
721,1377824315,22.87
721,1377824320,22.86
721,1377824325,22.86
721,1377824330,22.86
721,1377824335,22.87
721,1377824340,22.86
721,1377824345,22.86
721,1377824350,22.86
721,1377824355,22.86
721,1377824360,22.86
721,1377824365,22.86
721,1377824370,22.86
721,1377824375,22.86
721,1377824380,22.86
721,1377824385,22.87
721,1377824390,22.87
721,1377824395,22.87
721,1377824400,22.87
721,1377824405,22.87
721,1377824410,22.88
721,1377824415,22.88
721,1377824420,22.87
721,1377824425,22.88
721,1377824430,22.86
721,1377824435,22.86
721,1377824440,22.87
721,1377824445,22.87
721,1377824450,22.86
721,1377824455,22.87
721,1377824460,22.87
721,1377824465,22.87
721,1377824470,22.88
721,1377824475,22.87
721,1377824480,22.88
721,1377824485,22.86
721,1377824490,22.88
721,1377824495,22.88
721,1377824500,22.88
721,1377824505,22.88
721,1377824510,22.87
721,1377824515,22.88
721,1377824520,22.87
721,1377824525,22.87
721,1377824530,22.87
721,1377824535,22.88
721,1377824540,22.88
721,1377824545,22.87
721,1377824550,22.87
721,1377824555,22.88
721,1377824560,22.88
721,1377824565,22.88
721,1377824570,22.88
721,1377824575,22.88
721,1377824580,22.87
721,1377824585,22.88
721,1377824590,22.88
721,1377824595,22.88
721,1377824600,22.88
721,1377824605,22.89
721,1377824610,22.89
721,1377824615,22.88
721,1377824620,22.88
721,1377824625,22.9
721,1377824630,22.9
721,1377824635,22.89
721,1377824640,22.89
721,1377824645,22.89
721,1377824650,22.88
721,1377824655,22.9
721,1377824660,22.89
721,1377824665,22.88
721,1377824670,22.88
721,1377824675,22.88
721,1377824680,22.89
721,1377824685,22.88
721,1377824690,22.88
721,1377824695,22.89
721,1377824700,22.88
721,1377824705,22.89
721,1377824710,22.89
721,1377824715,22.88
721,1377824720,22.89
721,1377824725,22.9
721,1377824730,22.89
721,1377824735,22.9
721,1377824740,22.89
721,1377824745,22.89
721,1377824750,22.9
721,1377824755,22.89
721,1377824760,22.88
721,1377824765,22.89
721,1377824770,22.88
721,1377824775,22.89
721,1377824780,22.9
721,1377824785,22.9
721,1377824790,22.9
721,1377824795,22.89
721,1377824800,22.9
721,1377824805,22.89
721,1377824810,22.89
721,1377824815,22.9
721,1377824820,22.9
721,1377824825,22.89
721,1377824830,22.9
721,1377824835,22.9
721,1377824840,22.9
721,1377824845,22.9
721,1377824850,22.9
721,1377824855,22.9
721,1377824860,22.89
721,1377824865,22.9
721,1377824870,22.9
721,1377824875,22.9
721,1377824880,22.91
721,1377824885,22.91
721,1377824890,22.9
721,1377824895,22.91
721,1377824900,22.9
721,1377824905,22.91
721,1377824910,22.89
721,1377824915,22.91
721,1377824920,22.9
721,1377824925,22.91
721,1377824930,22.91
721,1377824935,22.91
721,1377824940,22.91
721,1377824945,22.92
721,1377824950,22.91
721,1377824955,22.92
721,1377824960,22.92
721,1377824965,22.91
721,1377824970,22.91
721,1377824975,22.9
721,1377824980,22.91
721,1377824985,22.91
721,1377824990,22.9
721,1377824995,22.91
721,1377825000,22.92
721,1377825005,22.91
721,1377825010,22.91
721,1377825015,22.91
721,1377825020,22.92
721,1377825025,22.92
721,1377825030,22.92
721,1377825035,22.93
721,1377825040,22.92
721,1377825045,22.92
721,1377825050,22.92
721,1377825055,22.91
721,1377825060,22.92
721,1377825065,22.92
721,1377825070,22.92
721,1377825075,22.93
721,1377825080,22.91
721,1377825085,22.93
721,1377825091,22.93
721,1377825095,22.92
721,1377825100,22.92
721,1377825105,22.94
721,1377825110,22.93
721,1377825115,22.94
721,1377825120,22.93
721,1377825125,22.92
721,1377825130,22.93
721,1377825135,22.92
721,1377825140,22.92
721,1377825145,22.92
721,1377825150,22.93
721,1377825155,22.94
721,1377825160,22.93
721,1377825165,22.94
721,1377825170,22.94
721,1377825175,22.92
721,1377825180,22.94
721,1377825185,22.94
721,1377825190,22.95
721,1377825195,22.94
721,1377825200,22.93
721,1377825205,22.93
721,1377825210,22.94
721,1377825215,22.94
721,1377825220,22.94
721,1377825225,22.94
721,1377825230,22.95
721,1377825235,22.94
721,1377825240,22.94
721,1377825245,22.94
721,1377825250,22.94
721,1377825255,22.94
721,1377825260,22.94
721,1377825265,22.94
721,1377825270,22.94
721,1377825275,22.94
721,1377825280,22.94
721,1377825285,22.94
721,1377825290,22.94
721,1377825295,22.95
721,1377825300,22.94
721,1377825305,22.94
721,1377825310,22.94
721,1377825315,22.95
721,1377825320,22.94
721,1377825325,22.94
721,1377825332,22.94
721,1377825335,22.94
721,1377825340,22.94
721,1377825345,22.94
721,1377825350,22.94
721,1377825355,22.95
721,1377825360,22.95
721,1377825365,22.95
721,1377825370,22.94
721,1377825375,22.94
721,1377825380,22.95
721,1377825385,22.96
721,1377825390,22.95
721,1377825395,22.95
721,1377825400,22.96
721,1377825405,22.95
721,1377825410,22.95
721,1377825415,22.96
721,1377825420,22.95
721,1377825425,22.96
721,1377825430,22.94
721,1377825435,22.95
721,1377825440,22.95
721,1377825445,22.96
721,1377825450,22.96
721,1377825455,22.96
721,1377825460,22.96
721,1377825465,22.95
721,1377825470,22.95
721,1377825475,22.96
721,1377825480,22.96
721,1377825485,22.96
721,1377825490,22.97
721,1377825495,22.96
721,1377825500,22.96
721,1377825505,22.96
721,1377825510,22.96
721,1377825515,22.96
721,1377825520,22.96
721,1377825525,22.97
721,1377825530,22.97
721,1377825535,22.96
721,1377825540,22.96
721,1377825545,22.97
721,1377825550,22.97
721,1377825555,22.96
721,1377825560,22.96
721,1377825565,22.97
721,1377825570,22.96
721,1377825575,22.98
721,1377825580,22.98
721,1377825585,22.98
721,1377825590,22.97
721,1377825595,22.97
721,1377825600,22.97
721,1377825605,22.97
721,1377825610,22.97
721,1377825615,22.98
721,1377825620,22.98
721,1377825625,22.97
721,1377825630,22.98
721,1377825635,22.97
721,1377825640,22.98
721,1377825645,22.98
721,1377825650,22.97
721,1377825655,22.98
721,1377825660,22.98
721,1377825665,22.98
721,1377825670,22.99
721,1377825675,22.98
721,1377825680,22.99
721,1377825686,22.99
721,1377825690,22.99
721,1377825695,22.99
721,1377825700,22.99
721,1377825705,22.99
721,1377825710,22.99
721,1377825715,22.98
721,1377825720,22.99
721,1377825725,22.98
721,1377825730,22.98
721,1377825735,22.98
721,1377825740,22.99
721,1377825745,22.99
721,1377825750,22.99
721,1377825755,23.0
721,1377825760,23.0
721,1377825765,23.0
721,1377825770,23.0
721,1377825775,23.0
721,1377825780,22.99
721,1377825785,22.99
721,1377825790,22.99
721,1377825795,23.0
721,1377825800,23.0
721,1377825805,23.0
721,1377825810,23.0
721,1377825815,23.0
721,1377825820,23.0
721,1377825825,22.99
721,1377825830,23.0
721,1377825835,23.0
721,1377825840,23.0
721,1377825845,23.0
721,1377825850,23.0
721,1377825855,23.02
721,1377825860,23.01
721,1377825865,23.0
721,1377825870,23.0
721,1377825875,22.99
721,1377825880,23.0
721,1377825885,23.0
721,1377825890,23.0
721,1377825895,23.0
721,1377825900,23.0
721,1377825905,23.0
721,1377825910,23.01
721,1377825915,23.0
721,1377825920,23.01
721,1377825925,23.01
721,1377825930,23.01
721,1377825935,23.01
721,1377825940,23.01
721,1377825945,23.02
721,1377825950,23.02
721,1377825955,23.02
721,1377825960,23.02
721,1377825965,23.01
721,1377825970,23.02
721,1377825975,23.02
721,1377825980,23.01
721,1377825985,23.03
721,1377825990,23.02
721,1377825995,23.02
721,1377826000,23.02
721,1377826005,23.01
721,1377826010,23.02
721,1377826015,23.02
721,1377826020,23.02
721,1377826025,23.01
721,1377826030,23.02
721,1377826035,23.02
721,1377826040,23.02
721,1377826045,23.03
721,1377826051,23.02
721,1377826055,23.03
721,1377826060,23.04
721,1377826065,23.03
721,1377826070,23.03
721,1377826075,23.04
721,1377826080,23.02
721,1377826085,23.03
721,1377826090,23.03
721,1377826095,23.03
721,1377826100,23.03
721,1377826105,23.03
721,1377826110,23.03
721,1377826115,23.03
721,1377826120,23.03
721,1377826125,23.03
721,1377826130,23.03
721,1377826135,23.03
721,1377826140,23.04
721,1377826145,23.04
721,1377826150,23.04
721,1377826155,23.03
721,1377826160,23.04
721,1377826165,23.04
721,1377826171,23.04
721,1377826175,23.04
721,1377826180,23.03
721,1377826185,23.04
721,1377826190,23.03
721,1377826195,23.04
721,1377826200,23.04
721,1377826205,23.04
721,1377826210,23.05
721,1377826215,23.04
721,1377826220,23.04
721,1377826225,23.06
721,1377826230,23.05
721,1377826235,23.04
721,1377826240,23.05
721,1377826245,23.04
721,1377826250,23.06
721,1377826255,23.04
721,1377826260,23.06
721,1377826265,23.04
721,1377826270,23.05
721,1377826275,23.05
721,1377826280,23.05
721,1377826285,23.06
721,1377826290,23.06
721,1377826295,23.06
721,1377826300,23.06
721,1377826305,23.06
721,1377826310,23.06
721,1377826315,23.06
721,1377826320,23.06
721,1377826325,23.06
721,1377826330,23.06
721,1377826335,23.07
721,1377826340,23.06
721,1377826345,23.06
721,1377826350,23.06
721,1377826355,23.06
721,1377826360,23.06
721,1377826365,23.07
721,1377826370,23.07
721,1377826375,23.06
721,1377826380,23.06
721,1377826385,23.07
721,1377826390,23.07
721,1377826395,23.07
721,1377826400,23.08
721,1377826405,23.07
721,1377826410,23.07
721,1377826415,23.06
721,1377826420,23.06
721,1377826425,23.07
721,1377826430,23.07
721,1377826435,23.07
721,1377826440,23.08
721,1377826445,23.06
721,1377826450,23.08
721,1377826455,23.07
721,1377826460,23.08
721,1377826465,23.07
721,1377826470,23.07
721,1377826475,23.08
721,1377826480,23.08
721,1377826485,23.08
721,1377826490,23.09
721,1377826495,23.08
721,1377826500,23.09
721,1377826505,23.08
721,1377826510,23.07
721,1377826515,23.08
721,1377826520,23.08
721,1377826525,23.08
721,1377826530,23.08
721,1377826535,23.08
721,1377826540,23.08
721,1377826545,23.08
721,1377826550,23.08
721,1377826555,23.08
721,1377826560,23.07
721,1377826565,23.08
721,1377826570,23.09
721,1377826575,23.09
721,1377826580,23.1
721,1377826585,23.09
721,1377826590,23.08
721,1377826595,23.1
721,1377826600,23.09
721,1377826606,23.11
721,1377826610,23.1
721,1377826615,23.09
721,1377826621,23.09
721,1377826625,23.08
721,1377826630,23.1
721,1377826635,23.09
721,1377826640,23.1
721,1377826645,23.1
721,1377826650,23.1
721,1377826655,23.09
721,1377826660,23.1
721,1377826665,23.1
721,1377826670,23.1
721,1377826675,23.1
721,1377826680,23.1
721,1377826685,23.1
721,1377826690,23.1
721,1377826695,23.1
721,1377826700,23.11
721,1377826705,23.1
721,1377826710,23.09
721,1377826715,23.11
721,1377826720,23.1
721,1377826725,23.1
721,1377826730,23.1
721,1377826735,23.11
721,1377826740,23.11
721,1377826745,23.1
721,1377826750,23.11
721,1377826755,23.12
721,1377826760,23.1
721,1377826765,23.11
721,1377826770,23.11
721,1377826775,23.1
721,1377826780,23.12
721,1377826785,23.11
721,1377826790,23.11
721,1377826795,23.11
721,1377826800,23.11
721,1377826805,23.11
721,1377826810,23.11
721,1377826815,23.12
721,1377826820,23.12
721,1377826825,23.13
721,1377826830,23.12
721,1377826835,23.12
721,1377826840,23.13
721,1377826845,23.12
721,1377826850,23.11
721,1377826855,23.12
721,1377826860,23.12
721,1377826865,23.12
721,1377826870,23.12
721,1377826875,23.13
721,1377826880,23.12
721,1377826885,23.12
721,1377826890,23.12
721,1377826895,23.12
721,1377826900,23.14
721,1377826905,23.14
721,1377826910,23.13
721,1377826915,23.13
721,1377826920,23.12
721,1377826925,23.12
721,1377826930,23.14
721,1377826935,23.12
721,1377826940,23.14
721,1377826945,23.13
721,1377826950,23.13
721,1377826955,23.14
721,1377826960,23.14
721,1377826965,23.14
721,1377826970,23.13
721,1377826975,23.14
721,1377826980,23.14
721,1377826985,23.14
721,1377826990,23.15
721,1377826995,23.13
721,1377827000,23.14
721,1377827005,23.14
721,1377827010,23.14
721,1377827015,23.14
721,1377827020,23.15
721,1377827025,23.14
721,1377827030,23.14
721,1377827035,23.14
721,1377827040,23.14
721,1377827045,23.15
721,1377827050,23.14
721,1377827055,23.15
721,1377827060,23.15
721,1377827065,23.14
721,1377827070,23.14
721,1377827075,23.16
721,1377827080,23.14
721,1377827085,23.15
721,1377827090,23.15
721,1377827095,23.16
721,1377827100,23.16
721,1377827105,23.16
721,1377827110,23.16
721,1377827115,23.16
721,1377827120,23.16
721,1377827125,23.17
721,1377827130,23.16
721,1377827135,23.16
721,1377827140,23.16
721,1377827145,23.16
721,1377827150,23.16
721,1377827155,23.16
721,1377827160,23.16
721,1377827165,23.16
721,1377827170,23.16
721,1377827175,23.16
721,1377827180,23.16
721,1377827185,23.17
721,1377827190,23.16
721,1377827195,23.16
721,1377827200,23.16
721,1377827205,23.18
721,1377827210,23.16
721,1377827215,23.16
721,1377827220,23.17
721,1377827225,23.17
721,1377827230,23.17
721,1377827235,23.17
721,1377827240,23.18
721,1377827245,23.18
721,1377827250,23.18
721,1377827255,23.18
721,1377827260,23.17
721,1377827265,23.17
721,1377827270,23.18
721,1377827275,23.18
721,1377827280,23.17
721,1377827285,23.17
721,1377827290,23.17
721,1377827295,23.18
721,1377827300,23.18
721,1377827305,23.18
721,1377827310,23.18
721,1377827315,23.19
721,1377827320,23.19
721,1377827325,23.18
721,1377827330,23.2
721,1377827336,23.18
721,1377827340,23.18
721,1377827345,23.2
721,1377827350,23.2
721,1377827355,23.19
721,1377827360,23.19
721,1377827365,23.2
721,1377827370,23.19
721,1377827375,23.19
721,1377827380,23.19
721,1377827385,23.2
721,1377827390,23.2
721,1377827395,23.2
721,1377827400,23.2
721,1377827405,23.19
721,1377827410,23.2
721,1377827415,23.18
721,1377827420,23.2
721,1377827425,23.21
721,1377827430,23.19
721,1377827435,23.2
721,1377827440,23.2
721,1377827445,23.2
721,1377827450,23.2
721,1377827455,23.2
721,1377827460,23.2
721,1377827465,23.2
721,1377827470,23.21
721,1377827475,23.21
721,1377827480,23.21
721,1377827485,23.21
721,1377827490,23.2
721,1377827495,23.2
721,1377827500,23.2
721,1377827505,23.22
721,1377827510,23.21
721,1377827515,23.22
721,1377827520,23.22
721,1377827527,23.21
721,1377827530,23.21
721,1377827535,23.22
721,1377827540,23.22
721,1377827545,23.21
721,1377827550,23.21
721,1377827555,23.21
721,1377827560,23.21
721,1377827565,23.22
721,1377827570,23.22
721,1377827575,23.21
721,1377827580,23.22
721,1377827585,23.22
721,1377827590,23.22
721,1377827595,23.22
721,1377827600,23.22
721,1377827605,23.22
721,1377827610,23.22
721,1377827615,23.22
721,1377827620,23.23
721,1377827625,23.23
721,1377827630,23.22
721,1377827635,23.22
721,1377827640,23.23
721,1377827645,23.22
721,1377827650,23.22
721,1377827655,23.22
721,1377827660,23.22
721,1377827665,23.22
721,1377827670,23.22
721,1377827675,23.22
721,1377827680,23.22
721,1377827685,23.23
721,1377827690,23.23
721,1377827695,23.24
721,1377827701,23.22
721,1377827705,23.23
721,1377827710,23.23
721,1377827715,23.23
721,1377827720,23.23
721,1377827725,23.24
721,1377827730,23.23
721,1377827735,23.24
721,1377827740,23.23
721,1377827745,23.24
721,1377827750,23.24
721,1377827755,23.24
721,1377827760,23.24
721,1377827765,23.24
721,1377827770,23.25
721,1377827775,23.24
721,1377827780,23.24
721,1377827785,23.26
721,1377827790,23.25
721,1377827795,23.25
721,1377827800,23.24
721,1377827805,23.24
721,1377827810,23.24
721,1377827815,23.25
721,1377827820,23.25
721,1377827825,23.25
721,1377827830,23.25
721,1377827835,23.25
721,1377827840,23.25
721,1377827846,23.26
721,1377827850,23.24
721,1377827855,23.26
721,1377827860,23.26
721,1377827865,23.26
721,1377827870,23.26
721,1377827875,23.25
721,1377827880,23.26
721,1377827886,23.26
721,1377827890,23.26
721,1377827895,23.26
721,1377827900,23.26
721,1377827905,23.27
721,1377827910,23.26
721,1377827915,23.27
721,1377827920,23.27
721,1377827925,23.27
721,1377827930,23.27
721,1377827935,23.26
721,1377827940,23.26
721,1377827946,23.26
721,1377827951,23.27
721,1377827955,23.28
721,1377827960,23.28
721,1377827965,23.28
721,1377827970,23.26
721,1377827975,23.26
721,1377827981,23.28
721,1377827985,23.27
721,1377827990,23.27
721,1377827995,23.28
721,1377828000,23.27
721,1377828005,23.28
721,1377828010,23.28
721,1377828015,23.28
721,1377828020,23.26
721,1377828025,23.26
721,1377828030,23.28
721,1377828035,23.27
721,1377828040,23.28
721,1377828045,23.28
721,1377828050,23.28
721,1377828055,23.28
721,1377828061,23.27
721,1377828065,23.28
721,1377828070,23.27
721,1377828075,23.3
721,1377828080,23.28
721,1377828085,23.28
721,1377828090,23.28
721,1377828095,23.29
721,1377828100,23.28
721,1377828105,23.28
721,1377828110,23.28
721,1377828115,23.29
721,1377828120,23.29
721,1377828125,23.28
721,1377828130,23.29
721,1377828135,23.29
721,1377828140,23.29
721,1377828145,23.29
721,1377828150,23.29
721,1377828155,23.28
721,1377828160,23.29
721,1377828165,23.3
721,1377828170,23.28
721,1377828175,23.29
721,1377828180,23.29
721,1377828185,23.3
721,1377828190,23.29
721,1377828195,23.3
721,1377828200,23.29
721,1377828205,23.3
721,1377828210,23.3
721,1377828215,23.29
721,1377828220,23.28
721,1377828225,23.29
721,1377828230,23.29
721,1377828235,23.3
721,1377828240,23.3
721,1377828245,23.29
721,1377828250,23.3
721,1377828255,23.32
721,1377828260,23.3
721,1377828265,23.3
721,1377828271,23.3
721,1377828275,23.31
721,1377828280,23.3
721,1377828285,23.31
721,1377828290,23.31
721,1377828295,23.3
721,1377828300,23.3
721,1377828305,23.31
721,1377828310,23.3
721,1377828315,23.32
721,1377828320,23.31
721,1377828325,23.3
721,1377828330,23.31
721,1377828335,23.31
721,1377828340,23.31
721,1377828345,23.32
721,1377828350,23.31
721,1377828355,23.31
721,1377828360,23.31
721,1377828365,23.31
721,1377828370,23.31
721,1377828375,23.32
721,1377828380,23.31
721,1377828385,23.3
721,1377828390,23.31
721,1377828395,23.31
721,1377828400,23.31
721,1377828405,23.31
721,1377828410,23.31
721,1377828415,23.32
721,1377828420,23.32
721,1377828425,23.31
721,1377828430,23.32
721,1377828435,23.32
721,1377828440,23.32
721,1377828445,23.33
721,1377828450,23.32
721,1377828455,23.32
721,1377828460,23.32
721,1377828465,23.32
721,1377828470,23.32
721,1377828475,23.32
721,1377828480,23.33
721,1377828485,23.33
721,1377828490,23.33
721,1377828495,23.33
721,1377828500,23.33
721,1377828505,23.32
721,1377828510,23.33
721,1377828515,23.33
721,1377828520,23.32
721,1377828525,23.32
721,1377828530,23.32
721,1377828535,23.34
721,1377828540,23.32
721,1377828545,23.34
721,1377828550,23.34
721,1377828555,23.32
721,1377828560,23.33
721,1377828565,23.34
721,1377828570,23.33
721,1377828575,23.33
721,1377828580,23.33
721,1377828585,23.34
721,1377828590,23.33
721,1377828595,23.33
721,1377828600,23.34
721,1377828605,23.35
721,1377828610,23.33
721,1377828615,23.34
721,1377828620,23.33
721,1377828625,23.33
721,1377828630,23.34
721,1377828635,23.33
721,1377828640,23.34
721,1377828645,23.34
721,1377828650,23.34
721,1377828655,23.35
721,1377828660,23.34
721,1377828665,23.35
721,1377828670,23.34
721,1377828675,23.34
721,1377828680,23.34
721,1377828685,23.34
721,1377828690,23.34
721,1377828695,23.34
721,1377828700,23.34
721,1377828705,23.33
721,1377828710,23.33
721,1377828715,23.33
721,1377828720,23.34
721,1377828725,23.34
721,1377828730,23.34
721,1377828735,23.34
721,1377828740,23.34
721,1377828745,23.36
721,1377828750,23.34
721,1377828755,23.34
721,1377828760,23.34
721,1377828765,23.35
721,1377828770,23.35
721,1377828775,23.35
721,1377828780,23.34
721,1377828785,23.34
721,1377828790,23.35
721,1377828795,23.35
721,1377828800,23.36
721,1377828805,23.34
721,1377828810,23.36
721,1377828815,23.35
721,1377828820,23.35
721,1377828825,23.36
721,1377828830,23.34
721,1377828835,23.35
721,1377828840,23.36
721,1377828845,23.35
721,1377828850,23.35
721,1377828855,23.36
721,1377828860,23.36
721,1377828865,23.36
721,1377828870,23.36
721,1377828875,23.36
721,1377828880,23.35
721,1377828885,23.35
721,1377828890,23.35
721,1377828895,23.36
721,1377828900,23.36
721,1377828905,23.36
721,1377828910,23.36
721,1377828915,23.36
721,1377828920,23.36
721,1377828925,23.36
721,1377828930,23.36
721,1377828935,23.36
721,1377828940,23.36
721,1377828945,23.37
721,1377828950,23.36
721,1377828955,23.37
721,1377828960,23.36
721,1377828965,23.37
721,1377828970,23.37
721,1377828975,23.36
721,1377828980,23.37
721,1377828985,23.36
721,1377828990,23.37
721,1377828995,23.36
721,1377829000,23.37
721,1377829005,23.38
721,1377829010,23.36
721,1377829015,23.36
721,1377829020,23.36
721,1377829025,23.37
721,1377829030,23.36
721,1377829035,23.36
721,1377829040,23.36
721,1377829045,23.36
721,1377829050,23.36
721,1377829055,23.36
721,1377829060,23.36
721,1377829065,23.36
721,1377829070,23.36
721,1377829075,23.36
721,1377829080,23.37
721,1377829085,23.37
721,1377829090,23.38
721,1377829095,23.37
721,1377829100,23.36
721,1377829105,23.38
721,1377829110,23.36
721,1377829115,23.37
721,1377829120,23.36
721,1377829125,23.37
721,1377829130,23.38
721,1377829135,23.38
721,1377829140,23.38
721,1377829145,23.36
721,1377829150,23.38
721,1377829155,23.39
721,1377829160,23.38
721,1377829165,23.38
721,1377829170,23.38
721,1377829175,23.38
721,1377829180,23.38
721,1377829185,23.38
721,1377829190,23.38
721,1377829195,23.38
721,1377829200,23.38
721,1377829205,23.38
721,1377829210,23.39
721,1377829215,23.38
721,1377829220,23.38
721,1377829225,23.38
721,1377829230,23.38
721,1377829235,23.38
721,1377829240,23.38
721,1377829245,23.38
721,1377829250,23.38
721,1377829255,23.38
721,1377829260,23.38
721,1377829265,23.38
721,1377829270,23.38
721,1377829275,23.38
721,1377829280,23.38
721,1377829285,23.4
721,1377829290,23.39
721,1377829295,23.39
721,1377829300,23.38
721,1377829305,23.39
721,1377829310,23.38
721,1377829315,23.39
721,1377829320,23.39
721,1377829325,23.4
721,1377829330,23.4
721,1377829335,23.38
721,1377829340,23.4
721,1377829345,23.39
721,1377829350,23.39
721,1377829355,23.39
721,1377829360,23.38
721,1377829365,23.4
721,1377829370,23.4
721,1377829375,23.4
721,1377829380,23.4
721,1377829385,23.4
721,1377829390,23.4
721,1377829395,23.4
721,1377829400,23.39
721,1377829405,23.39
721,1377829410,23.39
721,1377829415,23.39
721,1377829420,23.4
721,1377829425,23.4
721,1377829430,23.4
721,1377829435,23.4
721,1377829440,23.4
721,1377829445,23.39
721,1377829450,23.39
721,1377829455,23.4
721,1377829460,23.4
721,1377829465,23.4
721,1377829470,23.39
721,1377829475,23.4
721,1377829480,23.38
721,1377829485,23.4
721,1377829490,23.4
721,1377829495,23.4
721,1377829500,23.39
721,1377829505,23.4
721,1377829510,23.39
721,1377829515,23.4
721,1377829520,23.4
721,1377829525,23.4
721,1377829530,23.39
721,1377829535,23.4
721,1377829540,23.4
721,1377829545,23.4
721,1377829550,23.41
721,1377829555,23.4
721,1377829560,23.4
721,1377829565,23.4
721,1377829570,23.4
721,1377829575,23.4
721,1377829580,23.41
721,1377829585,23.4
721,1377829590,23.4
721,1377829595,23.4
721,1377829600,23.4
721,1377829605,23.4
721,1377829610,23.4
721,1377829615,23.41
721,1377829620,23.4
721,1377829625,23.41
721,1377829630,23.4
721,1377829635,23.4
721,1377829640,23.41
721,1377829645,23.41
721,1377829650,23.4
721,1377829655,23.41
721,1377829660,23.4
721,1377829665,23.4
721,1377829670,23.4
721,1377829675,23.4
721,1377829680,23.41
721,1377829685,23.4
721,1377829690,23.4
721,1377829695,23.41
721,1377829700,23.4
721,1377829705,23.4
721,1377829710,23.4
721,1377829715,23.39
721,1377829722,23.4
721,1377829725,23.4
721,1377829730,23.39
721,1377829735,23.4
721,1377829740,23.4
721,1377829745,23.4
721,1377829750,23.4
721,1377829755,23.4
721,1377829760,23.4
721,1377829765,23.4
721,1377829770,23.39
721,1377829775,23.4
721,1377829780,23.4
721,1377829785,23.41
721,1377829790,23.4
721,1377829795,23.4
721,1377829800,23.4
721,1377829805,23.4
721,1377829810,23.41
721,1377829815,23.4
721,1377829820,23.4
721,1377829825,23.4
721,1377829830,23.41
721,1377829835,23.41
721,1377829840,23.39
721,1377829845,23.4
721,1377829850,23.39
721,1377829855,23.41
721,1377829860,23.41
721,1377829865,23.4
721,1377829870,23.4
721,1377829875,23.4
721,1377829880,23.4
721,1377829885,23.39
721,1377829890,23.41
721,1377829895,23.41
721,1377829900,23.4
721,1377829905,23.4
721,1377829910,23.39
721,1377829915,23.4
721,1377829920,23.41
721,1377829925,23.41
721,1377829930,23.41
721,1377829935,23.41
721,1377829940,23.41
721,1377829945,23.4
721,1377829950,23.41
721,1377829955,23.4
721,1377829960,23.41
721,1377829965,23.4
721,1377829970,23.4
721,1377829975,23.4
721,1377829980,23.4
721,1377829985,23.41
721,1377829990,23.4
721,1377829995,23.41
721,1377830000,23.41
721,1377830005,23.41
721,1377830010,23.4
721,1377830015,23.4
721,1377830020,23.4
721,1377830025,23.4
721,1377830031,23.4
721,1377830035,23.41
721,1377830040,23.4
721,1377830045,23.4
721,1377830050,23.4
721,1377830055,23.41
721,1377830060,23.4
721,1377830065,23.39
721,1377830070,23.4
721,1377830075,23.4
721,1377830080,23.4
721,1377830085,23.41
721,1377830090,23.4
721,1377830095,23.41
721,1377830100,23.41
721,1377830105,23.41
721,1377830110,23.4
721,1377830115,23.41
721,1377830120,23.4
721,1377830125,23.4
721,1377830130,23.39
721,1377830135,23.41
721,1377830140,23.41
721,1377830145,23.4
721,1377830150,23.4
721,1377830155,23.41
721,1377830160,23.4
721,1377830165,23.4
721,1377830170,23.4
721,1377830175,23.4
721,1377830181,23.4
721,1377830185,23.4
721,1377830190,23.4
721,1377830195,23.41
721,1377830200,23.4
721,1377830205,23.4
721,1377830210,23.4
721,1377830215,23.4
721,1377830220,23.4
721,1377830225,23.4
721,1377830230,23.39
721,1377830235,23.4
721,1377830240,23.4
721,1377830245,23.39
721,1377830250,23.39
721,1377830255,23.39
721,1377830260,23.4
721,1377830265,23.39
721,1377830270,23.39
721,1377830275,23.4
721,1377830280,23.39
721,1377830285,23.39
721,1377830290,23.39
721,1377830295,23.4
721,1377830300,23.4
721,1377830305,23.39
721,1377830310,23.39
721,1377830315,23.4
721,1377830320,23.41
721,1377830325,23.4
721,1377830330,23.4
721,1377830335,23.4
721,1377830340,23.38
721,1377830345,23.39
721,1377830350,23.39
721,1377830355,23.4
721,1377830360,23.39
721,1377830365,23.39
721,1377830370,23.39
721,1377830375,23.4
721,1377830380,23.4
721,1377830385,23.4
721,1377830390,23.39
721,1377830395,23.38
721,1377830400,23.4
721,1377830405,23.4
721,1377830410,23.4
721,1377830415,23.4
721,1377830420,23.39
721,1377830425,23.39
721,1377830430,23.38
721,1377830435,23.37
721,1377830440,23.39
721,1377830445,23.38
721,1377830450,23.38
721,1377830458,23.39
721,1377830460,23.39
721,1377830465,23.38
721,1377830470,23.38
721,1377830475,23.38
721,1377830480,23.38
721,1377830485,23.38
721,1377830490,23.38
721,1377830495,23.38
721,1377830500,23.38
721,1377830505,23.39
721,1377830510,23.38
721,1377830515,23.38
721,1377830520,23.38
721,1377830525,23.39
721,1377830530,23.38
721,1377830535,23.39
721,1377830540,23.38
721,1377830545,23.39
721,1377830550,23.38
721,1377830555,23.37
721,1377830560,23.39
721,1377830565,23.38
721,1377830570,23.4
721,1377830575,23.39
721,1377830580,23.38
721,1377830585,23.38
721,1377830590,23.38
721,1377830595,23.38
721,1377830600,23.37
721,1377830605,23.38
721,1377830610,23.38
721,1377830615,23.39
721,1377830620,23.39
721,1377830625,23.38
721,1377830630,23.38
721,1377830635,23.38
721,1377830640,23.37
721,1377830645,23.38
721,1377830650,23.37
721,1377830655,23.38
721,1377830660,23.37
721,1377830665,23.37
721,1377830670,23.37
721,1377830675,23.36
721,1377830680,23.38
721,1377830685,23.37
721,1377830690,23.38
721,1377830695,23.38
721,1377830700,23.36
721,1377830705,23.37
721,1377830710,23.37
721,1377830715,23.38
721,1377830720,23.37
721,1377830725,23.37
721,1377830730,23.38
721,1377830735,23.37
721,1377830740,23.36
721,1377830745,23.37
721,1377830750,23.37
721,1377830755,23.36
721,1377830760,23.36
721,1377830765,23.36
721,1377830770,23.36
721,1377830775,23.38
721,1377830780,23.36
721,1377830785,23.36
721,1377830790,23.37
721,1377830795,23.37
721,1377830800,23.36
721,1377830805,23.36
721,1377830810,23.36
721,1377830815,23.36
721,1377830820,23.37
721,1377830825,23.35
721,1377830830,23.36
721,1377830835,23.35
721,1377830840,23.36
721,1377830845,23.36
721,1377830850,23.36
721,1377830855,23.36
721,1377830860,23.34
721,1377830865,23.36
721,1377830870,23.36
721,1377830875,23.35
721,1377830880,23.34
721,1377830885,23.36
721,1377830890,23.34
721,1377830895,23.35
721,1377830900,23.36
721,1377830905,23.34
721,1377830910,23.35
721,1377830915,23.34
721,1377830920,23.35
721,1377830925,23.36
721,1377830930,23.35
721,1377830935,23.35
721,1377830940,23.36
721,1377830945,23.34
721,1377830950,23.35
721,1377830955,23.35
721,1377830960,23.35
721,1377830965,23.35
721,1377830970,23.35
721,1377830975,23.35
721,1377830980,23.35
721,1377830985,23.35
721,1377830990,23.34
721,1377830995,23.34
721,1377831000,23.34
721,1377831005,23.35
721,1377831010,23.34
721,1377831015,23.35
721,1377831020,23.36
721,1377831025,23.36
721,1377831030,23.34
721,1377831035,23.35
721,1377831040,23.34
721,1377831045,23.35
721,1377831050,23.34
721,1377831055,23.33
721,1377831060,23.34
721,1377831065,23.34
721,1377831070,23.35
721,1377831075,23.34
721,1377831080,23.34
721,1377831085,23.34
721,1377831090,23.34
721,1377831095,23.34
721,1377831100,23.34
721,1377831105,23.34
721,1377831110,23.34
721,1377831115,23.34
721,1377831120,23.34
721,1377831125,23.34
721,1377831130,23.34
721,1377831135,23.34
721,1377831140,23.35
721,1377831145,23.33
721,1377831150,23.34
721,1377831155,23.33
721,1377831160,23.33
721,1377831165,23.34
721,1377831170,23.34
721,1377831175,23.35
721,1377831180,23.34
721,1377831185,23.35
721,1377831192,23.35
721,1377831195,23.34
721,1377831200,23.34
721,1377831205,23.33
721,1377831210,23.34
721,1377831215,23.34
721,1377831220,23.34
721,1377831225,23.34
721,1377831230,23.34
721,1377831235,23.34
721,1377831240,23.35
721,1377831245,23.35
721,1377831250,23.34
721,1377831255,23.34
721,1377831260,23.34
721,1377831265,23.34
721,1377831270,23.34
721,1377831275,23.34
721,1377831280,23.34
721,1377831285,23.35
721,1377831290,23.35
721,1377831295,23.34
721,1377831300,23.34
721,1377831305,23.35
721,1377831310,23.34
721,1377831315,23.34
721,1377831320,23.35
721,1377831325,23.34
721,1377831330,23.34
721,1377831335,23.34
721,1377831340,23.35
721,1377831345,23.35
721,1377831350,23.34
721,1377831355,23.34
721,1377831360,23.34
721,1377831365,23.33
721,1377831370,23.34
721,1377831375,23.34
721,1377831380,23.34
721,1377831385,23.33
721,1377831390,23.34
721,1377831395,23.34
721,1377831400,23.34
721,1377831405,23.32
721,1377831410,23.33
721,1377831415,23.33
721,1377831420,23.32
721,1377831425,23.33
721,1377831430,23.32
721,1377831435,23.33
721,1377831440,23.32
721,1377831445,23.33
721,1377831450,23.32
721,1377831455,23.32
721,1377831460,23.33
721,1377831465,23.32
721,1377831470,23.33
721,1377831475,23.33
721,1377831480,23.33
721,1377831485,23.32
721,1377831490,23.32
721,1377831495,23.34
721,1377831500,23.33
721,1377831505,23.34
721,1377831510,23.34
721,1377831515,23.32
721,1377831520,23.33
721,1377831525,23.32
721,1377831530,23.32
721,1377831535,23.33
721,1377831540,23.33
721,1377831545,23.32
721,1377831550,23.32
721,1377831555,23.32
721,1377831560,23.32
721,1377831565,23.32
721,1377831570,23.31
721,1377831575,23.32
721,1377831580,23.32
721,1377831585,23.32
721,1377831590,23.31
721,1377831595,23.31
721,1377831600,23.32
721,1377831605,23.31
721,1377831610,23.32
721,1377831615,23.31
721,1377831620,23.32
721,1377831625,23.31
721,1377831630,23.32
721,1377831635,23.31
721,1377831640,23.31
721,1377831645,23.32
721,1377831650,23.32
721,1377831655,23.3
721,1377831660,23.31
721,1377831665,23.3
721,1377831670,23.31
721,1377831675,23.3
721,1377831680,23.3
721,1377831685,23.31
721,1377831690,23.31
721,1377831695,23.3
721,1377831700,23.3
721,1377831705,23.3
721,1377831710,23.3
721,1377831715,23.3
721,1377831720,23.31
721,1377831725,23.3
721,1377831730,23.3
721,1377831735,23.3
721,1377831740,23.3
721,1377831745,23.3
721,1377831750,23.3
721,1377831755,23.3
721,1377831760,23.31
721,1377831765,23.31
721,1377831770,23.3
721,1377831775,23.3
721,1377831780,23.3
721,1377831785,23.3
721,1377831790,23.3
721,1377831795,23.3
721,1377831800,23.3
721,1377831805,23.3
721,1377831810,23.28
721,1377831815,23.3
721,1377831820,23.29
721,1377831825,23.29
721,1377831830,23.29
721,1377831835,23.3
721,1377831840,23.29
721,1377831845,23.3
721,1377831850,23.29
721,1377831855,23.28
721,1377831860,23.29
721,1377831865,23.3
721,1377831870,23.3
721,1377831876,23.29
721,1377831880,23.29
721,1377831885,23.28
721,1377831890,23.29
721,1377831895,23.29
721,1377831900,23.29
721,1377831908,23.28
721,1377831910,23.29
721,1377831915,23.28
721,1377831920,23.29
721,1377831925,23.3
721,1377831930,23.28
721,1377831935,23.3
721,1377831940,23.29
721,1377831945,23.27
721,1377831950,23.28
721,1377831955,23.29
721,1377831960,23.29
721,1377831965,23.28
721,1377831970,23.29
721,1377831975,23.28
721,1377831980,23.28
721,1377831985,23.28
721,1377831990,23.29
721,1377831995,23.3
721,1377832000,23.27
721,1377832005,23.28
721,1377832010,23.28
721,1377832015,23.28
721,1377832020,23.28
721,1377832025,23.28
721,1377832030,23.28
721,1377832035,23.28
721,1377832040,23.28
721,1377832045,23.28
721,1377832050,23.27
721,1377832055,23.28
721,1377832060,23.27
721,1377832065,23.29
721,1377832070,23.28
721,1377832075,23.26
721,1377832080,23.28
721,1377832085,23.27
721,1377832090,23.27
721,1377832095,23.26
721,1377832100,23.27
721,1377832105,23.28
721,1377832110,23.26
721,1377832115,23.27
721,1377832120,23.28
721,1377832125,23.26
721,1377832130,23.26
721,1377832135,23.26
721,1377832140,23.26
721,1377832145,23.26
721,1377832150,23.27
721,1377832155,23.27
721,1377832160,23.26
721,1377832165,23.27
721,1377832170,23.26
721,1377832175,23.26
721,1377832180,23.26
721,1377832185,23.26
721,1377832190,23.26
721,1377832195,23.26
721,1377832200,23.27
721,1377832205,23.26
721,1377832210,23.26
721,1377832215,23.27
721,1377832220,23.25
721,1377832225,23.26
721,1377832230,23.26
721,1377832235,23.26
721,1377832240,23.26
721,1377832245,23.26
721,1377832250,23.25
721,1377832255,23.26
721,1377832260,23.26
721,1377832265,23.27
721,1377832270,23.25
721,1377832275,23.26
721,1377832280,23.26
721,1377832285,23.26
721,1377832290,23.25
721,1377832295,23.24
721,1377832300,23.25
721,1377832305,23.25
721,1377832310,23.25
721,1377832315,23.24
721,1377832320,23.24
721,1377832325,23.24
721,1377832330,23.26
721,1377832335,23.25
721,1377832340,23.25
721,1377832345,23.24
721,1377832350,23.24
721,1377832355,23.24
721,1377832360,23.24
721,1377832365,23.25
721,1377832370,23.25
721,1377832375,23.25
721,1377832380,23.24
721,1377832385,23.25
721,1377832390,23.24
721,1377832395,23.24
721,1377832400,23.24
721,1377832405,23.24
721,1377832410,23.24
721,1377832415,23.24
721,1377832420,23.24
721,1377832425,23.23
721,1377832430,23.23
721,1377832435,23.24
721,1377832440,23.22
721,1377832445,23.22
721,1377832450,23.23
721,1377832455,23.24
721,1377832460,23.23
721,1377832465,23.23
721,1377832470,23.23
721,1377832475,23.22
721,1377832480,23.23
721,1377832485,23.22
721,1377832490,23.21
721,1377832495,23.22
721,1377832500,23.22
721,1377832505,23.22
721,1377832510,23.22
721,1377832515,23.22
721,1377832520,23.22
721,1377832525,23.22
721,1377832530,23.22
721,1377832535,23.22
721,1377832540,23.22
721,1377832545,23.23
721,1377832550,23.21
721,1377832555,23.21
721,1377832560,23.22
721,1377832565,23.22
721,1377832570,23.21
721,1377832575,23.21
721,1377832580,23.22
721,1377832585,23.21
721,1377832590,23.22
721,1377832595,23.21
721,1377832600,23.22
721,1377832605,23.21
721,1377832610,23.21
721,1377832615,23.22
721,1377832620,23.22
721,1377832625,23.2
721,1377832630,23.22
721,1377832635,23.2
721,1377832640,23.21
721,1377832646,23.2
721,1377832650,23.21
721,1377832655,23.2
721,1377832660,23.21
721,1377832665,23.21
721,1377832670,23.22
721,1377832675,23.21
721,1377832680,23.21
721,1377832685,23.2
721,1377832690,23.2
721,1377832695,23.2
721,1377832700,23.2
721,1377832705,23.19
721,1377832710,23.2
721,1377832715,23.2
721,1377832720,23.2
721,1377832725,23.19
721,1377832730,23.19
721,1377832735,23.19
721,1377832740,23.2
721,1377832745,23.19
721,1377832750,23.18
721,1377832755,23.18
721,1377832760,23.18
721,1377832765,23.19
721,1377832770,23.2
721,1377832775,23.19
721,1377832780,23.19
721,1377832785,23.2
721,1377832790,23.19
721,1377832795,23.19
721,1377832800,23.18
721,1377832805,23.18
721,1377832810,23.19
721,1377832815,23.19
721,1377832820,23.19
721,1377832825,23.18
721,1377832830,23.19
721,1377832835,23.2
721,1377832840,23.18
721,1377832845,23.19
721,1377832850,23.18
721,1377832855,23.18
721,1377832860,23.19
721,1377832865,23.18
721,1377832870,23.18
721,1377832875,23.18
721,1377832880,23.18
721,1377832885,23.18
721,1377832890,23.17
721,1377832895,23.18
721,1377832900,23.18
721,1377832905,23.18
721,1377832910,23.18
721,1377832915,23.17
721,1377832920,23.18
721,1377832925,23.18
721,1377832930,23.16
721,1377832935,23.17
721,1377832940,23.17
721,1377832945,23.18
721,1377832950,23.17
721,1377832955,23.18
721,1377832960,23.16
721,1377832965,23.18
721,1377832970,23.16
721,1377832975,23.17
721,1377832980,23.17
721,1377832985,23.17
721,1377832990,23.17
721,1377832995,23.17
721,1377833000,23.17
721,1377833005,23.17
721,1377833010,23.17
721,1377833015,23.16
721,1377833020,23.16
721,1377833025,23.16
721,1377833030,23.17
721,1377833035,23.16
721,1377833040,23.17
721,1377833045,23.16
721,1377833050,23.16
721,1377833055,23.16
721,1377833060,23.16
721,1377833065,23.16
721,1377833070,23.16
721,1377833075,23.15
721,1377833080,23.16
721,1377833085,23.17
721,1377833090,23.15
721,1377833095,23.16
721,1377833100,23.15
721,1377833105,23.16
721,1377833110,23.16
721,1377833115,23.15
721,1377833120,23.16
721,1377833125,23.16
721,1377833130,23.16
721,1377833135,23.15
721,1377833140,23.15
721,1377833145,23.15
721,1377833150,23.15
721,1377833155,23.14
721,1377833160,23.15
721,1377833165,23.15
721,1377833170,23.14
721,1377833175,23.14
721,1377833180,23.14
721,1377833185,23.14
721,1377833190,23.14
721,1377833195,23.14
721,1377833200,23.15
721,1377833205,23.15
721,1377833210,23.14
721,1377833215,23.14
721,1377833220,23.13
721,1377833225,23.15
721,1377833230,23.14
721,1377833235,23.13
721,1377833240,23.14
721,1377833245,23.14
721,1377833250,23.14
721,1377833255,23.14
721,1377833260,23.14
721,1377833265,23.14
721,1377833270,23.14
721,1377833275,23.14
721,1377833280,23.14
721,1377833285,23.13
721,1377833290,23.14
721,1377833295,23.13
721,1377833300,23.13
721,1377833305,23.13
721,1377833310,23.14
721,1377833315,23.12
721,1377833320,23.14
721,1377833325,23.14
721,1377833330,23.13
721,1377833335,23.12
721,1377833340,23.12
721,1377833345,23.12
721,1377833350,23.12
721,1377833355,23.12
721,1377833360,23.14
721,1377833365,23.13
721,1377833370,23.13
721,1377833375,23.13
721,1377833380,23.12
721,1377833385,23.12
721,1377833390,23.12
721,1377833395,23.12
721,1377833402,23.11
721,1377833405,23.12
721,1377833410,23.12
721,1377833415,23.13
721,1377833420,23.11
721,1377833425,23.11
721,1377833430,23.12
721,1377833435,23.1
721,1377833440,23.12
721,1377833445,23.11
721,1377833450,23.12
721,1377833455,23.12
721,1377833460,23.11
721,1377833465,23.11
721,1377833470,23.12
721,1377833475,23.11
721,1377833480,23.11
721,1377833485,23.1
721,1377833490,23.1
721,1377833495,23.11
721,1377833500,23.1
721,1377833505,23.1
721,1377833510,23.1
721,1377833515,23.1
721,1377833520,23.1
721,1377833525,23.09
721,1377833530,23.1
721,1377833535,23.11
721,1377833540,23.1
721,1377833545,23.1
721,1377833550,23.1
721,1377833555,23.11
721,1377833560,23.1
721,1377833565,23.1
721,1377833570,23.1
721,1377833575,23.1
721,1377833580,23.11
721,1377833585,23.09
721,1377833590,23.1
721,1377833595,23.1
721,1377833600,23.1
721,1377833605,23.09
721,1377833610,23.1
721,1377833615,23.1
721,1377833620,23.1
721,1377833625,23.1
721,1377833630,23.09
721,1377833635,23.09
721,1377833640,23.09
721,1377833645,23.08
721,1377833650,23.1
721,1377833655,23.08
721,1377833660,23.1
721,1377833665,23.08
721,1377833670,23.09
721,1377833675,23.09
721,1377833680,23.09
721,1377833685,23.09
721,1377833690,23.08
721,1377833695,23.09
721,1377833700,23.09
721,1377833705,23.08
721,1377833710,23.08
721,1377833715,23.1
721,1377833720,23.08
721,1377833725,23.08
721,1377833730,23.08
721,1377833735,23.07
721,1377833740,23.08
721,1377833745,23.08
721,1377833750,23.08
721,1377833755,23.08
721,1377833760,23.08
721,1377833765,23.08
721,1377833770,23.07
721,1377833775,23.08
721,1377833780,23.08
721,1377833785,23.08
721,1377833790,23.08
721,1377833795,23.08
721,1377833800,23.08
721,1377833805,23.08
721,1377833810,23.08
721,1377833815,23.08
721,1377833820,23.06
721,1377833825,23.08
721,1377833830,23.07
721,1377833835,23.07
721,1377833840,23.07
721,1377833845,23.07
721,1377833850,23.07
721,1377833855,23.06
721,1377833860,23.08
721,1377833865,23.07
721,1377833870,23.06
721,1377833875,23.05
721,1377833880,23.06
721,1377833885,23.07
721,1377833890,23.08
721,1377833895,23.06
721,1377833900,23.06
721,1377833905,23.06
721,1377833910,23.06
721,1377833915,23.06
721,1377833920,23.06
721,1377833925,23.05
721,1377833930,23.05
721,1377833935,23.05
721,1377833940,23.06
721,1377833945,23.05
721,1377833950,23.06
721,1377833955,23.06
721,1377833960,23.06
721,1377833965,23.05
721,1377833970,23.06
721,1377833975,23.06
721,1377833980,23.04
721,1377833985,23.04
721,1377833990,23.05
721,1377833995,23.05
721,1377834000,23.06
721,1377834005,23.05
721,1377834010,23.05
721,1377834015,23.06
721,1377834020,23.04
721,1377834025,23.05
721,1377834030,23.05
721,1377834035,23.06
721,1377834040,23.05
721,1377834045,23.04
721,1377834050,23.04
721,1377834055,23.04
721,1377834060,23.04
721,1377834065,23.04
721,1377834070,23.04
721,1377834075,23.04
721,1377834080,23.04
721,1377834085,23.05
721,1377834090,23.05
721,1377834095,23.04
721,1377834100,23.03
721,1377834105,23.03
721,1377834110,23.04
721,1377834115,23.04
721,1377834120,23.04
721,1377834125,23.03
721,1377834130,23.04
721,1377834135,23.04
721,1377834140,23.03
721,1377834145,23.04
721,1377834150,23.03
721,1377834155,23.03
721,1377834160,23.03
721,1377834165,23.03
721,1377834173,23.02
721,1377834175,23.02
721,1377834180,23.02
721,1377834185,23.03
721,1377834190,23.02
721,1377834195,23.02
721,1377834200,23.03
721,1377834205,23.03
721,1377834210,23.02
721,1377834215,23.02
721,1377834220,23.02
721,1377834225,23.02
721,1377834230,23.02
721,1377834235,23.02
721,1377834240,23.03
721,1377834245,23.03
721,1377834250,23.03
721,1377834255,23.03
721,1377834260,23.01
721,1377834265,23.02
721,1377834270,23.02
721,1377834275,23.02
721,1377834280,23.02
721,1377834285,23.01
721,1377834290,23.01
721,1377834295,23.01
721,1377834300,23.0
721,1377834305,23.0
721,1377834310,23.0
721,1377834315,23.01
721,1377834320,23.01
721,1377834325,23.01
721,1377834330,23.02
721,1377834335,23.0
721,1377834340,23.0
721,1377834345,23.0
721,1377834350,23.01
721,1377834355,23.0
721,1377834360,23.0
721,1377834365,23.01
721,1377834370,23.0
721,1377834375,23.0
721,1377834380,23.0
721,1377834385,23.0
721,1377834390,23.01
721,1377834395,23.0
721,1377834400,23.0
721,1377834405,23.0
721,1377834410,23.01
721,1377834415,22.99
721,1377834420,23.01
721,1377834425,22.99
721,1377834430,23.01
721,1377834435,23.0
721,1377834440,23.0
721,1377834445,23.01
721,1377834450,22.99
721,1377834455,22.99
721,1377834460,23.0
721,1377834465,23.0
721,1377834470,23.0
721,1377834475,22.99
721,1377834480,22.98
721,1377834485,22.98
721,1377834490,22.98
721,1377834495,23.0
721,1377834500,23.0
721,1377834505,22.99
721,1377834510,22.98
721,1377834515,23.0
721,1377834520,23.0
721,1377834525,23.0
721,1377834530,22.98
721,1377834535,22.98
721,1377834540,22.99
721,1377834545,23.0
721,1377834550,22.98
721,1377834555,22.98
721,1377834560,22.98
721,1377834565,22.98
721,1377834570,22.99
721,1377834575,23.0
721,1377834580,22.98
721,1377834585,22.98
721,1377834590,22.98
721,1377834595,22.97
721,1377834600,22.98
721,1377834605,22.97
721,1377834610,22.99
721,1377834615,22.98
721,1377834620,22.98
721,1377834625,22.97
721,1377834630,22.97
721,1377834635,22.97
721,1377834640,22.96
721,1377834645,22.98
721,1377834650,22.97
721,1377834655,22.97
721,1377834660,22.96
721,1377834665,22.96
721,1377834670,22.98
721,1377834675,22.97
721,1377834680,22.96
721,1377834685,22.97
721,1377834690,22.96
721,1377834695,22.96
721,1377834700,22.97
721,1377834705,22.96
721,1377834710,22.96
721,1377834715,22.96
721,1377834720,22.96
721,1377834725,22.96
721,1377834730,22.95
721,1377834735,22.97
721,1377834740,22.95
721,1377834745,22.95
721,1377834750,22.95
721,1377834755,22.95
721,1377834760,22.96
721,1377834765,22.96
721,1377834770,22.96
721,1377834775,22.94
721,1377834780,22.94
721,1377834785,22.95
721,1377834790,22.94
721,1377834795,22.94
721,1377834800,22.94
721,1377834805,22.95
721,1377834810,22.95
721,1377834815,22.96
721,1377834820,22.95
721,1377834825,22.95
721,1377834830,22.95
721,1377834835,22.94
721,1377834840,22.95
721,1377834845,22.94
721,1377834850,22.94
721,1377834855,22.94
721,1377834860,22.94
721,1377834865,22.94
721,1377834870,22.93
721,1377834875,22.93
721,1377834880,22.93
721,1377834885,22.93
721,1377834890,22.94
721,1377834897,22.94
721,1377834900,22.93
721,1377834905,22.94
721,1377834910,22.92
721,1377834915,22.94
721,1377834920,22.94
721,1377834925,22.94
721,1377834930,22.93
721,1377834935,22.93
721,1377834940,22.94
721,1377834945,22.94
721,1377834950,22.93
721,1377834955,22.93
721,1377834960,22.93
721,1377834965,22.94
721,1377834970,22.93
721,1377834975,22.93
721,1377834980,22.94
721,1377834985,22.92
721,1377834990,22.93
721,1377834995,22.93
721,1377835000,22.92
721,1377835005,22.92
721,1377835010,22.92
721,1377835015,22.93
721,1377835020,22.92
721,1377835025,22.92
721,1377835030,22.92
721,1377835035,22.92
721,1377835040,22.91
721,1377835045,22.92
721,1377835050,22.93
721,1377835055,22.91
721,1377835060,22.92
721,1377835065,22.9
721,1377835070,22.92
721,1377835075,22.92
721,1377835080,22.91
721,1377835085,22.9
721,1377835090,22.91
721,1377835095,22.92
721,1377835100,22.91
721,1377835105,22.91
721,1377835110,22.9
721,1377835115,22.91
721,1377835120,22.9
721,1377835125,22.9
721,1377835130,22.9
721,1377835135,22.91
721,1377835140,22.9
721,1377835145,22.9
721,1377835150,22.9
721,1377835156,22.9
721,1377835160,22.9
721,1377835165,22.89
721,1377835170,22.9
721,1377835175,22.9
721,1377835180,22.89
721,1377835185,22.9
721,1377835190,22.9
721,1377835195,22.9
721,1377835200,22.89
721,1377835205,22.89
721,1377835210,22.89
721,1377835215,22.9
721,1377835220,22.9
721,1377835225,22.89
721,1377835230,22.88
721,1377835235,22.9
721,1377835240,22.9
721,1377835245,22.88
721,1377835250,22.89
721,1377835255,22.89
721,1377835260,22.88
721,1377835265,22.88
721,1377835270,22.89
721,1377835275,22.88
721,1377835280,22.88
721,1377835285,22.89
721,1377835290,22.89
721,1377835295,22.89
721,1377835300,22.88
721,1377835305,22.89
721,1377835310,22.88
721,1377835315,22.88
721,1377835320,22.88
721,1377835325,22.88
721,1377835330,22.87
721,1377835335,22.88
721,1377835340,22.88
721,1377835345,22.88
721,1377835350,22.88
721,1377835355,22.87
721,1377835360,22.87
721,1377835365,22.88
721,1377835370,22.88
721,1377835375,22.87
721,1377835380,22.88
721,1377835385,22.87
721,1377835390,22.88
721,1377835395,22.88
721,1377835400,22.87
721,1377835405,22.87
721,1377835410,22.87
721,1377835415,22.88
721,1377835420,22.87
721,1377835425,22.87
721,1377835430,22.87
721,1377835435,22.86
721,1377835440,22.87
721,1377835445,22.87
721,1377835450,22.88
721,1377835455,22.86
721,1377835460,22.87
721,1377835465,22.87
721,1377835470,22.86
721,1377835475,22.87
721,1377835480,22.87
721,1377835485,22.87
721,1377835490,22.86
721,1377835495,22.86
721,1377835500,22.86
721,1377835505,22.86
721,1377835510,22.86
721,1377835515,22.86
721,1377835520,22.86
721,1377835525,22.85
721,1377835530,22.85
721,1377835535,22.86
721,1377835540,22.86
721,1377835545,22.86
721,1377835550,22.86
721,1377835555,22.86
721,1377835560,22.85
721,1377835565,22.84
721,1377835570,22.84
721,1377835575,22.85
721,1377835580,22.86
721,1377835585,22.85
721,1377835590,22.84
721,1377835595,22.85
721,1377835600,22.84
721,1377835605,22.85
721,1377835610,22.84
721,1377835616,22.85
721,1377835620,22.85
721,1377835625,22.85
721,1377835630,22.84
721,1377835635,22.84
721,1377835640,22.84
721,1377835645,22.84
721,1377835650,22.84
721,1377835655,22.84
721,1377835660,22.84
721,1377835665,22.83
721,1377835670,22.83
721,1377835675,22.84
721,1377835680,22.84
721,1377835685,22.84
721,1377835690,22.84
721,1377835695,22.83
721,1377835700,22.84
721,1377835705,22.82
721,1377835710,22.84
721,1377835715,22.84
721,1377835720,22.83
721,1377835725,22.84
721,1377835730,22.83
721,1377835735,22.84
721,1377835740,22.84
721,1377835745,22.85
721,1377835750,22.84
721,1377835755,22.83
721,1377835760,22.82
721,1377835765,22.84
721,1377835770,22.82
721,1377835775,22.83
721,1377835780,22.83
721,1377835785,22.83
721,1377835790,22.83
721,1377835795,22.83
721,1377835800,22.82
721,1377835805,22.83
721,1377835810,22.83
721,1377835815,22.84
721,1377835820,22.81
721,1377835825,22.83
721,1377835830,22.84
721,1377835835,22.83
721,1377835840,22.82
721,1377835845,22.82
721,1377835850,22.82
721,1377835855,22.83
721,1377835860,22.82
721,1377835865,22.82
721,1377835870,22.82
721,1377835875,22.83
721,1377835880,22.82
721,1377835885,22.81
721,1377835890,22.82
721,1377835895,22.83
721,1377835900,22.82
721,1377835905,22.81
721,1377835910,22.81
721,1377835915,22.82
721,1377835920,22.82
721,1377835925,22.82
721,1377835930,22.82
721,1377835935,22.82
721,1377835940,22.82
721,1377835945,22.82
721,1377835950,22.81
721,1377835955,22.82
721,1377835960,22.82
721,1377835965,22.81
721,1377835970,22.81
721,1377835975,22.8
721,1377835980,22.81
721,1377835985,22.8
721,1377835990,22.81
721,1377835995,22.81
721,1377836000,22.81
721,1377836005,22.81
721,1377836010,22.8
721,1377836015,22.8
721,1377836020,22.81
721,1377836025,22.79
721,1377836030,22.8
721,1377836035,22.81
721,1377836040,22.81
721,1377836045,22.8
721,1377836050,22.8
721,1377836055,22.8
721,1377836060,22.8
721,1377836065,22.8
721,1377836070,22.8
721,1377836075,22.8
721,1377836080,22.8
721,1377836085,22.8
721,1377836090,22.8
721,1377836095,22.8
721,1377836100,22.8
721,1377836105,22.79
721,1377836110,22.79
721,1377836115,22.79
721,1377836120,22.8
721,1377836125,22.8
721,1377836130,22.79
721,1377836135,22.79
721,1377836140,22.8
721,1377836145,22.8
721,1377836150,22.8
721,1377836155,22.8
721,1377836160,22.79
721,1377836165,22.79
721,1377836170,22.79
721,1377836175,22.8
721,1377836180,22.79
721,1377836185,22.8
721,1377836190,22.8
721,1377836195,22.78
721,1377836200,22.78
721,1377836205,22.8
721,1377836210,22.79
721,1377836215,22.8
721,1377836220,22.78
721,1377836225,22.79
721,1377836230,22.79
721,1377836235,22.78
721,1377836240,22.78
721,1377836245,22.79
721,1377836250,22.8
721,1377836255,22.78
721,1377836260,22.78
721,1377836265,22.78
721,1377836270,22.78
721,1377836275,22.79
721,1377836280,22.79
721,1377836285,22.78
721,1377836290,22.78
721,1377836295,22.78
721,1377836300,22.77
721,1377836305,22.79
721,1377836310,22.77
721,1377836315,22.78
721,1377836320,22.78
721,1377836325,22.78
721,1377836330,22.78
721,1377836335,22.77
721,1377836340,22.78
721,1377836345,22.78
721,1377836350,22.77
721,1377836355,22.78
721,1377836360,22.78
721,1377836365,22.78
721,1377836370,22.78
721,1377836375,22.78
721,1377836380,22.78
721,1377836385,22.77
721,1377836390,22.77
721,1377836395,22.78
721,1377836400,22.77
721,1377836405,22.78
721,1377836410,22.78
721,1377836415,22.78
721,1377836420,22.77
721,1377836425,22.78
721,1377836430,22.77
721,1377836435,22.77
721,1377836440,22.76
721,1377836445,22.77
721,1377836450,22.77
721,1377836455,22.77
721,1377836460,22.76
721,1377836465,22.78
721,1377836470,22.76
721,1377836475,22.77
721,1377836480,22.76
721,1377836485,22.76
721,1377836490,22.76
721,1377836495,22.76
721,1377836500,22.76
721,1377836505,22.76
721,1377836510,22.76
721,1377836515,22.75
721,1377836520,22.76
721,1377836525,22.76
721,1377836530,22.76
721,1377836535,22.76
721,1377836540,22.76
721,1377836545,22.75
721,1377836550,22.77
721,1377836555,22.76
721,1377836560,22.75
721,1377836565,22.75
721,1377836570,22.77
721,1377836575,22.76
721,1377836580,22.76
721,1377836585,22.75
721,1377836590,22.74
721,1377836595,22.76
721,1377836600,22.75
721,1377836605,22.74
721,1377836610,22.74
721,1377836615,22.75
721,1377836620,22.75
721,1377836625,22.74
721,1377836630,22.74
721,1377836635,22.75
721,1377836640,22.74
721,1377836645,22.74
721,1377836650,22.74
721,1377836655,22.74
721,1377836660,22.73
721,1377836665,22.74
721,1377836670,22.74
721,1377836675,22.74
721,1377836680,22.74
721,1377836685,22.74
721,1377836690,22.74
721,1377836695,22.74
721,1377836700,22.73
721,1377836705,22.73
721,1377836710,22.73
721,1377836715,22.73
721,1377836720,22.74
721,1377836725,22.72
721,1377836730,22.73
721,1377836735,22.72
721,1377836740,22.73
721,1377836745,22.72
721,1377836750,22.73
721,1377836755,22.72
721,1377836760,22.74
721,1377836765,22.73
721,1377836770,22.72
721,1377836775,22.72
721,1377836780,22.72
721,1377836785,22.73
721,1377836790,22.73
721,1377836795,22.72
721,1377836800,22.72
721,1377836805,22.72
721,1377836810,22.73
721,1377836815,22.72
721,1377836820,22.72
721,1377836825,22.72
721,1377836830,22.72
721,1377836835,22.72
721,1377836840,22.72
721,1377836845,22.71
721,1377836850,22.72
721,1377836855,22.72
721,1377836860,22.73
721,1377836865,22.72
721,1377836870,22.72
721,1377836875,22.72
721,1377836880,22.72
721,1377836885,22.72
721,1377836890,22.71
721,1377836895,22.71
721,1377836900,22.72
721,1377836905,22.72
721,1377836910,22.72
721,1377836915,22.71
721,1377836920,22.7
721,1377836925,22.7
721,1377836930,22.71
721,1377836935,22.71
721,1377836940,22.71
721,1377836945,22.71
721,1377836950,22.72
721,1377836955,22.71
721,1377836960,22.7
721,1377836965,22.71
721,1377836970,22.71
721,1377836975,22.7
721,1377836980,22.71
721,1377836985,22.71
721,1377836990,22.7
721,1377836995,22.69
721,1377837000,22.71
721,1377837005,22.72
721,1377837010,22.71
721,1377837015,22.7
721,1377837020,22.7
721,1377837025,22.7
721,1377837030,22.7
721,1377837035,22.7
721,1377837040,22.72
721,1377837045,22.7
721,1377837050,22.7
721,1377837055,22.69
721,1377837060,22.7
721,1377837065,22.7
721,1377837070,22.7
721,1377837075,22.7
721,1377837080,22.69
721,1377837085,22.7
721,1377837090,22.69
721,1377837095,22.69
721,1377837100,22.69
721,1377837105,22.7
721,1377837110,22.69
721,1377837115,22.7
721,1377837120,22.69
721,1377837128,22.7
721,1377837130,22.69
721,1377837135,22.7
721,1377837140,22.69
721,1377837145,22.7
721,1377837150,22.69
721,1377837155,22.7
721,1377837160,22.69
721,1377837165,22.7
721,1377837170,22.69
721,1377837175,22.69
721,1377837180,22.7
721,1377837185,22.69
721,1377837190,22.7
721,1377837195,22.68
721,1377837200,22.68
721,1377837205,22.69
721,1377837210,22.69
721,1377837215,22.68
721,1377837220,22.68
721,1377837225,22.7
721,1377837230,22.69
721,1377837235,22.68
721,1377837240,22.7
721,1377837245,22.69
721,1377837250,22.69
721,1377837255,22.68
721,1377837260,22.68
721,1377837265,22.68
721,1377837270,22.68
721,1377837275,22.68
721,1377837280,22.68
721,1377837285,22.69
721,1377837290,22.68
721,1377837295,22.68
721,1377837300,22.67
721,1377837305,22.67
721,1377837310,22.68
721,1377837315,22.66
721,1377837320,22.68
721,1377837325,22.67
721,1377837330,22.67
721,1377837335,22.68
721,1377837340,22.66
721,1377837345,22.68
721,1377837350,22.68
721,1377837355,22.68
721,1377837360,22.67
721,1377837365,22.66
721,1377837370,22.67
721,1377837375,22.67
721,1377837380,22.66
721,1377837385,22.67
721,1377837390,22.66
721,1377837395,22.67
721,1377837400,22.67
721,1377837405,22.66
721,1377837410,22.66
721,1377837415,22.66
721,1377837420,22.66
721,1377837426,22.66
721,1377837430,22.66
721,1377837435,22.66
721,1377837440,22.66
721,1377837445,22.66
721,1377837450,22.67
721,1377837455,22.66
721,1377837460,22.66
721,1377837465,22.66
721,1377837470,22.65
721,1377837475,22.67
721,1377837480,22.65
721,1377837485,22.65
721,1377837490,22.65
721,1377837495,22.66
721,1377837500,22.66
721,1377837505,22.64
721,1377837510,22.66
721,1377837515,22.65
721,1377837520,22.65
721,1377837525,22.65
721,1377837530,22.65
721,1377837535,22.66
721,1377837540,22.65
721,1377837545,22.65
721,1377837550,22.66
721,1377837555,22.65
721,1377837560,22.65
721,1377837565,22.65
721,1377837570,22.64
721,1377837575,22.65
721,1377837580,22.65
721,1377837585,22.64
721,1377837590,22.64
721,1377837595,22.64
721,1377837600,22.65
721,1377837605,22.64
721,1377837610,22.66
721,1377837615,22.64
721,1377837620,22.64
721,1377837625,22.65
721,1377837630,22.64
721,1377837635,22.64
721,1377837640,22.64
721,1377837645,22.64
721,1377837650,22.65
721,1377837655,22.64
721,1377837660,22.64
721,1377837665,22.64
721,1377837670,22.64
721,1377837675,22.64
721,1377837680,22.64
721,1377837685,22.64
721,1377837690,22.64
721,1377837695,22.64
721,1377837700,22.63
721,1377837705,22.64
721,1377837710,22.64
721,1377837715,22.63
721,1377837720,22.64
721,1377837725,22.64
721,1377837730,22.63
721,1377837735,22.63
721,1377837740,22.64
721,1377837745,22.64
721,1377837750,22.64
721,1377837755,22.62
721,1377837760,22.64
721,1377837765,22.64
721,1377837770,22.63
721,1377837775,22.63
721,1377837780,22.63
721,1377837785,22.63
721,1377837790,22.63
721,1377837795,22.62
721,1377837800,22.63
721,1377837805,22.63
721,1377837810,22.63
721,1377837815,22.64
721,1377837820,22.63
721,1377837825,22.63
721,1377837830,22.63
721,1377837835,22.63
721,1377837840,22.62
721,1377837845,22.63
721,1377837850,22.62
721,1377837855,22.63
721,1377837860,22.62
721,1377837865,22.62
721,1377837870,22.61
721,1377837875,22.62
721,1377837880,22.62
721,1377837885,22.62
721,1377837890,22.61
721,1377837895,22.62
721,1377837900,22.62
721,1377837905,22.6
721,1377837910,22.61
721,1377837915,22.61
721,1377837920,22.61
721,1377837925,22.61
721,1377837931,22.61
721,1377837935,22.61
721,1377837940,22.61
721,1377837945,22.61
721,1377837950,22.61
721,1377837955,22.6
721,1377837960,22.6
721,1377837965,22.6
721,1377837970,22.61
721,1377837975,22.6
721,1377837980,22.6
721,1377837985,22.6
721,1377837990,22.6
721,1377837995,22.59
721,1377838000,22.6
721,1377838005,22.6
721,1377838010,22.6
721,1377838015,22.6
721,1377838020,22.6
721,1377838025,22.6
721,1377838030,22.59
721,1377838035,22.58
721,1377838040,22.6
721,1377838045,22.58
721,1377838050,22.58
721,1377838055,22.57
721,1377838060,22.58
721,1377838065,22.58
721,1377838070,22.58
721,1377838075,22.58
721,1377838080,22.58
721,1377838085,22.58
721,1377838090,22.58
721,1377838095,22.58
721,1377838100,22.57
721,1377838105,22.58
721,1377838110,22.58
721,1377838115,22.58
721,1377838120,22.58
721,1377838125,22.57
721,1377838130,22.57
721,1377838135,22.58
721,1377838140,22.56
721,1377838145,22.56
721,1377838150,22.56
721,1377838155,22.57
721,1377838160,22.56
721,1377838165,22.57
721,1377838170,22.57
721,1377838175,22.57
721,1377838180,22.56
721,1377838185,22.57
721,1377838190,22.56
721,1377838195,22.56
721,1377838200,22.57
721,1377838205,22.57
721,1377838210,22.56
721,1377838215,22.55
721,1377838220,22.56
721,1377838225,22.56
721,1377838230,22.57
721,1377838235,22.56
721,1377838240,22.57
721,1377838245,22.55
721,1377838250,22.55
721,1377838255,22.55
721,1377838260,22.56
721,1377838265,22.55
721,1377838270,22.55
721,1377838275,22.56
721,1377838280,22.55
721,1377838285,22.55
721,1377838290,22.54
721,1377838295,22.54
721,1377838300,22.54
721,1377838305,22.54
721,1377838310,22.55
721,1377838315,22.55
721,1377838320,22.54
721,1377838325,22.54
721,1377838330,22.54
721,1377838335,22.53
721,1377838340,22.54
721,1377838345,22.54
721,1377838350,22.54
721,1377838355,22.54
721,1377838360,22.54
721,1377838365,22.55
721,1377838370,22.54
721,1377838375,22.54
721,1377838380,22.54
721,1377838385,22.54
721,1377838390,22.54
721,1377838395,22.54
721,1377838400,22.54
721,1377838405,22.54
721,1377838410,22.54
721,1377838415,22.54
721,1377838420,22.54
721,1377838425,22.54
721,1377838430,22.54
721,1377838435,22.53
721,1377838440,22.53
721,1377838445,22.53
721,1377838450,22.52
721,1377838455,22.52
721,1377838460,22.53
721,1377838465,22.53
721,1377838470,22.52
721,1377838475,22.53
721,1377838480,22.52
721,1377838485,22.52
721,1377838490,22.53
721,1377838495,22.54
721,1377838500,22.53
721,1377838505,22.52
721,1377838510,22.52
721,1377838515,22.52
721,1377838520,22.53
721,1377838525,22.52
721,1377838530,22.52
721,1377838535,22.53
721,1377838540,22.51
721,1377838545,22.52
721,1377838550,22.52
721,1377838555,22.51
721,1377838560,22.52
721,1377838565,22.52
721,1377838570,22.51
721,1377838575,22.51
721,1377838580,22.51
721,1377838585,22.51
721,1377838590,22.52
721,1377838595,22.51
721,1377838600,22.51
721,1377838605,22.51
721,1377838610,22.51
721,1377838615,22.51
721,1377838620,22.52
721,1377838625,22.51
721,1377838630,22.51
721,1377838635,22.5
721,1377838640,22.5
721,1377838645,22.5
721,1377838650,22.5
721,1377838655,22.51
721,1377838660,22.51
721,1377838665,22.49
721,1377838670,22.5
721,1377838675,22.49
721,1377838680,22.49
721,1377838685,22.5
721,1377838690,22.5
721,1377838695,22.5
721,1377838700,22.5
721,1377838705,22.5
721,1377838710,22.49
721,1377838715,22.5
721,1377838720,22.5
721,1377838725,22.5
721,1377838730,22.5
721,1377838735,22.5
721,1377838740,22.49
721,1377838745,22.5
721,1377838750,22.5
721,1377838755,22.5
721,1377838760,22.48
721,1377838765,22.49
721,1377838770,22.49
721,1377838775,22.49
721,1377838780,22.48
721,1377838785,22.5
721,1377838790,22.49
721,1377838795,22.49
721,1377838800,22.49
721,1377838805,22.5
721,1377838810,22.5
721,1377838815,22.48
721,1377838820,22.49
721,1377838825,22.49
721,1377838830,22.48
721,1377838835,22.5
721,1377838840,22.49
721,1377838845,22.48
721,1377838850,22.49
721,1377838855,22.49
721,1377838860,22.48
721,1377838865,22.5
721,1377838870,22.5
721,1377838875,22.49
721,1377838880,22.5
721,1377838885,22.49
721,1377838890,22.49
721,1377838895,22.49
721,1377838900,22.48
721,1377838905,22.49
721,1377838910,22.49
721,1377838915,22.5
721,1377838920,22.48
721,1377838925,22.49
721,1377838930,22.48
721,1377838935,22.48
721,1377838940,22.48
721,1377838945,22.48
721,1377838950,22.48
721,1377838955,22.48
721,1377838960,22.48
721,1377838965,22.48
721,1377838970,22.48
721,1377838975,22.48
721,1377838980,22.48
721,1377838985,22.47
721,1377838990,22.49
721,1377838995,22.48
721,1377839000,22.48
721,1377839005,22.48
721,1377839010,22.48
721,1377839015,22.47
721,1377839020,22.48
721,1377839025,22.48
721,1377839030,22.48
721,1377839035,22.48
721,1377839040,22.47
721,1377839045,22.48
721,1377839050,22.47
721,1377839055,22.48
721,1377839060,22.48
721,1377839065,22.47
721,1377839070,22.47
721,1377839075,22.47
721,1377839080,22.48
721,1377839085,22.48
721,1377839091,22.48
721,1377839095,22.48
721,1377839100,22.46
721,1377839105,22.47
721,1377839110,22.46
721,1377839115,22.47
721,1377839120,22.48
721,1377839125,22.47
721,1377839130,22.48
721,1377839135,22.47
721,1377839140,22.47
721,1377839145,22.48
721,1377839150,22.48
721,1377839155,22.48
721,1377839160,22.47
721,1377839165,22.47
721,1377839170,22.46
721,1377839175,22.46
721,1377839180,22.47
721,1377839185,22.46
721,1377839190,22.45
721,1377839195,22.46
721,1377839200,22.46
721,1377839205,22.46
721,1377839210,22.46
721,1377839215,22.45
721,1377839220,22.46
721,1377839225,22.46
721,1377839230,22.46
721,1377839235,22.45
721,1377839240,22.44
721,1377839245,22.44
721,1377839250,22.45
721,1377839255,22.44
721,1377839260,22.45
721,1377839265,22.46
721,1377839270,22.45
721,1377839275,22.45
721,1377839280,22.46
721,1377839285,22.46
721,1377839290,22.44
721,1377839295,22.45
721,1377839300,22.44
721,1377839305,22.45
721,1377839310,22.46
721,1377839315,22.44
721,1377839320,22.45
721,1377839325,22.44
721,1377839330,22.44
721,1377839335,22.44
721,1377839340,22.44
721,1377839345,22.44
721,1377839350,22.45
721,1377839355,22.44
721,1377839360,22.44
721,1377839365,22.44
721,1377839370,22.44
721,1377839375,22.44
721,1377839380,22.44
721,1377839385,22.43
721,1377839390,22.44
721,1377839395,22.44
721,1377839400,22.43
721,1377839405,22.43
721,1377839410,22.44
721,1377839415,22.44
721,1377839420,22.44
721,1377839425,22.44
721,1377839430,22.44
721,1377839435,22.43
721,1377839440,22.43
721,1377839445,22.43
721,1377839450,22.42
721,1377839455,22.42
721,1377839460,22.43
721,1377839465,22.42
721,1377839470,22.43
721,1377839475,22.44
721,1377839480,22.42
721,1377839485,22.42
721,1377839490,22.42
721,1377839495,22.43
721,1377839500,22.42
721,1377839506,22.43
721,1377839510,22.42
721,1377839515,22.43
721,1377839520,22.43
721,1377839525,22.41
721,1377839530,22.41
721,1377839535,22.41
721,1377839540,22.42
721,1377839545,22.42
721,1377839550,22.42
721,1377839555,22.41
721,1377839560,22.42
721,1377839565,22.42
721,1377839570,22.41
721,1377839575,22.41
721,1377839580,22.41
721,1377839585,22.41
721,1377839590,22.4
721,1377839595,22.42
721,1377839600,22.41
721,1377839605,22.41
721,1377839610,22.41
721,1377839615,22.4
721,1377839620,22.41
721,1377839625,22.41
721,1377839630,22.4
721,1377839635,22.41
721,1377839640,22.4
721,1377839645,22.4
721,1377839650,22.4
721,1377839655,22.39
721,1377839660,22.4
721,1377839665,22.4
721,1377839670,22.41
721,1377839675,22.41
721,1377839680,22.4
721,1377839685,22.4
721,1377839690,22.38
721,1377839695,22.4
721,1377839700,22.4
721,1377839705,22.39
721,1377839710,22.39
721,1377839715,22.39
721,1377839720,22.4
721,1377839725,22.39
721,1377839730,22.39
721,1377839735,22.4
721,1377839740,22.38
721,1377839745,22.38
721,1377839750,22.38
721,1377839755,22.38
721,1377839760,22.38
721,1377839765,22.38
721,1377839770,22.38
721,1377839775,22.38
721,1377839780,22.39
721,1377839785,22.38
721,1377839790,22.39
721,1377839795,22.38
721,1377839800,22.37
721,1377839805,22.38
721,1377839810,22.38
721,1377839815,22.39
721,1377839820,22.39
721,1377839825,22.39
721,1377839830,22.37
721,1377839835,22.38
721,1377839840,22.37
721,1377839845,22.38
721,1377839850,22.37
721,1377839855,22.39
721,1377839860,22.38
721,1377839865,22.38
721,1377839870,22.38
721,1377839875,22.38
721,1377839880,22.36
721,1377839885,22.38
721,1377839890,22.37
721,1377839895,22.37
721,1377839900,22.37
721,1377839905,22.37
721,1377839910,22.38
721,1377839915,22.37
721,1377839920,22.37
721,1377839925,22.36
721,1377839930,22.36
721,1377839935,22.36
721,1377839940,22.37
721,1377839945,22.37
721,1377839950,22.37
721,1377839955,22.35
721,1377839960,22.37
721,1377839965,22.36
721,1377839970,22.36
721,1377839975,22.36
721,1377839980,22.36
721,1377839985,22.36
721,1377839990,22.37
721,1377839995,22.37
721,1377840000,22.36
721,1377840005,22.36
721,1377840010,22.36
721,1377840015,22.35
721,1377840020,22.35
721,1377840025,22.36
721,1377840030,22.36
721,1377840035,22.36
721,1377840040,22.36
721,1377840045,22.36
721,1377840050,22.36
721,1377840055,22.36
721,1377840060,22.36
721,1377840065,22.34
721,1377840070,22.36
721,1377840075,22.36
721,1377840080,22.35
721,1377840085,22.36
721,1377840090,22.36
721,1377840095,22.36
721,1377840100,22.36
721,1377840105,22.36
721,1377840110,22.36
721,1377840115,22.35
721,1377840120,22.35
721,1377840125,22.35
721,1377840130,22.35
721,1377840135,22.35
721,1377840140,22.35
721,1377840145,22.36
721,1377840150,22.34
721,1377840155,22.35
721,1377840160,22.35
721,1377840165,22.36
721,1377840170,22.36
721,1377840175,22.36
721,1377840180,22.36
721,1377840185,22.34
721,1377840190,22.35
721,1377840195,22.35
721,1377840200,22.35
721,1377840205,22.35
721,1377840210,22.36
721,1377840215,22.35
721,1377840220,22.35
721,1377840225,22.35
721,1377840230,22.35
721,1377840235,22.34
721,1377840240,22.34
721,1377840245,22.34
721,1377840250,22.34
721,1377840255,22.34
721,1377840260,22.34
721,1377840265,22.35
721,1377840270,22.34
721,1377840275,22.35
721,1377840280,22.34
721,1377840285,22.34
721,1377840290,22.34
721,1377840295,22.33
721,1377840300,22.34
721,1377840305,22.33
721,1377840310,22.34
721,1377840315,22.34
721,1377840320,22.34
721,1377840325,22.34
721,1377840330,22.34
721,1377840335,22.33
721,1377840340,22.32
721,1377840345,22.33
721,1377840350,22.32
721,1377840355,22.32
721,1377840360,22.32
721,1377840365,22.32
721,1377840370,22.33
721,1377840375,22.33
721,1377840380,22.34
721,1377840385,22.34
721,1377840390,22.33
721,1377840395,22.33
721,1377840400,22.34
721,1377840405,22.32
721,1377840410,22.32
721,1377840415,22.32
721,1377840420,22.32
721,1377840425,22.32
721,1377840430,22.32
721,1377840435,22.32
721,1377840440,22.31
721,1377840445,22.32
721,1377840450,22.31
721,1377840455,22.31
721,1377840460,22.32
721,1377840465,22.32
721,1377840470,22.32
721,1377840475,22.32
721,1377840480,22.3
721,1377840485,22.32
721,1377840490,22.32
721,1377840495,22.32
721,1377840500,22.31
721,1377840505,22.31
721,1377840510,22.3
721,1377840515,22.3
721,1377840520,22.3
721,1377840525,22.32
721,1377840530,22.32
721,1377840535,22.32
721,1377840540,22.31
721,1377840545,22.3
721,1377840550,22.32
721,1377840555,22.3
721,1377840560,22.31
721,1377840565,22.31
721,1377840570,22.31
721,1377840575,22.3
721,1377840580,22.29
721,1377840585,22.3
721,1377840590,22.3
721,1377840595,22.3
721,1377840600,22.3
721,1377840605,22.3
721,1377840610,22.29
721,1377840615,22.3
721,1377840620,22.3
721,1377840625,22.3
721,1377840630,22.3
721,1377840635,22.29
721,1377840640,22.29
721,1377840645,22.28
721,1377840650,22.29
721,1377840655,22.29
721,1377840660,22.3
721,1377840665,22.29
721,1377840670,22.29
721,1377840675,22.29
721,1377840680,22.28
721,1377840685,22.3
721,1377840690,22.28
721,1377840695,22.3
721,1377840700,22.29
721,1377840705,22.29
721,1377840710,22.3
721,1377840715,22.3
721,1377840720,22.29
721,1377840725,22.29
721,1377840730,22.29
721,1377840735,22.3
721,1377840740,22.29
721,1377840745,22.28
721,1377840750,22.29
721,1377840755,22.29
721,1377840760,22.3
721,1377840765,22.28
721,1377840770,22.28
721,1377840775,22.28
721,1377840780,22.28
721,1377840785,22.29
721,1377840790,22.28
721,1377840795,22.28
721,1377840800,22.27
721,1377840805,22.28
721,1377840810,22.28
721,1377840815,22.28
721,1377840820,22.28
721,1377840825,22.27
721,1377840830,22.29
721,1377840835,22.28
721,1377840840,22.27
721,1377840845,22.28
721,1377840850,22.27
721,1377840855,22.27
721,1377840860,22.27
721,1377840865,22.27
721,1377840870,22.26
721,1377840875,22.28
721,1377840880,22.27
721,1377840885,22.27
721,1377840890,22.26
721,1377840895,22.26
721,1377840900,22.27
721,1377840905,22.27
721,1377840910,22.26
721,1377840915,22.27
721,1377840920,22.26
721,1377840925,22.26
721,1377840930,22.28
721,1377840935,22.26
721,1377840940,22.26
721,1377840945,22.26
721,1377840950,22.26
721,1377840955,22.26
721,1377840960,22.26
721,1377840965,22.26
721,1377840970,22.26
721,1377840975,22.26
721,1377840980,22.26
721,1377840985,22.26
721,1377840990,22.26
721,1377840995,22.26
721,1377841000,22.26
721,1377841005,22.26
721,1377841010,22.27
721,1377841016,22.26
721,1377841020,22.26
721,1377841025,22.25
721,1377841030,22.26
721,1377841035,22.25
721,1377841041,22.25
721,1377841045,22.26
721,1377841050,22.25
721,1377841055,22.25
721,1377841060,22.25
721,1377841065,22.26
721,1377841070,22.25
721,1377841075,22.26
721,1377841080,22.26
721,1377841085,22.25
721,1377841090,22.24
721,1377841095,22.25
721,1377841100,22.25
721,1377841105,22.25
721,1377841110,22.25
721,1377841115,22.24
721,1377841120,22.25
721,1377841125,22.25
721,1377841130,22.24
721,1377841135,22.24
721,1377841140,22.24
721,1377841145,22.24
721,1377841150,22.24
721,1377841155,22.24
721,1377841160,22.24
721,1377841165,22.22
721,1377841170,22.24
721,1377841175,22.24
721,1377841180,22.24
721,1377841185,22.23
721,1377841190,22.23
721,1377841195,22.24
721,1377841200,22.23
721,1377841205,22.24
721,1377841210,22.24
721,1377841215,22.23
721,1377841220,22.24
721,1377841225,22.24
721,1377841230,22.23
721,1377841235,22.23
721,1377841240,22.23
721,1377841245,22.23
721,1377841250,22.23
721,1377841255,22.24
721,1377841260,22.23
721,1377841265,22.23
721,1377841270,22.23
721,1377841275,22.25
721,1377841280,22.24
721,1377841285,22.24
721,1377841290,22.23
721,1377841295,22.22
721,1377841300,22.23
721,1377841305,22.22
721,1377841310,22.23
721,1377841315,22.23
721,1377841320,22.23
721,1377841325,22.22
721,1377841330,22.22
721,1377841335,22.23
721,1377841340,22.22
721,1377841345,22.23
721,1377841350,22.22
721,1377841355,22.23
721,1377841360,22.23
721,1377841365,22.24
721,1377841370,22.22
721,1377841375,22.22
721,1377841380,22.22
721,1377841385,22.22
721,1377841390,22.22
721,1377841395,22.21
721,1377841400,22.23
721,1377841405,22.22
721,1377841410,22.22
721,1377841415,22.22
721,1377841420,22.21
721,1377841425,22.22
721,1377841430,22.21
721,1377841435,22.22
721,1377841440,22.21
721,1377841445,22.22
721,1377841450,22.22
721,1377841455,22.21
721,1377841460,22.2
721,1377841465,22.2
721,1377841470,22.2
721,1377841475,22.2
721,1377841480,22.21
721,1377841485,22.21
721,1377841490,22.2
721,1377841495,22.2
721,1377841500,22.2
721,1377841505,22.2
721,1377841510,22.21
721,1377841515,22.2
721,1377841520,22.2
721,1377841525,22.19
721,1377841530,22.2
721,1377841535,22.2
721,1377841540,22.2
721,1377841545,22.2
721,1377841550,22.2
721,1377841555,22.2
721,1377841560,22.2
721,1377841565,22.2
721,1377841570,22.21
721,1377841575,22.2
721,1377841580,22.2
721,1377841585,22.19
721,1377841590,22.2
721,1377841595,22.2
721,1377841600,22.2
721,1377841605,22.2
721,1377841610,22.2
721,1377841615,22.19
721,1377841620,22.2
721,1377841625,22.2
721,1377841630,22.2
721,1377841635,22.2
721,1377841640,22.2
721,1377841645,22.2
721,1377841650,22.2
721,1377841655,22.18
721,1377841660,22.2
721,1377841665,22.2
721,1377841670,22.2
721,1377841675,22.18
721,1377841680,22.2
721,1377841685,22.2
721,1377841690,22.19
721,1377841695,22.18
721,1377841700,22.18
721,1377841705,22.19
721,1377841710,22.2
721,1377841715,22.19
721,1377841720,22.18
721,1377841725,22.19
721,1377841730,22.19
721,1377841735,22.19
721,1377841740,22.19
721,1377841745,22.19
721,1377841750,22.18
721,1377841755,22.17
721,1377841760,22.18
721,1377841765,22.19
721,1377841770,22.19
721,1377841775,22.18
721,1377841780,22.19
721,1377841785,22.2
721,1377841790,22.18
721,1377841795,22.18
721,1377841801,22.2
721,1377841805,22.18
721,1377841810,22.19
721,1377841815,22.18
721,1377841820,22.18
721,1377841825,22.19
721,1377841830,22.18
721,1377841835,22.2
721,1377841840,22.18
721,1377841845,22.19
721,1377841850,22.18
721,1377841855,22.17
721,1377841860,22.18
721,1377841865,22.18
721,1377841870,22.18
721,1377841875,22.18
721,1377841880,22.19
721,1377841885,22.18
721,1377841890,22.18
721,1377841895,22.19
721,1377841900,22.18
721,1377841905,22.18
721,1377841910,22.16
721,1377841915,22.18
721,1377841920,22.19
721,1377841925,22.19
721,1377841930,22.18
721,1377841935,22.18
721,1377841940,22.16
721,1377841945,22.17
721,1377841950,22.17
721,1377841955,22.18
721,1377841960,22.18
721,1377841965,22.17
721,1377841970,22.17
721,1377841975,22.18
721,1377841980,22.17
721,1377841985,22.17
721,1377841990,22.17
721,1377841995,22.16
721,1377842000,22.17
721,1377842005,22.17
721,1377842010,22.17
721,1377842015,22.16
721,1377842020,22.16
721,1377842025,22.16
721,1377842030,22.17
721,1377842035,22.17
721,1377842040,22.16
721,1377842045,22.16
721,1377842050,22.16
721,1377842055,22.15
721,1377842060,22.15
721,1377842065,22.16
721,1377842070,22.15
721,1377842075,22.16
721,1377842080,22.16
721,1377842085,22.15
721,1377842090,22.14
721,1377842095,22.14
721,1377842100,22.15
721,1377842105,22.16
721,1377842110,22.16
721,1377842115,22.15
721,1377842120,22.15
721,1377842125,22.15
721,1377842130,22.15
721,1377842135,22.14
721,1377842140,22.14
721,1377842145,22.14
721,1377842150,22.14
721,1377842155,22.14
721,1377842160,22.14
721,1377842165,22.14
721,1377842170,22.14
721,1377842175,22.14
721,1377842180,22.14
721,1377842185,22.13
721,1377842190,22.13
721,1377842195,22.13
721,1377842200,22.13
721,1377842205,22.14
721,1377842210,22.13
721,1377842215,22.13
721,1377842220,22.13
721,1377842225,22.13
721,1377842230,22.14
721,1377842235,22.12
721,1377842240,22.12
721,1377842245,22.13
721,1377842250,22.12
721,1377842255,22.13
721,1377842260,22.13
721,1377842265,22.12
721,1377842270,22.12
721,1377842275,22.13
721,1377842280,22.12
721,1377842285,22.12
721,1377842290,22.13
721,1377842295,22.12
721,1377842300,22.12
721,1377842305,22.12
721,1377842310,22.12
721,1377842315,22.12
721,1377842320,22.12
721,1377842325,22.11
721,1377842330,22.12
721,1377842335,22.11
721,1377842340,22.11
721,1377842345,22.12
721,1377842350,22.11
721,1377842355,22.12
721,1377842360,22.11
721,1377842365,22.12
721,1377842370,22.1
721,1377842375,22.1
721,1377842380,22.1
721,1377842385,22.1
721,1377842390,22.1
721,1377842395,22.1
721,1377842400,22.1
721,1377842405,22.1
721,1377842410,22.11
721,1377842415,22.1
721,1377842420,22.1
721,1377842425,22.09
721,1377842430,22.09
721,1377842435,22.09
721,1377842440,22.09
721,1377842445,22.09
721,1377842450,22.09
721,1377842455,22.09
721,1377842460,22.09
721,1377842465,22.09
721,1377842470,22.08
721,1377842475,22.08
721,1377842480,22.09
721,1377842485,22.08
721,1377842490,22.08
721,1377842495,22.08
721,1377842500,22.08
721,1377842505,22.08
721,1377842510,22.08
721,1377842515,22.08
721,1377842520,22.08
721,1377842525,22.08
721,1377842530,22.08
721,1377842535,22.08
721,1377842540,22.08
721,1377842545,22.08
721,1377842550,22.08
721,1377842555,22.07
721,1377842560,22.08
721,1377842565,22.06
721,1377842570,22.07
721,1377842575,22.07
721,1377842580,22.08
721,1377842585,22.07
721,1377842590,22.08
721,1377842595,22.06
721,1377842600,22.07
721,1377842605,22.06
721,1377842610,22.06
721,1377842615,22.06
721,1377842620,22.06
721,1377842625,22.06
721,1377842630,22.06
721,1377842635,22.06
721,1377842640,22.07
721,1377842645,22.06
721,1377842650,22.06
721,1377842655,22.07
721,1377842660,22.06
721,1377842665,22.07
721,1377842670,22.05
721,1377842675,22.06
721,1377842680,22.04
721,1377842685,22.06
721,1377842690,22.04
721,1377842695,22.06
721,1377842700,22.05
721,1377842705,22.05
721,1377842710,22.05
721,1377842715,22.06
721,1377842720,22.04
721,1377842725,22.04
721,1377842730,22.05
721,1377842735,22.05
721,1377842740,22.06
721,1377842745,22.05
721,1377842750,22.06
721,1377842755,22.04
721,1377842760,22.04
721,1377842765,22.04
721,1377842770,22.04
721,1377842775,22.04
721,1377842780,22.04
721,1377842785,22.04
721,1377842790,22.04
721,1377842795,22.05
721,1377842800,22.04
721,1377842805,22.04
721,1377842810,22.03
721,1377842815,22.04
721,1377842820,22.04
721,1377842825,22.04
721,1377842830,22.05
721,1377842835,22.05
721,1377842840,22.04
721,1377842845,22.02
721,1377842850,22.04
721,1377842855,22.04
721,1377842860,22.03
721,1377842865,22.04
721,1377842870,22.04
721,1377842875,22.04
721,1377842880,22.04
721,1377842885,22.03
721,1377842890,22.03
721,1377842895,22.03
721,1377842900,22.03
721,1377842905,22.04
721,1377842910,22.03
721,1377842915,22.02
721,1377842920,22.02
721,1377842925,22.04
721,1377842930,22.02
721,1377842935,22.03
721,1377842940,22.02
721,1377842945,22.02
721,1377842950,22.02
721,1377842955,22.02
721,1377842960,22.01
721,1377842965,22.02
721,1377842970,22.01
721,1377842975,22.0
721,1377842980,22.02
721,1377842985,22.01
721,1377842990,22.01
721,1377842995,22.01
721,1377843000,22.02
721,1377843005,22.01
721,1377843010,22.01
721,1377843015,22.02
721,1377843020,22.0
721,1377843025,22.02
721,1377843030,22.02
721,1377843035,22.01
721,1377843040,22.01
721,1377843045,22.02
721,1377843050,22.02
721,1377843055,22.01
721,1377843060,22.02
721,1377843065,22.02
721,1377843070,22.01
721,1377843075,22.0
721,1377843080,22.01
721,1377843085,22.02
721,1377843090,22.0
721,1377843095,22.0
721,1377843100,22.0
721,1377843105,22.0
721,1377843110,22.0
721,1377843115,22.01
721,1377843120,22.0
721,1377843125,22.01
721,1377843130,22.0
721,1377843135,21.99
721,1377843140,22.0
721,1377843145,22.01
721,1377843150,22.01
721,1377843155,22.01
721,1377843160,21.99
721,1377843165,22.0
721,1377843170,22.0
721,1377843175,21.99
721,1377843180,22.0
721,1377843185,21.99
721,1377843190,21.99
721,1377843195,21.98
721,1377843200,21.98
721,1377843205,21.98
721,1377843210,21.99
721,1377843215,21.98
721,1377843220,22.0
721,1377843225,21.98
721,1377843230,21.98
721,1377843235,21.98
721,1377843240,21.99
721,1377843245,21.99
721,1377843250,21.98
721,1377843255,21.99
721,1377843260,21.99
721,1377843265,21.99
721,1377843270,22.0
721,1377843275,21.99
721,1377843280,21.99
721,1377843285,21.99
721,1377843290,21.98
721,1377843295,21.98
721,1377843300,21.98
721,1377843305,21.98
721,1377843310,21.98
721,1377843315,21.98
721,1377843320,21.97
721,1377843325,21.97
721,1377843330,21.96
721,1377843335,21.98
721,1377843340,21.98
721,1377843345,21.96
721,1377843350,21.98
721,1377843355,21.98
721,1377843360,21.98
721,1377843365,21.98
721,1377843370,21.97
721,1377843375,21.98
721,1377843380,21.98
721,1377843385,21.97
721,1377843390,21.98
721,1377843395,21.98
721,1377843400,21.99
721,1377843405,21.98
721,1377843410,21.98
721,1377843415,21.96
721,1377843420,21.98
721,1377843425,21.98
721,1377843430,21.95
721,1377843435,21.98
721,1377843440,21.98
721,1377843445,21.97
721,1377843450,21.97
721,1377843455,21.97
721,1377843460,21.97
721,1377843465,21.97
721,1377843470,21.97
721,1377843475,21.96
721,1377843480,21.97
721,1377843485,21.96
721,1377843490,21.96
721,1377843495,21.96
721,1377843500,21.95
721,1377843505,21.96
721,1377843510,21.96
721,1377843515,21.96
721,1377843520,21.96
721,1377843525,21.96
721,1377843530,21.96
721,1377843535,21.96
721,1377843540,21.95
721,1377843545,21.96
721,1377843550,21.96
721,1377843555,21.95
721,1377843560,21.95
721,1377843565,21.94
721,1377843570,21.96
721,1377843575,21.95
721,1377843580,21.96
721,1377843585,21.95
721,1377843590,21.96
721,1377843595,21.96
721,1377843600,21.95
721,1377843605,21.96
721,1377843610,21.94
721,1377843615,21.95
721,1377843620,21.94
721,1377843625,21.96
721,1377843630,21.95
721,1377843635,21.94
721,1377843640,21.94
721,1377843645,21.96
721,1377843650,21.96
721,1377843655,21.95
721,1377843660,21.94
721,1377843665,21.96
721,1377843670,21.95
721,1377843675,21.95
721,1377843680,21.94
721,1377843685,21.96
721,1377843690,21.96
721,1377843695,21.94
721,1377843700,21.94
721,1377843705,21.94
721,1377843710,21.94
721,1377843715,21.94
721,1377843720,21.94
721,1377843725,21.94
721,1377843730,21.94
721,1377843735,21.94
721,1377843740,21.94
721,1377843745,21.94
721,1377843750,21.93
721,1377843755,21.94
721,1377843760,21.94
721,1377843765,21.93
721,1377843770,21.94
721,1377843775,21.92
721,1377843780,21.93
721,1377843785,21.92
721,1377843790,21.92
721,1377843795,21.92
721,1377843800,21.92
721,1377843805,21.94
721,1377843810,21.93
721,1377843815,21.92
721,1377843820,21.92
721,1377843825,21.92
721,1377843830,21.94
721,1377843835,21.92
721,1377843840,21.92
721,1377843845,21.92
721,1377843850,21.92
721,1377843855,21.91
721,1377843860,21.92
721,1377843865,21.93
721,1377843870,21.92
721,1377843875,21.92
721,1377843880,21.91
721,1377843885,21.91
721,1377843890,21.92
721,1377843895,21.91
721,1377843900,21.92
721,1377843905,21.92
721,1377843910,21.9
721,1377843915,21.9
721,1377843920,21.9
721,1377843925,21.91
721,1377843930,21.91
721,1377843935,21.9
721,1377843940,21.91
721,1377843945,21.91
721,1377843950,21.91
721,1377843955,21.9
721,1377843960,21.9
721,1377843965,21.9
721,1377843970,21.9
721,1377843975,21.9
721,1377843980,21.9
721,1377843985,21.9
721,1377843990,21.9
721,1377843995,21.89
721,1377844001,21.9
721,1377844005,21.89
721,1377844010,21.9
721,1377844015,21.9
721,1377844020,21.89
721,1377844025,21.9
721,1377844030,21.89
721,1377844035,21.89
721,1377844040,21.89
721,1377844045,21.89
721,1377844050,21.88
721,1377844055,21.88
721,1377844060,21.88
721,1377844065,21.88
721,1377844070,21.88
721,1377844075,21.88
721,1377844080,21.88
721,1377844085,21.88
721,1377844090,21.88
721,1377844095,21.88
721,1377844100,21.89
721,1377844105,21.89
721,1377844110,21.88
721,1377844115,21.89
721,1377844120,21.88
721,1377844125,21.88
721,1377844130,21.88
721,1377844135,21.88
721,1377844140,21.88
721,1377844145,21.88
721,1377844150,21.88
721,1377844155,21.88
721,1377844160,21.88
721,1377844165,21.87
721,1377844170,21.87
721,1377844175,21.88
721,1377844180,21.87
721,1377844185,21.88
721,1377844190,21.87
721,1377844195,21.87
721,1377844200,21.87
721,1377844205,21.87
721,1377844210,21.87
721,1377844215,21.87
721,1377844220,21.86
721,1377844225,21.87
721,1377844230,21.88
721,1377844235,21.88
721,1377844240,21.88
721,1377844245,21.86
721,1377844250,21.87
721,1377844255,21.87
721,1377844260,21.86
721,1377844265,21.87
721,1377844270,21.88
721,1377844275,21.86
721,1377844280,21.88
721,1377844285,21.87
721,1377844290,21.87
721,1377844295,21.88
721,1377844300,21.87
721,1377844305,21.87
721,1377844310,21.88
721,1377844315,21.88
721,1377844320,21.88
721,1377844325,21.87
721,1377844330,21.87
721,1377844335,21.88
721,1377844340,21.87
721,1377844345,21.87
721,1377844350,21.86
721,1377844355,21.87
721,1377844360,21.87
721,1377844365,21.87
721,1377844370,21.87
721,1377844375,21.87
721,1377844380,21.88
721,1377844385,21.86
721,1377844390,21.88
721,1377844395,21.87
721,1377844400,21.86
721,1377844405,21.87
721,1377844410,21.86
721,1377844415,21.86
721,1377844420,21.87
721,1377844425,21.86
721,1377844430,21.86
721,1377844435,21.86
721,1377844440,21.86
721,1377844445,21.86
721,1377844450,21.85
721,1377844455,21.85
721,1377844460,21.85
721,1377844465,21.86
721,1377844470,21.85
721,1377844475,21.85
721,1377844480,21.85
721,1377844485,21.84
721,1377844490,21.86
721,1377844495,21.85
721,1377844500,21.86
721,1377844505,21.84
721,1377844510,21.85
721,1377844515,21.86
721,1377844520,21.87
721,1377844525,21.85
721,1377844530,21.85
721,1377844535,21.86
721,1377844540,21.84
721,1377844545,21.85
721,1377844550,21.84
721,1377844555,21.84
721,1377844560,21.84
721,1377844565,21.85
721,1377844570,21.84
721,1377844575,21.84
721,1377844580,21.84
721,1377844585,21.84
721,1377844590,21.85
721,1377844595,21.85
721,1377844600,21.86
721,1377844605,21.85
721,1377844610,21.84
721,1377844615,21.85
721,1377844620,21.84
721,1377844625,21.85
721,1377844630,21.84
721,1377844635,21.84
721,1377844640,21.84
721,1377844645,21.83
721,1377844650,21.84
721,1377844655,21.84
721,1377844660,21.84
721,1377844665,21.83
721,1377844670,21.83
721,1377844675,21.83
721,1377844680,21.83
721,1377844685,21.84
721,1377844690,21.83
721,1377844695,21.84
721,1377844700,21.84
721,1377844705,21.84
721,1377844710,21.85
721,1377844715,21.83
721,1377844720,21.83
721,1377844725,21.83
721,1377844730,21.82
721,1377844735,21.82
721,1377844740,21.82
721,1377844745,21.82
721,1377844750,21.84
721,1377844755,21.84
721,1377844760,21.84
721,1377844765,21.82
721,1377844770,21.84
721,1377844775,21.83
721,1377844780,21.83
721,1377844785,21.82
721,1377844790,21.83
721,1377844795,21.83
721,1377844800,21.82
721,1377844805,21.83
721,1377844810,21.82
721,1377844815,21.81
721,1377844820,21.82
721,1377844825,21.81
721,1377844830,21.82
721,1377844835,21.81
721,1377844840,21.82
721,1377844845,21.81
721,1377844850,21.82
721,1377844855,21.81
721,1377844860,21.82
721,1377844865,21.81
721,1377844870,21.82
721,1377844875,21.81
721,1377844880,21.8
721,1377844885,21.82
721,1377844890,21.81
721,1377844895,21.82
721,1377844900,21.82
721,1377844905,21.82
721,1377844910,21.8
721,1377844915,21.8
721,1377844920,21.8
721,1377844925,21.81
721,1377844930,21.81
721,1377844935,21.81
721,1377844940,21.81
721,1377844945,21.81
721,1377844950,21.81
721,1377844955,21.81
721,1377844960,21.8
721,1377844965,21.8
721,1377844970,21.8
721,1377844975,21.8
721,1377844980,21.8
721,1377844985,21.8
721,1377844990,21.8
721,1377844995,21.8
721,1377845000,21.8
721,1377845005,21.79
721,1377845010,21.8
721,1377845015,21.8
721,1377845020,21.79
721,1377845025,21.8
721,1377845030,21.78
721,1377845035,21.79
721,1377845040,21.79
721,1377845045,21.79
721,1377845050,21.8
721,1377845055,21.79
721,1377845060,21.78
721,1377845065,21.8
721,1377845070,21.79
721,1377845075,21.81
721,1377845080,21.8
721,1377845085,21.78
721,1377845090,21.79
721,1377845095,21.8
721,1377845100,21.79
721,1377845105,21.8
721,1377845110,21.8
721,1377845115,21.78
721,1377845120,21.8
721,1377845125,21.8
721,1377845130,21.8
721,1377845135,21.8
721,1377845140,21.8
721,1377845145,21.8
721,1377845150,21.79
721,1377845155,21.78
721,1377845160,21.79
721,1377845165,21.78
721,1377845170,21.79
721,1377845175,21.78
721,1377845180,21.78
721,1377845185,21.79
721,1377845190,21.78
721,1377845195,21.78
721,1377845200,21.77
721,1377845205,21.78
721,1377845210,21.78
721,1377845215,21.77
721,1377845220,21.78
721,1377845225,21.78
721,1377845230,21.78
721,1377845235,21.78
721,1377845240,21.77
721,1377845245,21.77
721,1377845250,21.77
721,1377845255,21.77
721,1377845260,21.78
721,1377845265,21.76
721,1377845270,21.77
721,1377845275,21.78
721,1377845280,21.77
721,1377845285,21.78
721,1377845290,21.77
721,1377845295,21.78
721,1377845300,21.76
721,1377845305,21.77
721,1377845310,21.76
721,1377845315,21.77
721,1377845320,21.77
721,1377845325,21.76
721,1377845330,21.76
721,1377845335,21.76
721,1377845340,21.75
721,1377845345,21.76
721,1377845350,21.77
721,1377845355,21.76
721,1377845360,21.76
721,1377845365,21.76
721,1377845370,21.76
721,1377845375,21.78
721,1377845380,21.77
721,1377845385,21.76
721,1377845390,21.76
721,1377845395,21.77
721,1377845400,21.76
721,1377845405,21.77
721,1377845410,21.77
721,1377845415,21.76
721,1377845420,21.76
721,1377845425,21.76
721,1377845430,21.76
721,1377845435,21.76
721,1377845440,21.76
721,1377845445,21.76
721,1377845450,21.76
721,1377845455,21.77
721,1377845460,21.75
721,1377845465,21.76
721,1377845470,21.76
721,1377845475,21.76
721,1377845480,21.75
721,1377845485,21.76
721,1377845490,21.76
721,1377845495,21.76
721,1377845500,21.75
721,1377845507,21.76
721,1377845510,21.75
721,1377845515,21.75
721,1377845520,21.76
721,1377845525,21.76
721,1377845530,21.75
721,1377845535,21.75
721,1377845540,21.75
721,1377845545,21.75
721,1377845550,21.75
721,1377845555,21.75
721,1377845560,21.75
721,1377845565,21.76
721,1377845570,21.75
721,1377845575,21.75
721,1377845580,21.75
721,1377845585,21.75
721,1377845590,21.75
721,1377845595,21.74
721,1377845600,21.74
721,1377845605,21.75
721,1377845610,21.75
721,1377845615,21.74
721,1377845620,21.74
721,1377845625,21.74
721,1377845630,21.74
721,1377845635,21.74
721,1377845640,21.75
721,1377845645,21.73
721,1377845650,21.73
721,1377845655,21.74
721,1377845660,21.73
721,1377845665,21.74
721,1377845670,21.73
721,1377845675,21.74
721,1377845680,21.74
721,1377845685,21.73
721,1377845690,21.73
721,1377845695,21.74
721,1377845700,21.73
721,1377845705,21.73
721,1377845710,21.73
721,1377845715,21.74
721,1377845720,21.73
721,1377845725,21.73
721,1377845730,21.73
721,1377845735,21.73
721,1377845740,21.73
721,1377845745,21.73
721,1377845750,21.73
721,1377845755,21.72
721,1377845760,21.74
721,1377845765,21.73
721,1377845770,21.72
721,1377845775,21.73
721,1377845780,21.73
721,1377845785,21.72
721,1377845790,21.71
721,1377845795,21.72
721,1377845800,21.72
721,1377845805,21.72
721,1377845810,21.71
721,1377845815,21.74
721,1377845820,21.73
721,1377845825,21.72
721,1377845830,21.72
721,1377845835,21.73
721,1377845840,21.72
721,1377845845,21.73
721,1377845850,21.73
721,1377845855,21.73
721,1377845860,21.72
721,1377845865,21.72
721,1377845870,21.71
721,1377845875,21.73
721,1377845880,21.72
721,1377845885,21.72
721,1377845890,21.73
721,1377845895,21.71
721,1377845900,21.72
721,1377845905,21.72
721,1377845910,21.72
721,1377845915,21.73
721,1377845920,21.71
721,1377845925,21.72
721,1377845930,21.72
721,1377845935,21.72
721,1377845940,21.72
721,1377845945,21.72
721,1377845950,21.72
721,1377845955,21.71
721,1377845960,21.71
721,1377845965,21.72
721,1377845970,21.71
721,1377845975,21.7
721,1377845980,21.71
721,1377845985,21.71
721,1377845990,21.7
721,1377845995,21.71
721,1377846000,21.7
721,1377846005,21.7
721,1377846010,21.72
721,1377846015,21.7
721,1377846020,21.71
721,1377846025,21.7
721,1377846030,21.7
721,1377846035,21.71
721,1377846040,21.7
721,1377846045,21.7
721,1377846050,21.7
721,1377846055,21.7
721,1377846060,21.68
721,1377846065,21.7
721,1377846070,21.7
721,1377846075,21.71
721,1377846080,21.7
721,1377846085,21.71
721,1377846090,21.69
721,1377846095,21.7
721,1377846100,21.71
721,1377846105,21.7
721,1377846110,21.7
721,1377846115,21.7
721,1377846120,21.7
721,1377846125,21.71
721,1377846130,21.71
721,1377846135,21.7
721,1377846140,21.68
721,1377846145,21.69
721,1377846150,21.69
721,1377846155,21.7
721,1377846160,21.69
721,1377846165,21.7
721,1377846170,21.7
721,1377846175,21.7
721,1377846180,21.7
721,1377846185,21.7
721,1377846190,21.72
721,1377846195,21.7
721,1377846200,21.7
721,1377846205,21.7
721,1377846210,21.7
721,1377846215,21.7
721,1377846220,21.7
721,1377846225,21.7
721,1377846230,21.69
721,1377846235,21.7
721,1377846240,21.71
721,1377846245,21.72
721,1377846250,21.7
721,1377846255,21.7
721,1377846260,21.7
721,1377846265,21.7
721,1377846270,21.7
721,1377846275,21.69
721,1377846280,21.7
721,1377846285,21.69
721,1377846290,21.69
721,1377846295,21.7
721,1377846300,21.7
721,1377846305,21.7
721,1377846310,21.7
721,1377846315,21.71
721,1377846320,21.69
721,1377846325,21.7
721,1377846330,21.69
721,1377846335,21.69
721,1377846340,21.69
721,1377846345,21.7
721,1377846350,21.69
721,1377846355,21.69
721,1377846360,21.7
721,1377846365,21.69
721,1377846370,21.7
721,1377846375,21.69
721,1377846380,21.69
721,1377846385,21.69
721,1377846390,21.69
721,1377846395,21.68
721,1377846400,21.68
721,1377846405,21.68
721,1377846410,21.68
721,1377846415,21.7
721,1377846420,21.68
721,1377846425,21.69
721,1377846430,21.69
721,1377846435,21.68
721,1377846440,21.69
721,1377846445,21.68
721,1377846450,21.69
721,1377846455,21.68
721,1377846460,21.68
721,1377846465,21.68
721,1377846470,21.68
721,1377846475,21.68
721,1377846480,21.68
721,1377846485,21.68
721,1377846490,21.68
721,1377846495,21.68
721,1377846500,21.68
721,1377846505,21.68
721,1377846510,21.67
721,1377846515,21.67
721,1377846520,21.67
721,1377846525,21.68
721,1377846530,21.68
721,1377846535,21.67
721,1377846540,21.68
721,1377846545,21.68
721,1377846550,21.67
721,1377846555,21.67
721,1377846560,21.68
721,1377846565,21.67
721,1377846570,21.67
721,1377846575,21.67
721,1377846580,21.67
721,1377846585,21.66
721,1377846590,21.68
721,1377846595,21.68
721,1377846600,21.66
721,1377846605,21.67
721,1377846610,21.67
721,1377846615,21.67
721,1377846620,21.66
721,1377846625,21.66
721,1377846630,21.67
721,1377846635,21.66
721,1377846640,21.66
721,1377846645,21.67
721,1377846650,21.67
721,1377846655,21.66
721,1377846660,21.68
721,1377846665,21.67
721,1377846670,21.66
721,1377846675,21.66
721,1377846680,21.66
721,1377846685,21.66
721,1377846690,21.67
721,1377846695,21.66
721,1377846700,21.66
721,1377846705,21.66
721,1377846710,21.65
721,1377846715,21.66
721,1377846720,21.67
721,1377846725,21.66
721,1377846730,21.66
721,1377846735,21.66
721,1377846740,21.66
721,1377846745,21.66
721,1377846750,21.66
721,1377846755,21.66
721,1377846760,21.66
721,1377846765,21.66
721,1377846770,21.64
721,1377846775,21.66
721,1377846780,21.66
721,1377846785,21.65
721,1377846790,21.66
721,1377846795,21.65
721,1377846800,21.65
721,1377846805,21.66
721,1377846810,21.64
721,1377846815,21.66
721,1377846820,21.65
721,1377846825,21.66
721,1377846830,21.66
721,1377846835,21.65
721,1377846840,21.66
721,1377846845,21.66
721,1377846850,21.66
721,1377846855,21.65
721,1377846860,21.66
721,1377846865,21.66
721,1377846870,21.65
721,1377846875,21.64
721,1377846880,21.64
721,1377846885,21.64
721,1377846890,21.66
721,1377846895,21.64
721,1377846900,21.65
721,1377846905,21.64
721,1377846910,21.64
721,1377846915,21.64
721,1377846920,21.65
721,1377846925,21.64
721,1377846930,21.64
721,1377846935,21.64
721,1377846940,21.64
721,1377846945,21.64
721,1377846950,21.65
721,1377846955,21.64
721,1377846960,21.64
721,1377846965,21.64
721,1377846970,21.64
721,1377846975,21.64
721,1377846980,21.63
721,1377846985,21.63
721,1377846990,21.63
721,1377846995,21.64
721,1377847000,21.64
721,1377847005,21.64
721,1377847010,21.64
721,1377847015,21.63
721,1377847020,21.63
721,1377847025,21.64
721,1377847030,21.64
721,1377847035,21.63
721,1377847040,21.63
721,1377847045,21.63
721,1377847050,21.64
721,1377847055,21.64
721,1377847060,21.64
721,1377847065,21.63
721,1377847070,21.63
721,1377847075,21.62
721,1377847080,21.63
721,1377847085,21.64
721,1377847090,21.63
721,1377847095,21.63
721,1377847100,21.63
721,1377847105,21.62
721,1377847110,21.62
721,1377847115,21.63
721,1377847120,21.62
721,1377847125,21.64
721,1377847130,21.63
721,1377847135,21.62
721,1377847140,21.62
721,1377847145,21.62
721,1377847150,21.63
721,1377847155,21.62
721,1377847160,21.62
721,1377847165,21.63
721,1377847170,21.63
721,1377847175,21.62
721,1377847180,21.63
721,1377847185,21.63
721,1377847190,21.63
721,1377847195,21.61
721,1377847200,21.63
721,1377847205,21.62
721,1377847210,21.62
721,1377847215,21.62
721,1377847220,21.63
721,1377847225,21.62
721,1377847230,21.61
721,1377847235,21.62
721,1377847240,21.62
721,1377847245,21.62
721,1377847250,21.62
721,1377847255,21.62
721,1377847260,21.62
721,1377847265,21.62
721,1377847270,21.61
721,1377847275,21.62
721,1377847280,21.62
721,1377847285,21.62
721,1377847290,21.62
721,1377847295,21.62
721,1377847300,21.61
721,1377847305,21.62
721,1377847310,21.61
721,1377847315,21.61
721,1377847320,21.61
721,1377847325,21.6
721,1377847330,21.61
721,1377847335,21.6
721,1377847340,21.6
721,1377847345,21.6
721,1377847350,21.6
721,1377847355,21.61
721,1377847360,21.6
721,1377847365,21.6
721,1377847370,21.6
721,1377847375,21.6
721,1377847380,21.6
721,1377847385,21.6
721,1377847390,21.6
721,1377847395,21.6
721,1377847400,21.6
721,1377847405,21.6
721,1377847410,21.61
721,1377847415,21.61
721,1377847420,21.61
721,1377847425,21.6
721,1377847430,21.59
721,1377847435,21.6
721,1377847440,21.6
721,1377847445,21.6
721,1377847450,21.6
721,1377847455,21.61
721,1377847460,21.6
721,1377847465,21.59
721,1377847470,21.62
721,1377847475,21.6
721,1377847480,21.59
721,1377847485,21.59
721,1377847490,21.59
721,1377847495,21.6
721,1377847500,21.6
721,1377847505,21.59
721,1377847510,21.59
721,1377847515,21.59
721,1377847520,21.61
721,1377847525,21.6
721,1377847530,21.6
721,1377847535,21.6
721,1377847540,21.6
721,1377847545,21.6
721,1377847550,21.6
721,1377847555,21.59
721,1377847560,21.6
721,1377847565,21.59
721,1377847570,21.6
721,1377847575,21.6
721,1377847580,21.6
721,1377847585,21.6
721,1377847590,21.59
721,1377847595,21.6
721,1377847600,21.59
721,1377847605,21.59
721,1377847610,21.6
721,1377847615,21.6
721,1377847620,21.6
721,1377847625,21.59
721,1377847630,21.59
721,1377847635,21.59
721,1377847640,21.6
721,1377847645,21.6
721,1377847650,21.59
721,1377847655,21.59
721,1377847660,21.59
721,1377847665,21.59
721,1377847670,21.6
721,1377847675,21.6
721,1377847680,21.6
721,1377847685,21.6
721,1377847690,21.6
721,1377847695,21.59
721,1377847700,21.6
721,1377847705,21.6
721,1377847710,21.59
721,1377847715,21.59
721,1377847720,21.6
721,1377847725,21.58
721,1377847730,21.6
721,1377847735,21.61
721,1377847740,21.6
721,1377847745,21.59
721,1377847750,21.61
721,1377847755,21.61
721,1377847760,21.6
721,1377847765,21.6
721,1377847770,21.6
721,1377847775,21.58
721,1377847780,21.6
721,1377847785,21.59
721,1377847790,21.6
721,1377847795,21.6
721,1377847800,21.59
721,1377847805,21.59
721,1377847810,21.59
721,1377847814,21.58
721,1377847820,21.59
721,1377847825,21.59
721,1377847830,21.58
721,1377847835,21.59
721,1377847840,21.59
721,1377847845,21.59
721,1377847850,21.58
721,1377847855,21.58
721,1377847860,21.58
721,1377847865,21.59
721,1377847870,21.58
721,1377847875,21.58
721,1377847880,21.58
721,1377847885,21.59
721,1377847890,21.58
721,1377847895,21.58
721,1377847900,21.57
721,1377847905,21.58
721,1377847910,21.59
721,1377847915,21.58
721,1377847920,21.57
721,1377847925,21.58
721,1377847930,21.58
721,1377847935,21.57
721,1377847940,21.58
721,1377847945,21.58
721,1377847950,21.58
721,1377847955,21.57
721,1377847960,21.57
721,1377847965,21.58
721,1377847970,21.59
721,1377847975,21.59
721,1377847980,21.57
721,1377847985,21.57
721,1377847990,21.58
721,1377847995,21.57
721,1377848000,21.56
721,1377848005,21.57
721,1377848010,21.58
721,1377848015,21.58
721,1377848020,21.57
721,1377848025,21.59
721,1377848030,21.58
721,1377848035,21.58
721,1377848040,21.56
721,1377848045,21.58
721,1377848050,21.57
721,1377848055,21.58
721,1377848060,21.58
721,1377848065,21.57
721,1377848070,21.58
721,1377848075,21.57
721,1377848081,21.59
721,1377848085,21.58
721,1377848090,21.58
721,1377848095,21.58
721,1377848100,21.57
721,1377848105,21.58
721,1377848110,21.58
721,1377848115,21.58
721,1377848120,21.58
721,1377848125,21.57
721,1377848130,21.56
721,1377848135,21.57
721,1377848140,21.57
721,1377848145,21.58
721,1377848150,21.58
721,1377848155,21.57
721,1377848160,21.57
721,1377848164,21.58
721,1377848170,21.58
721,1377848175,21.57
721,1377848180,21.57
721,1377848185,21.56
721,1377848190,21.57
721,1377848195,21.57
721,1377848200,21.57
721,1377848205,21.57
721,1377848210,21.56
721,1377848215,21.58
721,1377848220,21.58
721,1377848225,21.56
721,1377848230,21.56
721,1377848235,21.57
721,1377848240,21.57
721,1377848245,21.58
721,1377848250,21.57
721,1377848255,21.57
721,1377848260,21.57
721,1377848265,21.57
721,1377848270,21.56
721,1377848275,21.56
721,1377848280,21.56
721,1377848285,21.57
721,1377848290,21.57
721,1377848295,21.56
721,1377848300,21.56
721,1377848305,21.57
721,1377848310,21.56
721,1377848315,21.57
721,1377848320,21.56
721,1377848325,21.57
721,1377848330,21.57
721,1377848335,21.55
721,1377848340,21.56
721,1377848345,21.56
721,1377848350,21.56
721,1377848355,21.56
721,1377848360,21.56
721,1377848365,21.56
721,1377848370,21.55
721,1377848375,21.56
721,1377848380,21.56
721,1377848385,21.56
721,1377848390,21.56
721,1377848395,21.55
721,1377848400,21.55
721,1377848405,21.56
721,1377848410,21.56
721,1377848415,21.57
721,1377848420,21.55
721,1377848425,21.55
721,1377848430,21.54
721,1377848435,21.54
721,1377848440,21.55
721,1377848445,21.54
721,1377848450,21.55
721,1377848455,21.54
721,1377848460,21.55
721,1377848465,21.55
721,1377848470,21.55
721,1377848475,21.55
721,1377848480,21.55
721,1377848485,21.55
721,1377848490,21.54
721,1377848495,21.54
721,1377848500,21.55
721,1377848506,21.54
721,1377848510,21.55
721,1377848515,21.55
721,1377848520,21.54
721,1377848525,21.54
721,1377848530,21.53
721,1377848535,21.54
721,1377848540,21.53
721,1377848545,21.54
721,1377848550,21.54
721,1377848555,21.54
721,1377848560,21.54
721,1377848565,21.53
721,1377848570,21.55
721,1377848575,21.54
721,1377848580,21.54
721,1377848585,21.54
721,1377848590,21.53
721,1377848595,21.54
721,1377848600,21.54
721,1377848605,21.54
721,1377848610,21.53
721,1377848615,21.54
721,1377848620,21.54
721,1377848625,21.53
721,1377848630,21.54
721,1377848635,21.53
721,1377848640,21.54
721,1377848645,21.54
721,1377848650,21.52
721,1377848655,21.54
721,1377848660,21.54
721,1377848665,21.54
721,1377848670,21.54
721,1377848674,21.53
721,1377848680,21.52
721,1377848685,21.54
721,1377848690,21.54
721,1377848695,21.52
721,1377848700,21.52
721,1377848705,21.52
721,1377848710,21.53
721,1377848715,21.53
721,1377848720,21.53
721,1377848725,21.52
721,1377848730,21.53
721,1377848735,21.52
721,1377848740,21.53
721,1377848745,21.52
721,1377848750,21.53
721,1377848754,21.52
721,1377848760,21.52
721,1377848765,21.52
721,1377848770,21.52
721,1377848775,21.52
721,1377848780,21.53
721,1377848785,21.52
721,1377848790,21.53
721,1377848795,21.52
721,1377848800,21.52
721,1377848805,21.51
721,1377848810,21.52
721,1377848815,21.52
721,1377848820,21.52
721,1377848825,21.52
721,1377848830,21.51
721,1377848835,21.51
721,1377848840,21.52
721,1377848845,21.52
721,1377848850,21.51
721,1377848855,21.5
721,1377848860,21.51
721,1377848864,21.51
721,1377848870,21.51
721,1377848875,21.52
721,1377848880,21.52
721,1377848885,21.51
721,1377848890,21.51
721,1377848895,21.52
721,1377848900,21.52
721,1377848905,21.52
721,1377848910,21.52
721,1377848915,21.53
721,1377848920,21.52
721,1377848925,21.52
721,1377848930,21.51
721,1377848935,21.5
721,1377848940,21.5
721,1377848945,21.51
721,1377848950,21.51
721,1377848955,21.51
721,1377848960,21.51
721,1377848965,21.51
721,1377848970,21.51
721,1377848975,21.51
721,1377848980,21.5
721,1377848984,21.5
721,1377848990,21.5
721,1377848995,21.51
721,1377849000,21.5
721,1377849004,21.5
721,1377849010,21.5
721,1377849015,21.52
721,1377849020,21.5
721,1377849024,21.5
721,1377849030,21.5
721,1377849035,21.5
721,1377849040,21.52
721,1377849045,21.51
721,1377849050,21.5
721,1377849055,21.5
721,1377849060,21.5
721,1377849065,21.5
721,1377849070,21.5
721,1377849075,21.5
721,1377849080,21.5
721,1377849085,21.51
721,1377849090,21.5
721,1377849095,21.49
721,1377849100,21.51
721,1377849104,21.49
721,1377849110,21.5
721,1377849115,21.49
721,1377849120,21.51
721,1377849125,21.48
721,1377849130,21.49
721,1377849135,21.5
721,1377849140,21.49
721,1377849145,21.49
721,1377849150,21.49
721,1377849155,21.5
721,1377849160,21.49
721,1377849165,21.48
721,1377849170,21.49
721,1377849175,21.48
721,1377849180,21.49
721,1377849185,21.49
721,1377849190,21.49
721,1377849195,21.49
721,1377849200,21.5
721,1377849206,21.48
721,1377849210,21.49
721,1377849215,21.48
721,1377849220,21.49
721,1377849225,21.5
721,1377849230,21.49
721,1377849235,21.49
721,1377849240,21.49
721,1377849245,21.49
721,1377849250,21.49
721,1377849255,21.49
721,1377849260,21.5
721,1377849265,21.48
721,1377849270,21.5
721,1377849275,21.49
721,1377849280,21.49
721,1377849285,21.5
721,1377849290,21.5
721,1377849295,21.48
721,1377849300,21.48
721,1377849305,21.48
721,1377849310,21.49
721,1377849315,21.49
721,1377849320,21.49
721,1377849325,21.49
721,1377849330,21.49
721,1377849335,21.48
721,1377849340,21.49
721,1377849345,21.48
721,1377849350,21.5
721,1377849355,21.5
721,1377849360,21.49
721,1377849365,21.5
721,1377849370,21.49
721,1377849375,21.5
721,1377849380,21.5
721,1377849385,21.5
721,1377849390,21.49
721,1377849395,21.5
721,1377849400,21.5
721,1377849405,21.51
721,1377849410,21.5
721,1377849415,21.5
721,1377849420,21.49
721,1377849425,21.5
721,1377849430,21.5
721,1377849435,21.5
721,1377849440,21.49
721,1377849445,21.5
721,1377849450,21.49
721,1377849455,21.49
721,1377849460,21.49
721,1377849465,21.49
721,1377849470,21.48
721,1377849475,21.5
721,1377849480,21.49
721,1377849485,21.5
721,1377849490,21.49
721,1377849495,21.49
721,1377849500,21.48
721,1377849505,21.49
721,1377849510,21.49
721,1377849515,21.49
721,1377849520,21.49
721,1377849525,21.49
721,1377849530,21.49
721,1377849535,21.49
721,1377849540,21.48
721,1377849545,21.49
721,1377849550,21.48
721,1377849555,21.48
721,1377849560,21.49
721,1377849565,21.49
721,1377849570,21.48
721,1377849575,21.49
721,1377849580,21.48
721,1377849585,21.48
721,1377849590,21.48
721,1377849595,21.49
721,1377849600,21.48
721,1377849605,21.48
721,1377849610,21.48
721,1377849615,21.48
721,1377849620,21.48
721,1377849625,21.48
721,1377849630,21.48
721,1377849635,21.48
721,1377849640,21.47
721,1377849645,21.49
721,1377849650,21.48
721,1377849655,21.48
721,1377849660,21.48
721,1377849665,21.48
721,1377849670,21.49
721,1377849675,21.47
721,1377849680,21.47
721,1377849685,21.48
721,1377849690,21.48
721,1377849695,21.48
721,1377849700,21.47
721,1377849705,21.47
721,1377849710,21.46
721,1377849715,21.47
721,1377849720,21.46
721,1377849725,21.47
721,1377849730,21.47
721,1377849735,21.47
721,1377849740,21.48
721,1377849745,21.46
721,1377849750,21.47
721,1377849755,21.47
721,1377849760,21.46
721,1377849765,21.46
721,1377849770,21.46
721,1377849775,21.47
721,1377849780,21.47
721,1377849785,21.46
721,1377849790,21.46
721,1377849795,21.46
721,1377849800,21.46
721,1377849805,21.46
721,1377849810,21.46
721,1377849815,21.46
721,1377849820,21.47
721,1377849825,21.46
721,1377849830,21.46
721,1377849835,21.46
721,1377849840,21.47
721,1377849845,21.47
721,1377849850,21.46
721,1377849855,21.46
721,1377849860,21.46
721,1377849865,21.45
721,1377849870,21.44
721,1377849875,21.46
721,1377849880,21.46
721,1377849885,21.47
721,1377849890,21.45
721,1377849895,21.45
721,1377849900,21.45
721,1377849905,21.45
721,1377849910,21.45
721,1377849915,21.46
721,1377849920,21.45
721,1377849925,21.46
721,1377849930,21.46
721,1377849935,21.46
721,1377849940,21.45
721,1377849945,21.45
721,1377849950,21.45
721,1377849955,21.45
721,1377849960,21.46
721,1377849965,21.45
721,1377849970,21.46
721,1377849975,21.45
721,1377849980,21.44
721,1377849985,21.44
721,1377849990,21.45
721,1377849995,21.44
721,1377850000,21.45
721,1377850005,21.46
721,1377850010,21.46
721,1377850015,21.46
721,1377850020,21.46
721,1377850025,21.46
721,1377850030,21.46
721,1377850035,21.46
721,1377850040,21.45
721,1377850045,21.45
721,1377850050,21.44
721,1377850055,21.46
721,1377850060,21.44
721,1377850065,21.45
721,1377850070,21.45
721,1377850075,21.44
721,1377850080,21.45
721,1377850085,21.44
721,1377850090,21.45
721,1377850095,21.44
721,1377850100,21.44
721,1377850105,21.45
721,1377850110,21.45
721,1377850115,21.45
721,1377850120,21.45
721,1377850125,21.45
721,1377850130,21.45
721,1377850135,21.44
721,1377850140,21.44
721,1377850145,21.44
721,1377850150,21.44
721,1377850155,21.44
721,1377850160,21.44
721,1377850165,21.44
721,1377850169,21.43
721,1377850175,21.43
721,1377850180,21.43
721,1377850185,21.44
721,1377850189,21.44
721,1377850195,21.44
721,1377850200,21.44
721,1377850204,21.44
721,1377850210,21.44
721,1377850214,21.43
721,1377850220,21.43
721,1377850225,21.44
721,1377850230,21.43
721,1377850235,21.43
721,1377850240,21.44
721,1377850244,21.43
721,1377850250,21.44
721,1377850255,21.43
721,1377850260,21.43
721,1377850265,21.43
721,1377850270,21.43
721,1377850274,21.42
721,1377850280,21.42
721,1377850285,21.43
721,1377850290,21.43
721,1377850294,21.44
721,1377850300,21.42
721,1377850305,21.42
721,1377850310,21.44
721,1377850314,21.43
721,1377850319,21.42
721,1377850325,21.43
721,1377850330,21.44
721,1377850335,21.42
721,1377850340,21.42
721,1377850344,21.42
721,1377850349,21.43
721,1377850355,21.42
721,1377850360,21.41
721,1377850364,21.42
721,1377850369,21.43
721,1377850374,21.42
721,1377850380,21.42
721,1377850385,21.42
721,1377850390,21.41
721,1377850394,21.42
721,1377850399,21.41
721,1377850405,21.42
721,1377850410,21.41
721,1377850415,21.42
721,1377850419,21.42
721,1377850425,21.42
721,1377850429,21.41
721,1377850434,21.41
721,1377850440,21.4
721,1377850445,21.42
721,1377850449,21.42
721,1377850454,21.41
721,1377850459,21.41
721,1377850464,21.41
721,1377850469,21.4
721,1377850475,21.42
721,1377850479,21.42
721,1377850484,21.41
721,1377850489,21.4
721,1377850495,21.41
721,1377850500,21.41
721,1377850504,21.41
721,1377850510,21.41
721,1377850514,21.4
721,1377850519,21.41
721,1377850524,21.41
721,1377850530,21.41
721,1377850535,21.4
721,1377850539,21.42
721,1377850544,21.41
721,1377850549,21.42
721,1377850555,21.4
721,1377850559,21.4
721,1377850565,21.39
721,1377850569,21.4
721,1377850574,21.4
721,1377850579,21.4
721,1377850585,21.41
721,1377850590,21.41
721,1377850595,21.41
721,1377850599,21.4
721,1377850604,21.4
721,1377850610,21.4
721,1377850614,21.39
721,1377850619,21.4
721,1377850625,21.4
721,1377850629,21.41
721,1377850635,21.4
721,1377850639,21.4
721,1377850644,21.4
721,1377850649,21.4
721,1377850654,21.4
721,1377850659,21.4
721,1377850664,21.39
721,1377850669,21.39
721,1377850674,21.4
721,1377850679,21.4
721,1377850684,21.4
721,1377850689,21.4
721,1377850696,21.4
721,1377850699,21.39
721,1377850704,21.4
721,1377850709,21.39
721,1377850714,21.4
721,1377850719,21.39
721,1377850725,21.4
721,1377850729,21.4
721,1377850734,21.4
721,1377850739,21.4
721,1377850745,21.4
721,1377850750,21.4
721,1377850754,21.39
721,1377850759,21.39
721,1377850764,21.4
721,1377850769,21.4
721,1377850774,21.4
721,1377850779,21.4
721,1377850784,21.4
721,1377850789,21.39
721,1377850794,21.39
721,1377850799,21.39
721,1377850804,21.4
721,1377850809,21.4
721,1377850814,21.4
721,1377850819,21.39
721,1377850824,21.38
721,1377850829,21.4
721,1377850834,21.39
721,1377850839,21.4
721,1377850844,21.4
721,1377850849,21.39
721,1377850854,21.4
721,1377850859,21.39
721,1377850864,21.4
721,1377850869,21.39
721,1377850874,21.38
721,1377850879,21.4
721,1377850884,21.4
721,1377850889,21.37
721,1377850894,21.39
721,1377850900,21.39
721,1377850904,21.4
721,1377850909,21.4
721,1377850914,21.39
721,1377850919,21.39
721,1377850924,21.4
721,1377850929,21.39
721,1377850934,21.38
721,1377850939,21.4
721,1377850944,21.39
721,1377850949,21.4
721,1377850954,21.38
721,1377850959,21.39
721,1377850964,21.4
721,1377850969,21.38
721,1377850974,21.39
721,1377850979,21.4
721,1377850984,21.38
721,1377850989,21.39
721,1377850994,21.39
721,1377850999,21.38
721,1377851004,21.38
721,1377851009,21.39
721,1377851014,21.39
721,1377851019,21.39
721,1377851024,21.39
721,1377851029,21.38
721,1377851034,21.4
721,1377851039,21.39
721,1377851044,21.39
721,1377851049,21.39
721,1377851054,21.38
721,1377851059,21.38
721,1377851064,21.39
721,1377851069,21.39
721,1377851074,21.39
721,1377851079,21.4
721,1377851084,21.38
721,1377851089,21.39
721,1377851094,21.39
721,1377851099,21.38
721,1377851104,21.39
721,1377851109,21.39
721,1377851114,21.38
721,1377851119,21.38
721,1377851124,21.39
721,1377851129,21.39
721,1377851134,21.39
721,1377851139,21.39
721,1377851144,21.38
721,1377851149,21.39
721,1377851154,21.39
721,1377851159,21.39
721,1377851164,21.38
721,1377851169,21.38
721,1377851174,21.38
721,1377851179,21.39
721,1377851184,21.39
721,1377851189,21.4
721,1377851194,21.4
721,1377851199,21.39
721,1377851205,21.39
721,1377851209,21.38
721,1377851214,21.38
721,1377851219,21.39
721,1377851224,21.39
721,1377851229,21.4
721,1377851234,21.38
721,1377851239,21.4
721,1377851244,21.37
721,1377851249,21.39
721,1377851254,21.38
721,1377851259,21.38
721,1377851264,21.39
721,1377851269,21.38
721,1377851274,21.38
721,1377851279,21.38
721,1377851284,21.38
721,1377851289,21.37
721,1377851294,21.38
721,1377851299,21.38
721,1377851304,21.37
721,1377851309,21.38
721,1377851314,21.37
721,1377851319,21.38
721,1377851324,21.37
721,1377851329,21.38
721,1377851334,21.37
721,1377851339,21.38
721,1377851344,21.36
721,1377851349,21.36
721,1377851354,21.37
721,1377851359,21.37
721,1377851364,21.36
721,1377851369,21.36
721,1377851374,21.36
721,1377851379,21.37
721,1377851384,21.36
721,1377851390,21.36
721,1377851395,21.38
721,1377851399,21.36
721,1377851404,21.36
721,1377851409,21.36
721,1377851414,21.36
721,1377851419,21.37
721,1377851425,21.36
721,1377851429,21.36
721,1377851434,21.36
721,1377851439,21.36
721,1377851444,21.36
721,1377851449,21.36
721,1377851456,21.35
721,1377851459,21.35
721,1377851464,21.35
721,1377851469,21.35
721,1377851474,21.36
721,1377851479,21.36
721,1377851484,21.36
721,1377851489,21.36
721,1377851494,21.35
721,1377851499,21.37
721,1377851504,21.35
721,1377851510,21.36
721,1377851514,21.35
721,1377851519,21.36
721,1377851524,21.36
721,1377851529,21.35
721,1377851534,21.36
721,1377851539,21.36
721,1377851544,21.37
721,1377851549,21.36
721,1377851554,21.36
721,1377851559,21.36
721,1377851564,21.37
721,1377851569,21.36
721,1377851574,21.36
721,1377851579,21.36
721,1377851584,21.36
721,1377851589,21.36
721,1377851594,21.36
721,1377851599,21.36
721,1377851604,21.35
721,1377851609,21.35
721,1377851614,21.37
721,1377851619,21.35
721,1377851624,21.36
721,1377851629,21.36
721,1377851634,21.36
721,1377851639,21.36
721,1377851644,21.36
721,1377851649,21.37
721,1377851654,21.35
721,1377851659,21.36
721,1377851664,21.36
721,1377851669,21.35
721,1377851674,21.36
721,1377851679,21.36
721,1377851684,21.36
721,1377851689,21.36
721,1377851694,21.36
721,1377851699,21.36
721,1377851704,21.36
721,1377851709,21.36
721,1377851714,21.36
721,1377851719,21.36
721,1377851724,21.34
721,1377851729,21.36
721,1377851734,21.36
721,1377851739,21.36
721,1377851744,21.36
721,1377851749,21.37
721,1377851754,21.37
721,1377851759,21.35
721,1377851764,21.37
721,1377851769,21.36
721,1377851774,21.35
721,1377851779,21.36
721,1377851784,21.36
721,1377851789,21.36
721,1377851794,21.37
721,1377851799,21.36
721,1377851804,21.36
721,1377851809,21.37
721,1377851814,21.36
721,1377851819,21.36
721,1377851824,21.36
721,1377851829,21.35
721,1377851834,21.36
721,1377851839,21.35
721,1377851844,21.35
721,1377851849,21.36
721,1377851854,21.35
721,1377851859,21.36
721,1377851864,21.35
721,1377851869,21.36
721,1377851874,21.34
721,1377851879,21.35
721,1377851884,21.36
721,1377851889,21.36
721,1377851894,21.37
721,1377851899,21.35
721,1377851904,21.35
721,1377851909,21.35
721,1377851914,21.35
721,1377851919,21.34
721,1377851924,21.34
721,1377851929,21.35
721,1377851934,21.35
721,1377851939,21.35
721,1377851944,21.36
721,1377851949,21.36
721,1377851954,21.34
721,1377851959,21.35
721,1377851964,21.35
721,1377851969,21.34
721,1377851974,21.35
721,1377851979,21.36
721,1377851984,21.35
721,1377851989,21.34
721,1377851994,21.35
721,1377851999,21.36
721,1377852004,21.35
721,1377852009,21.35
721,1377852014,21.34
721,1377852019,21.35
721,1377852024,21.35
721,1377852029,21.34
721,1377852034,21.35
721,1377852039,21.35
721,1377852044,21.34
721,1377852049,21.34
721,1377852054,21.34
721,1377852059,21.34
721,1377852064,21.34
721,1377852069,21.34
721,1377852074,21.35
721,1377852079,21.35
721,1377852084,21.34
721,1377852089,21.34
721,1377852094,21.35
721,1377852099,21.35
721,1377852104,21.35
721,1377852109,21.34
721,1377852114,21.35
721,1377852119,21.34
721,1377852124,21.35
721,1377852129,21.34
721,1377852134,21.34
721,1377852139,21.34
721,1377852144,21.35
721,1377852149,21.34
721,1377852154,21.34
721,1377852159,21.34
721,1377852164,21.34
721,1377852169,21.34
721,1377852174,21.34
721,1377852179,21.34
721,1377852186,21.34
721,1377852189,21.34
721,1377852194,21.34
721,1377852199,21.34
721,1377852204,21.34
721,1377852209,21.33
721,1377852214,21.34
721,1377852219,21.34
721,1377852224,21.34
721,1377852229,21.32
721,1377852234,21.34
721,1377852239,21.34
721,1377852244,21.33
721,1377852249,21.33
721,1377852254,21.33
721,1377852259,21.34
721,1377852264,21.34
721,1377852269,21.33
721,1377852274,21.34
721,1377852279,21.34
721,1377852284,21.34
721,1377852289,21.34
721,1377852294,21.34
721,1377852299,21.33
721,1377852304,21.33
721,1377852309,21.34
721,1377852314,21.34
721,1377852319,21.34
721,1377852324,21.34
721,1377852329,21.34
721,1377852334,21.34
721,1377852339,21.34
721,1377852344,21.34
721,1377852349,21.34
721,1377852354,21.32
721,1377852359,21.34
721,1377852364,21.33
721,1377852369,21.34
721,1377852374,21.34
721,1377852379,21.34
721,1377852384,21.33
721,1377852389,21.33
721,1377852394,21.34
721,1377852399,21.33
721,1377852404,21.34
721,1377852409,21.33
721,1377852414,21.34
721,1377852419,21.34
721,1377852424,21.34
721,1377852429,21.33
721,1377852434,21.34
721,1377852439,21.33
721,1377852444,21.32
721,1377852449,21.33
721,1377852454,21.32
721,1377852459,21.33
721,1377852464,21.32
721,1377852469,21.32
721,1377852474,21.32
721,1377852479,21.32
721,1377852484,21.33
721,1377852489,21.32
721,1377852494,21.32
721,1377852499,21.32
721,1377852504,21.33
721,1377852509,21.33
721,1377852514,21.33
721,1377852519,21.32
721,1377852524,21.32
721,1377852529,21.32
721,1377852534,21.33
721,1377852539,21.33
721,1377852544,21.31
721,1377852549,21.32
721,1377852554,21.31
721,1377852559,21.32
721,1377852564,21.33
721,1377852569,21.32
721,1377852574,21.32
721,1377852579,21.32
721,1377852584,21.32
721,1377852589,21.31
721,1377852594,21.32
721,1377852599,21.32
721,1377852604,21.32
721,1377852609,21.32
721,1377852614,21.31
721,1377852619,21.32
721,1377852624,21.33
721,1377852629,21.32
721,1377852634,21.32
721,1377852639,21.32
721,1377852644,21.32
721,1377852649,21.32
721,1377852654,21.31
721,1377852659,21.3
721,1377852664,21.32
721,1377852669,21.32
721,1377852674,21.31
721,1377852679,21.32
721,1377852684,21.31
721,1377852689,21.32
721,1377852694,21.31
721,1377852699,21.33
721,1377852704,21.31
721,1377852709,21.31
721,1377852714,21.31
721,1377852719,21.32
721,1377852724,21.32
721,1377852729,21.3
721,1377852734,21.32
721,1377852739,21.31
721,1377852744,21.31
721,1377852749,21.31
721,1377852754,21.31
721,1377852759,21.31
721,1377852764,21.31
721,1377852769,21.31
721,1377852774,21.3
721,1377852779,21.31
721,1377852784,21.32
721,1377852789,21.3
721,1377852794,21.31
721,1377852799,21.3
721,1377852804,21.32
721,1377852809,21.3
721,1377852814,21.3
721,1377852819,21.3
721,1377852824,21.3
721,1377852829,21.32
721,1377852834,21.31
721,1377852839,21.31
721,1377852844,21.3
721,1377852849,21.3
721,1377852854,21.3
721,1377852859,21.31
721,1377852865,21.31
721,1377852869,21.31
721,1377852874,21.3
721,1377852879,21.3
721,1377852884,21.31
721,1377852889,21.3
721,1377852894,21.31
721,1377852899,21.3
721,1377852904,21.3
721,1377852909,21.31
721,1377852914,21.3
721,1377852919,21.31
721,1377852924,21.3
721,1377852931,21.31
721,1377852934,21.3
721,1377852939,21.29
721,1377852944,21.3
721,1377852949,21.3
721,1377852954,21.3
721,1377852959,21.3
721,1377852964,21.3
721,1377852969,21.3
721,1377852974,21.3
721,1377852979,21.3
721,1377852984,21.3
721,1377852989,21.31
721,1377852994,21.3
721,1377852999,21.3
721,1377853004,21.3
721,1377853009,21.29
721,1377853014,21.29
721,1377853019,21.3
721,1377853024,21.3
721,1377853029,21.3
721,1377853034,21.28
721,1377853039,21.3
721,1377853044,21.3
721,1377853049,21.3
721,1377853054,21.29
721,1377853059,21.29
721,1377853064,21.3
721,1377853069,21.3
721,1377853074,21.3
721,1377853079,21.31
721,1377853084,21.3
721,1377853089,21.29
721,1377853094,21.3
721,1377853099,21.29
721,1377853104,21.3
721,1377853109,21.29
721,1377853114,21.29
721,1377853119,21.3
721,1377853124,21.29
721,1377853129,21.29
721,1377853134,21.29
721,1377853139,21.3
721,1377853144,21.29
721,1377853149,21.29
721,1377853154,21.3
721,1377853159,21.29
721,1377853164,21.3
721,1377853169,21.29
721,1377853174,21.3
721,1377853179,21.3
721,1377853184,21.28
721,1377853189,21.29
721,1377853194,21.28
721,1377853199,21.29
721,1377853204,21.3
721,1377853209,21.29
721,1377853214,21.3
721,1377853219,21.3
721,1377853224,21.29
721,1377853229,21.28
721,1377853234,21.29
721,1377853239,21.29
721,1377853244,21.29
721,1377853249,21.28
721,1377853254,21.28
721,1377853259,21.28
721,1377853264,21.28
721,1377853269,21.29
721,1377853274,21.29
721,1377853279,21.29
721,1377853284,21.28
721,1377853289,21.28
721,1377853294,21.3
721,1377853299,21.28
721,1377853304,21.29
721,1377853309,21.28
721,1377853314,21.28
721,1377853319,21.28
721,1377853324,21.28
721,1377853329,21.29
721,1377853334,21.27
721,1377853339,21.29
721,1377853344,21.28
721,1377853349,21.28
721,1377853354,21.28
721,1377853359,21.28
721,1377853364,21.28
721,1377853369,21.28
721,1377853374,21.28
721,1377853379,21.28
721,1377853384,21.28
721,1377853389,21.28
721,1377853394,21.28
721,1377853399,21.27
721,1377853404,21.28
721,1377853409,21.28
721,1377853414,21.28
721,1377853419,21.27
721,1377853424,21.28
721,1377853429,21.28
721,1377853434,21.27
721,1377853439,21.28
721,1377853444,21.27
721,1377853449,21.27
721,1377853454,21.26
721,1377853459,21.27
721,1377853465,21.28
721,1377853469,21.27
721,1377853474,21.26
721,1377853479,21.26
721,1377853484,21.27
721,1377853489,21.27
721,1377853494,21.27
721,1377853499,21.27
721,1377853504,21.27
721,1377853509,21.27
721,1377853514,21.26
721,1377853519,21.28
721,1377853524,21.26
721,1377853529,21.27
721,1377853534,21.26
721,1377853539,21.27
721,1377853544,21.26
721,1377853549,21.26
721,1377853554,21.28
721,1377853559,21.27
721,1377853564,21.26
721,1377853569,21.26
721,1377853574,21.26
721,1377853579,21.27
721,1377853584,21.26
721,1377853589,21.26
721,1377853594,21.26
721,1377853599,21.27
721,1377853604,21.28
721,1377853609,21.26
721,1377853614,21.27
721,1377853619,21.27
721,1377853624,21.28
721,1377853629,21.27
721,1377853634,21.27
721,1377853639,21.25
721,1377853644,21.26
721,1377853649,21.26
721,1377853656,21.27
721,1377853659,21.27
721,1377853664,21.28
721,1377853669,21.27
721,1377853674,21.26
721,1377853679,21.26
721,1377853684,21.26
721,1377853689,21.26
721,1377853694,21.27
721,1377853699,21.27
721,1377853704,21.26
721,1377853709,21.26
721,1377853714,21.26
721,1377853719,21.24
721,1377853724,21.26
721,1377853729,21.26
721,1377853734,21.26
721,1377853739,21.26
721,1377853744,21.26
721,1377853749,21.26
721,1377853754,21.26
721,1377853759,21.26
721,1377853764,21.25
721,1377853769,21.26
721,1377853774,21.27
721,1377853779,21.26
721,1377853784,21.26
721,1377853789,21.26
721,1377853794,21.26
721,1377853799,21.28
721,1377853804,21.26
721,1377853809,21.26
721,1377853814,21.27
721,1377853819,21.26
721,1377853824,21.27
721,1377853829,21.27
721,1377853834,21.27
721,1377853839,21.26
721,1377853844,21.26
721,1377853849,21.26
721,1377853854,21.26
721,1377853859,21.26
721,1377853864,21.25
721,1377853869,21.26
721,1377853874,21.26
721,1377853879,21.26
721,1377853884,21.25
721,1377853889,21.26
721,1377853894,21.26
721,1377853899,21.26
721,1377853904,21.26
721,1377853909,21.26
721,1377853914,21.26
721,1377853920,21.25
721,1377853924,21.26
721,1377853929,21.26
721,1377853934,21.26
721,1377853939,21.25
721,1377853944,21.24
721,1377853949,21.26
721,1377853954,21.26
721,1377853959,21.26
721,1377853964,21.25
721,1377853969,21.26
721,1377853974,21.24
721,1377853979,21.26
721,1377853984,21.26
721,1377853989,21.25
721,1377853994,21.25
721,1377853999,21.25
721,1377854004,21.24
721,1377854009,21.25
721,1377854014,21.25
721,1377854019,21.25
721,1377854024,21.24
721,1377854029,21.24
721,1377854034,21.25
721,1377854039,21.24
721,1377854044,21.25
721,1377854049,21.25
721,1377854054,21.25
721,1377854059,21.24
721,1377854064,21.25
721,1377854069,21.26
721,1377854074,21.26
721,1377854079,21.24
721,1377854084,21.25
721,1377854089,21.25
721,1377854094,21.24
721,1377854099,21.25
721,1377854104,21.25
721,1377854109,21.26
721,1377854114,21.26
721,1377854119,21.25
721,1377854124,21.26
721,1377854129,21.26
721,1377854134,21.25
721,1377854139,21.25
721,1377854144,21.25
721,1377854149,21.26
721,1377854154,21.25
721,1377854159,21.26
721,1377854164,21.25
721,1377854169,21.26
721,1377854175,21.26
721,1377854179,21.26
721,1377854184,21.24
721,1377854189,21.25
721,1377854194,21.24
721,1377854199,21.25
721,1377854204,21.25
721,1377854209,21.26
721,1377854214,21.26
721,1377854219,21.26
721,1377854224,21.26
721,1377854229,21.25
721,1377854234,21.26
721,1377854239,21.25
721,1377854244,21.25
721,1377854249,21.25
721,1377854254,21.26
721,1377854259,21.26
721,1377854264,21.25
721,1377854269,21.25
721,1377854274,21.26
721,1377854279,21.26
721,1377854284,21.24
721,1377854289,21.25
721,1377854294,21.26
721,1377854299,21.26
721,1377854304,21.25
721,1377854309,21.25
721,1377854314,21.26
721,1377854319,21.26
721,1377854324,21.25
721,1377854329,21.25
721,1377854334,21.25
721,1377854339,21.25
721,1377854344,21.25
721,1377854349,21.24
721,1377854354,21.23
721,1377854359,21.25
721,1377854364,21.24
721,1377854369,21.25
721,1377854374,21.26
721,1377854379,21.25
721,1377854384,21.25
721,1377854389,21.25
721,1377854394,21.26
721,1377854399,21.24
721,1377854404,21.24
721,1377854409,21.24
721,1377854414,21.24
721,1377854419,21.25
721,1377854424,21.24
721,1377854432,21.24
721,1377854434,21.25
721,1377854439,21.24
721,1377854444,21.25
721,1377854449,21.23
721,1377854454,21.24
721,1377854459,21.24
721,1377854464,21.24
721,1377854469,21.24
721,1377854474,21.25
721,1377854479,21.25
721,1377854484,21.24
721,1377854489,21.24
721,1377854494,21.24
721,1377854499,21.25
721,1377854504,21.23
721,1377854509,21.24
721,1377854514,21.23
721,1377854519,21.24
721,1377854524,21.24
721,1377854529,21.25
721,1377854534,21.24
721,1377854539,21.23
721,1377854544,21.23
721,1377854549,21.24
721,1377854554,21.24
721,1377854559,21.23
721,1377854564,21.24
721,1377854569,21.23
721,1377854574,21.24
721,1377854579,21.24
721,1377854584,21.23
721,1377854589,21.23
721,1377854594,21.24
721,1377854599,21.24
721,1377854604,21.22
721,1377854609,21.24
721,1377854614,21.24
721,1377854619,21.23
721,1377854624,21.24
721,1377854629,21.24
721,1377854634,21.24
721,1377854639,21.24
721,1377854644,21.24
721,1377854649,21.24
721,1377854654,21.24
721,1377854659,21.24
721,1377854664,21.24
721,1377854669,21.24
721,1377854674,21.24
721,1377854679,21.23
721,1377854684,21.24
721,1377854689,21.24
721,1377854694,21.24
721,1377854699,21.25
721,1377854704,21.24
721,1377854709,21.24
721,1377854714,21.25
721,1377854719,21.25
721,1377854724,21.24
721,1377854729,21.24
721,1377854734,21.25
721,1377854739,21.25
721,1377854744,21.25
721,1377854749,21.25
721,1377854754,21.25
721,1377854759,21.25
721,1377854764,21.24
721,1377854769,21.24
721,1377854774,21.24
721,1377854779,21.25
721,1377854784,21.24
721,1377854789,21.23
721,1377854794,21.24
721,1377854799,21.23
721,1377854804,21.24
721,1377854809,21.22
721,1377854814,21.24
721,1377854819,21.24
721,1377854824,21.25
721,1377854829,21.25
721,1377854834,21.24
721,1377854839,21.24
721,1377854844,21.23
721,1377854849,21.24
721,1377854854,21.25
721,1377854859,21.24
721,1377854864,21.23
721,1377854869,21.23
721,1377854874,21.24
721,1377854879,21.24
721,1377854884,21.24
721,1377854889,21.24
721,1377854894,21.24
721,1377854899,21.24
721,1377854904,21.23
721,1377854909,21.23
721,1377854914,21.24
721,1377854919,21.23
721,1377854924,21.24
721,1377854929,21.24
721,1377854934,21.25
721,1377854939,21.24
721,1377854944,21.25
721,1377854949,21.23
721,1377854954,21.25
721,1377854959,21.23
721,1377854964,21.23
721,1377854969,21.24
721,1377854974,21.24
721,1377854979,21.23
721,1377854984,21.22
721,1377854989,21.23
721,1377854994,21.23
721,1377854999,21.24
721,1377855004,21.23
721,1377855009,21.24
721,1377855014,21.24
721,1377855019,21.24
721,1377855024,21.24
721,1377855029,21.23
721,1377855034,21.24
721,1377855039,21.22
721,1377855044,21.23
721,1377855049,21.22
721,1377855054,21.23
721,1377855059,21.23
721,1377855064,21.24
721,1377855069,21.23
721,1377855074,21.23
721,1377855079,21.23
721,1377855084,21.24
721,1377855089,21.24
721,1377855094,21.23
721,1377855099,21.23
721,1377855104,21.23
721,1377855109,21.23
721,1377855114,21.24
721,1377855119,21.24
721,1377855124,21.22
721,1377855129,21.23
721,1377855134,21.22
721,1377855139,21.22
721,1377855144,21.23
721,1377855149,21.24
721,1377855154,21.22
721,1377855159,21.23
721,1377855164,21.23
721,1377855169,21.24
721,1377855174,21.23
721,1377855179,21.23
721,1377855184,21.23
721,1377855189,21.22
721,1377855196,21.24
721,1377855199,21.23
721,1377855204,21.23
721,1377855209,21.22
721,1377855214,21.23
721,1377855219,21.24
721,1377855224,21.22
721,1377855229,21.23
721,1377855234,21.24
721,1377855239,21.23
721,1377855244,21.22
721,1377855249,21.23
721,1377855254,21.22
721,1377855259,21.23
721,1377855264,21.23
721,1377855269,21.22
721,1377855274,21.23
721,1377855279,21.22
721,1377855284,21.23
721,1377855289,21.23
721,1377855294,21.23
721,1377855299,21.23
721,1377855304,21.23
721,1377855309,21.23
721,1377855314,21.22
721,1377855319,21.22
721,1377855324,21.23
721,1377855329,21.23
721,1377855334,21.22
721,1377855339,21.21
721,1377855344,21.22
721,1377855349,21.22
721,1377855354,21.22
721,1377855359,21.22
721,1377855364,21.22
721,1377855369,21.21
721,1377855374,21.22
721,1377855379,21.21
721,1377855384,21.21
721,1377855389,21.22
721,1377855394,21.22
721,1377855399,21.21
721,1377855404,21.22
721,1377855409,21.22
721,1377855414,21.22
721,1377855419,21.23
721,1377855424,21.22
721,1377855429,21.22
721,1377855434,21.21
721,1377855439,21.22
721,1377855444,21.22
721,1377855449,21.22
721,1377855454,21.21
721,1377855459,21.21
721,1377855464,21.21
721,1377855469,21.23
721,1377855474,21.22
721,1377855479,21.22
721,1377855484,21.22
721,1377855489,21.22
721,1377855494,21.23
721,1377855499,21.22
721,1377855504,21.22
721,1377855509,21.21
721,1377855514,21.21
721,1377855519,21.22
721,1377855524,21.2
721,1377855529,21.21
721,1377855534,21.2
721,1377855539,21.22
721,1377855544,21.22
721,1377855549,21.21
721,1377855554,21.22
721,1377855559,21.2
721,1377855564,21.22
721,1377855569,21.21
721,1377855574,21.21
721,1377855579,21.21
721,1377855584,21.21
721,1377855589,21.22
721,1377855594,21.22
721,1377855600,21.21
721,1377855604,21.21
721,1377855609,21.21
721,1377855614,21.22
721,1377855619,21.21
721,1377855624,21.22
721,1377855629,21.21
721,1377855634,21.22
721,1377855639,21.21
721,1377855644,21.21
721,1377855649,21.2
721,1377855654,21.22
721,1377855659,21.21
721,1377855664,21.2
721,1377855669,21.2
721,1377855674,21.2
721,1377855679,21.21
721,1377855684,21.21
721,1377855689,21.21
721,1377855694,21.21
721,1377855699,21.22
721,1377855704,21.2
721,1377855709,21.2
721,1377855714,21.21
721,1377855719,21.21
721,1377855724,21.2
721,1377855729,21.2
721,1377855734,21.2
721,1377855739,21.2
721,1377855744,21.2
721,1377855749,21.21
721,1377855754,21.21
721,1377855759,21.2
721,1377855764,21.2
721,1377855769,21.2
721,1377855774,21.2
721,1377855779,21.2
721,1377855784,21.21
721,1377855789,21.19
721,1377855794,21.2
721,1377855799,21.19
721,1377855804,21.2
721,1377855809,21.2
721,1377855814,21.2
721,1377855819,21.2
721,1377855824,21.2
721,1377855829,21.19
721,1377855834,21.2
721,1377855839,21.19
721,1377855844,21.2
721,1377855849,21.2
721,1377855854,21.19
721,1377855859,21.2
721,1377855864,21.2
721,1377855869,21.19
721,1377855874,21.18
721,1377855879,21.2
721,1377855884,21.2
721,1377855889,21.19
721,1377855894,21.2
721,1377855899,21.21
721,1377855904,21.2
721,1377855909,21.2
721,1377855914,21.19
721,1377855919,21.21
721,1377855924,21.2
721,1377855929,21.19
721,1377855934,21.2
721,1377855939,21.2
721,1377855944,21.19
721,1377855949,21.19
721,1377855954,21.19
721,1377855959,21.2
721,1377855969,21.21
721,1377855974,21.2
721,1377855979,21.2
721,1377855984,21.19
721,1377855989,21.18
721,1377855994,21.2
721,1377855999,21.2
721,1377856004,21.2
721,1377856009,21.2
721,1377856014,21.2
721,1377856019,21.2
721,1377856024,21.19
721,1377856029,21.19
721,1377856034,21.19
721,1377856039,21.19
721,1377856044,21.19
721,1377856049,21.19
721,1377856054,21.2
721,1377856059,21.2
721,1377856064,21.2
721,1377856069,21.2
721,1377856074,21.2
721,1377856079,21.19
721,1377856084,21.2
721,1377856089,21.21
721,1377856094,21.2
721,1377856099,21.19
721,1377856104,21.2
721,1377856109,21.2
721,1377856114,21.2
721,1377856119,21.2
721,1377856124,21.2
721,1377856129,21.2
721,1377856134,21.19
721,1377856139,21.2
721,1377856144,21.2
721,1377856149,21.19
721,1377856154,21.19
721,1377856159,21.18
721,1377856164,21.19
721,1377856169,21.19
721,1377856174,21.2
721,1377856179,21.18
721,1377856184,21.19
721,1377856189,21.19
721,1377856194,21.18
721,1377856199,21.18
721,1377856204,21.19
721,1377856209,21.18
721,1377856214,21.18
721,1377856219,21.19
721,1377856224,21.19
721,1377856229,21.18
721,1377856234,21.18
721,1377856239,21.18
721,1377856244,21.18
721,1377856249,21.18
721,1377856254,21.19
721,1377856259,21.17
721,1377856264,21.19
721,1377856269,21.19
721,1377856274,21.18
721,1377856279,21.18
721,1377856284,21.17
721,1377856289,21.18
721,1377856294,21.18
721,1377856299,21.19
721,1377856304,21.19
721,1377856309,21.18
721,1377856314,21.18
721,1377856319,21.18
721,1377856324,21.18
721,1377856329,21.18
721,1377856334,21.18
721,1377856339,21.17
721,1377856344,21.19
721,1377856349,21.17
721,1377856354,21.19
721,1377856359,21.18
721,1377856364,21.18
721,1377856369,21.19
721,1377856374,21.17
721,1377856379,21.18
721,1377856384,21.18
721,1377856389,21.18
721,1377856394,21.18
721,1377856399,21.18
721,1377856404,21.18
721,1377856409,21.17
721,1377856414,21.17
721,1377856419,21.18
721,1377856424,21.18
721,1377856429,21.18
721,1377856434,21.18
721,1377856439,21.18
721,1377856444,21.17
721,1377856449,21.18
721,1377856454,21.18
721,1377856459,21.18
721,1377856464,21.18
721,1377856469,21.18
721,1377856474,21.17
721,1377856479,21.18
721,1377856484,21.18
721,1377856489,21.18
721,1377856494,21.19
721,1377856499,21.17
721,1377856504,21.17
721,1377856509,21.16
721,1377856514,21.17
721,1377856519,21.17
721,1377856524,21.18
721,1377856529,21.18
721,1377856534,21.18
721,1377856539,21.18
721,1377856544,21.17
721,1377856549,21.18
721,1377856554,21.18
721,1377856559,21.17
721,1377856564,21.18
721,1377856569,21.18
721,1377856574,21.17
721,1377856579,21.17
721,1377856584,21.18
721,1377856589,21.18
721,1377856594,21.18
721,1377856599,21.18
721,1377856604,21.18
721,1377856609,21.18
721,1377856614,21.18
721,1377856619,21.17
721,1377856624,21.17
721,1377856629,21.17
721,1377856634,21.18
721,1377856639,21.17
721,1377856644,21.18
721,1377856649,21.18
721,1377856654,21.18
721,1377856659,21.17
721,1377856664,21.18
721,1377856669,21.18
721,1377856674,21.18
721,1377856679,21.18
721,1377856684,21.17
721,1377856689,21.17
721,1377856694,21.17
721,1377856699,21.18
721,1377856704,21.17
721,1377856709,21.18
721,1377856714,21.18
721,1377856719,21.18
721,1377856724,21.17
721,1377856729,21.18
721,1377856738,21.18
721,1377856739,21.18
721,1377856744,21.18
721,1377856749,21.17
721,1377856754,21.16
721,1377856759,21.18
721,1377856764,21.17
721,1377856769,21.18
721,1377856774,21.18
721,1377856779,21.18
721,1377856784,21.18
721,1377856789,21.18
721,1377856794,21.18
721,1377856799,21.18
721,1377856804,21.18
721,1377856809,21.17
721,1377856814,21.17
721,1377856819,21.17
721,1377856824,21.17
721,1377856829,21.18
721,1377856834,21.18
721,1377856839,21.17
721,1377856844,21.18
721,1377856849,21.17
721,1377856854,21.18
721,1377856859,21.18
721,1377856864,21.17
721,1377856869,21.18
721,1377856874,21.18
721,1377856879,21.18
721,1377856884,21.17
721,1377856889,21.18
721,1377856894,21.18
721,1377856899,21.17
721,1377856904,21.17
721,1377856909,21.17
721,1377856914,21.16
721,1377856919,21.16
721,1377856924,21.17
721,1377856929,21.17
721,1377856934,21.17
721,1377856939,21.16
721,1377856944,21.16
721,1377856949,21.16
721,1377856954,21.16
721,1377856959,21.16
721,1377856964,21.16
721,1377856969,21.16
721,1377856974,21.18
721,1377856979,21.17
721,1377856984,21.17
721,1377856989,21.17
721,1377856994,21.17
721,1377856999,21.16
721,1377857004,21.17
721,1377857009,21.18
721,1377857014,21.16
721,1377857019,21.17
721,1377857024,21.18
721,1377857029,21.17
721,1377857034,21.16
721,1377857039,21.17
721,1377857044,21.18
721,1377857049,21.17
721,1377857054,21.18
721,1377857059,21.17
721,1377857064,21.17
721,1377857069,21.16
721,1377857074,21.17
721,1377857079,21.16
721,1377857084,21.16
721,1377857089,21.16
721,1377857094,21.18
721,1377857099,21.16
721,1377857104,21.16
721,1377857109,21.17
721,1377857114,21.16
721,1377857119,21.16
721,1377857124,21.16
721,1377857129,21.16
721,1377857134,21.16
721,1377857139,21.14
721,1377857144,21.15
721,1377857149,21.16
721,1377857154,21.16
721,1377857159,21.16
721,1377857164,21.16
721,1377857169,21.16
721,1377857174,21.16
721,1377857179,21.16
721,1377857184,21.16
721,1377857189,21.15
721,1377857194,21.16
721,1377857199,21.15
721,1377857204,21.16
721,1377857209,21.16
721,1377857214,21.15
721,1377857219,21.15
721,1377857224,21.16
721,1377857229,21.14
721,1377857234,21.15
721,1377857239,21.16
721,1377857244,21.15
721,1377857249,21.15
721,1377857254,21.16
721,1377857259,21.15
721,1377857264,21.15
721,1377857269,21.15
721,1377857274,21.15
721,1377857279,21.15
721,1377857284,21.15
721,1377857289,21.16
721,1377857294,21.16
721,1377857299,21.16
721,1377857304,21.14
721,1377857309,21.16
721,1377857314,21.16
721,1377857319,21.16
721,1377857324,21.15
721,1377857329,21.15
721,1377857334,21.14
721,1377857339,21.14
721,1377857344,21.14
721,1377857349,21.14
721,1377857354,21.15
721,1377857359,21.14
721,1377857364,21.15
721,1377857369,21.14
721,1377857374,21.14
721,1377857379,21.15
721,1377857384,21.14
721,1377857389,21.14
721,1377857394,21.14
721,1377857399,21.15
721,1377857404,21.14
721,1377857409,21.14
721,1377857414,21.13
721,1377857419,21.13
721,1377857424,21.14
721,1377857429,21.14
721,1377857434,21.14
721,1377857439,21.14
721,1377857444,21.13
721,1377857449,21.14
721,1377857454,21.14
721,1377857459,21.14
721,1377857464,21.13
721,1377857469,21.13
721,1377857474,21.14
721,1377857479,21.14
721,1377857484,21.12
721,1377857489,21.13
721,1377857494,21.13
721,1377857499,21.13
721,1377857504,21.12
721,1377857509,21.14
721,1377857514,21.14
721,1377857519,21.13
721,1377857524,21.12
721,1377857529,21.14
721,1377857534,21.14
721,1377857539,21.14
721,1377857544,21.14
721,1377857549,21.14
721,1377857554,21.14
721,1377857559,21.13
721,1377857564,21.13
721,1377857569,21.13
721,1377857574,21.14
721,1377857579,21.12
721,1377857584,21.12
721,1377857589,21.13
721,1377857594,21.14
721,1377857599,21.12
721,1377857604,21.13
721,1377857609,21.13
721,1377857614,21.11
721,1377857619,21.13
721,1377857624,21.12
721,1377857629,21.13
721,1377857634,21.12
721,1377857639,21.13
721,1377857644,21.13
721,1377857649,21.12
721,1377857654,21.12
721,1377857659,21.13
721,1377857664,21.12
721,1377857669,21.12
721,1377857674,21.13
721,1377857679,21.12
721,1377857684,21.12
721,1377857689,21.12
721,1377857694,21.11
721,1377857699,21.12
721,1377857704,21.12
721,1377857709,21.13
721,1377857714,21.12
721,1377857719,21.12
721,1377857724,21.12
721,1377857729,21.13
721,1377857734,21.12
721,1377857739,21.12
721,1377857744,21.12
721,1377857749,21.12
721,1377857754,21.12
721,1377857759,21.12
721,1377857764,21.12
721,1377857769,21.13
721,1377857774,21.11
721,1377857779,21.12
721,1377857784,21.12
721,1377857789,21.14
721,1377857794,21.12
721,1377857799,21.12
721,1377857804,21.12
721,1377857809,21.12
721,1377857814,21.12
721,1377857819,21.14
721,1377857824,21.13
721,1377857829,21.12
721,1377857834,21.13
721,1377857839,21.13
721,1377857844,21.12
721,1377857849,21.12
721,1377857854,21.12
721,1377857859,21.12
721,1377857864,21.14
721,1377857869,21.13
721,1377857874,21.11
721,1377857879,21.12
721,1377857884,21.12
721,1377857889,21.12
721,1377857894,21.12
721,1377857899,21.13
721,1377857904,21.13
721,1377857909,21.13
721,1377857914,21.12
721,1377857919,21.13
721,1377857924,21.12
721,1377857929,21.12
721,1377857934,21.13
721,1377857939,21.13
721,1377857944,21.13
721,1377857949,21.12
721,1377857954,21.13
721,1377857959,21.12
721,1377857964,21.13
721,1377857969,21.13
721,1377857974,21.13
721,1377857979,21.13
721,1377857984,21.14
721,1377857989,21.14
721,1377857994,21.13
721,1377857999,21.14
721,1377858004,21.12
721,1377858009,21.14
721,1377858014,21.12
721,1377858019,21.13
721,1377858024,21.12
721,1377858029,21.13
721,1377858034,21.12
721,1377858039,21.12
721,1377858044,21.14
721,1377858049,21.12
721,1377858054,21.12
721,1377858059,21.13
721,1377858064,21.12
721,1377858069,21.13
721,1377858074,21.13
721,1377858079,21.13
721,1377858084,21.14
721,1377858089,21.14
721,1377858094,21.13
721,1377858099,21.14
721,1377858104,21.13
721,1377858109,21.12
721,1377858114,21.14
721,1377858119,21.13
721,1377858124,21.14
721,1377858129,21.14
721,1377858134,21.13
721,1377858139,21.12
721,1377858144,21.14
721,1377858149,21.13
721,1377858154,21.13
721,1377858159,21.14
721,1377858164,21.14
721,1377858169,21.13
721,1377858174,21.13
721,1377858179,21.12
721,1377858184,21.13
721,1377858189,21.12
721,1377858194,21.13
721,1377858199,21.14
721,1377858204,21.14
721,1377858209,21.13
721,1377858214,21.12
721,1377858219,21.13
721,1377858224,21.12
721,1377858229,21.12
721,1377858234,21.12
721,1377858239,21.12
721,1377858244,21.12
721,1377858249,21.13
721,1377858254,21.12
721,1377858259,21.13
721,1377858264,21.12
721,1377858271,21.13
721,1377858274,21.13
721,1377858279,21.12
721,1377858284,21.12
721,1377858289,21.12
721,1377858294,21.12
721,1377858299,21.13
721,1377858304,21.13
721,1377858309,21.14
721,1377858314,21.12
721,1377858319,21.13
721,1377858324,21.13
721,1377858329,21.13
721,1377858334,21.12
721,1377858339,21.14
721,1377858344,21.13
721,1377858349,21.13
721,1377858354,21.14
721,1377858359,21.14
721,1377858364,21.12
721,1377858369,21.12
721,1377858374,21.12
721,1377858379,21.13
721,1377858384,21.14
721,1377858389,21.12
721,1377858394,21.14
721,1377858400,21.13
721,1377858404,21.13
721,1377858409,21.13
721,1377858414,21.14
721,1377858419,21.13
721,1377858424,21.13
721,1377858429,21.14
721,1377858434,21.12
721,1377858439,21.13
721,1377858444,21.13
721,1377858449,21.13
721,1377858454,21.13
721,1377858459,21.12
721,1377858464,21.13
721,1377858469,21.13
721,1377858474,21.13
721,1377858479,21.12
721,1377858484,21.12
721,1377858489,21.12
721,1377858494,21.12
721,1377858499,21.12
721,1377858504,21.13
721,1377858509,21.12
721,1377858514,21.13
721,1377858519,21.12
721,1377858524,21.11
721,1377858529,21.11
721,1377858534,21.11
721,1377858539,21.12
721,1377858544,21.11
721,1377858549,21.11
721,1377858554,21.12
721,1377858559,21.12
721,1377858564,21.12
721,1377858569,21.1
721,1377858574,21.12
721,1377858579,21.12
721,1377858584,21.12
721,1377858589,21.1
721,1377858594,21.12
721,1377858599,21.11
721,1377858604,21.12
721,1377858609,21.12
721,1377858614,21.12
721,1377858619,21.11
721,1377858624,21.12
721,1377858629,21.11
721,1377858634,21.12
721,1377858639,21.11
721,1377858644,21.12
721,1377858649,21.12
721,1377858654,21.11
721,1377858659,21.12
721,1377858664,21.11
721,1377858669,21.11
721,1377858674,21.1
721,1377858679,21.12
721,1377858684,21.1
721,1377858689,21.11
721,1377858694,21.11
721,1377858699,21.1
721,1377858704,21.11
721,1377858709,21.12
721,1377858714,21.1
721,1377858719,21.1
721,1377858724,21.1
721,1377858729,21.1
721,1377858734,21.1
721,1377858739,21.1
721,1377858744,21.11
721,1377858749,21.11
721,1377858754,21.1
721,1377858759,21.09
721,1377858764,21.09
721,1377858769,21.1
721,1377858774,21.1
721,1377858779,21.09
721,1377858784,21.1
721,1377858789,21.08
721,1377858794,21.1
721,1377858799,21.09
721,1377858804,21.1
721,1377858809,21.1
721,1377858814,21.09
721,1377858819,21.1
721,1377858824,21.1
721,1377858829,21.1
721,1377858834,21.1
721,1377858839,21.1
721,1377858844,21.09
721,1377858849,21.09
721,1377858854,21.1
721,1377858859,21.11
721,1377858864,21.11
721,1377858869,21.1
721,1377858874,21.1
721,1377858879,21.09
721,1377858884,21.09
721,1377858889,21.1
721,1377858894,21.09
721,1377858899,21.09
721,1377858904,21.1
721,1377858909,21.1
721,1377858914,21.08
721,1377858919,21.09
721,1377858924,21.09
721,1377858929,21.1
721,1377858934,21.1
721,1377858939,21.11
721,1377858944,21.1
721,1377858949,21.1
721,1377858954,21.11
721,1377858959,21.1
721,1377858964,21.1
721,1377858969,21.11
721,1377858974,21.1
721,1377858979,21.1
721,1377858984,21.1
721,1377858989,21.1
721,1377858994,21.1
721,1377858999,21.1
721,1377859004,21.1
721,1377859009,21.1
721,1377859014,21.11
721,1377859019,21.09
721,1377859024,21.1
721,1377859029,21.09
721,1377859034,21.09
721,1377859039,21.08
721,1377859044,21.1
721,1377859050,21.09
721,1377859054,21.1
721,1377859059,21.09
721,1377859064,21.1
721,1377859069,21.1
721,1377859074,21.1
721,1377859079,21.1
721,1377859084,21.1
721,1377859089,21.11
721,1377859094,21.1
721,1377859099,21.1
721,1377859104,21.1
721,1377859109,21.09
721,1377859114,21.1
721,1377859119,21.1
721,1377859124,21.1
721,1377859129,21.1
721,1377859134,21.1
721,1377859139,21.09
721,1377859144,21.1
721,1377859149,21.1
721,1377859154,21.1
721,1377859159,21.1
721,1377859164,21.08
721,1377859169,21.09
721,1377859174,21.09
721,1377859179,21.1
721,1377859184,21.09
721,1377859189,21.09
721,1377859194,21.08
721,1377859199,21.08
721,1377859204,21.1
721,1377859209,21.09
721,1377859214,21.09
721,1377859219,21.09
721,1377859224,21.09
721,1377859229,21.09
721,1377859234,21.09
721,1377859239,21.08
721,1377859244,21.08
721,1377859249,21.09
721,1377859254,21.09
721,1377859259,21.09
721,1377859264,21.1
721,1377859269,21.08
721,1377859274,21.09
721,1377859279,21.08
721,1377859284,21.08
721,1377859289,21.08
721,1377859294,21.08
721,1377859299,21.08
721,1377859304,21.08
721,1377859309,21.09
721,1377859314,21.08
721,1377859319,21.08
721,1377859324,21.07
721,1377859329,21.08
721,1377859334,21.08
721,1377859339,21.08
721,1377859344,21.09
721,1377859349,21.07
721,1377859354,21.08
721,1377859359,21.08
721,1377859364,21.08
721,1377859369,21.07
721,1377859374,21.08
721,1377859379,21.08
721,1377859384,21.08
721,1377859389,21.1
721,1377859394,21.07
721,1377859399,21.08
721,1377859404,21.08
721,1377859409,21.1
721,1377859414,21.08
721,1377859419,21.08
721,1377859424,21.08
721,1377859429,21.08
721,1377859434,21.07
721,1377859439,21.07
721,1377859444,21.06
721,1377859449,21.06
721,1377859455,21.07
721,1377859459,21.08
721,1377859464,21.09
721,1377859469,21.07
721,1377859474,21.08
721,1377859479,21.08
721,1377859484,21.07
721,1377859489,21.07
721,1377859494,21.08
721,1377859499,21.08
721,1377859504,21.07
721,1377859509,21.08
721,1377859514,21.08
721,1377859519,21.07
721,1377859524,21.08
721,1377859529,21.08
721,1377859534,21.08
721,1377859539,21.08
721,1377859544,21.08
721,1377859549,21.08
721,1377859554,21.09
721,1377859559,21.08
721,1377859564,21.08
721,1377859569,21.08
721,1377859574,21.08
721,1377859579,21.08
721,1377859584,21.07
721,1377859589,21.07
721,1377859594,21.08
721,1377859599,21.08
721,1377859604,21.07
721,1377859609,21.08
721,1377859614,21.08
721,1377859619,21.08
721,1377859624,21.08
721,1377859629,21.08
721,1377859634,21.06
721,1377859639,21.07
721,1377859644,21.08
721,1377859649,21.08
721,1377859654,21.08
721,1377859659,21.08
721,1377859664,21.08
721,1377859669,21.08
721,1377859674,21.08
721,1377859679,21.07
721,1377859684,21.08
721,1377859689,21.08
721,1377859694,21.08
721,1377859699,21.08
721,1377859704,21.08
721,1377859709,21.08
721,1377859714,21.08
721,1377859719,21.08
721,1377859724,21.08
721,1377859729,21.08
721,1377859734,21.09
721,1377859739,21.08
721,1377859744,21.08
721,1377859749,21.08
721,1377859754,21.08
721,1377859759,21.06
721,1377859764,21.06
721,1377859769,21.07
721,1377859774,21.07
721,1377859779,21.07
721,1377859784,21.07
721,1377859790,21.09
721,1377859794,21.06
721,1377859799,21.06
721,1377859804,21.06
721,1377859809,21.07
721,1377859814,21.07
721,1377859819,21.07
721,1377859824,21.06
721,1377859829,21.05
721,1377859834,21.06
721,1377859839,21.07
721,1377859844,21.06
721,1377859849,21.07
721,1377859854,21.06
721,1377859859,21.06
721,1377859865,21.05
721,1377859869,21.06
721,1377859874,21.07
721,1377859879,21.06
721,1377859884,21.06
721,1377859889,21.06
721,1377859894,21.06
721,1377859899,21.06
721,1377859904,21.06
721,1377859909,21.06
721,1377859914,21.06
721,1377859919,21.06
721,1377859924,21.06
721,1377859929,21.06
721,1377859934,21.06
721,1377859939,21.08
721,1377859944,21.06
721,1377859949,21.06
721,1377859954,21.05
721,1377859959,21.06
721,1377859964,21.05
721,1377859969,21.07
721,1377859974,21.06
721,1377859979,21.06
721,1377859984,21.06
721,1377859989,21.06
721,1377859994,21.05
721,1377859999,21.06
721,1377860004,21.06
721,1377860009,21.04
721,1377860014,21.06
721,1377860019,21.05
721,1377860024,21.06
721,1377860029,21.06
721,1377860034,21.05
721,1377860039,21.06
721,1377860044,21.06
721,1377860049,21.05
721,1377860054,21.06
721,1377860059,21.06
721,1377860064,21.06
721,1377860069,21.05
721,1377860074,21.06
721,1377860079,21.05
721,1377860084,21.05
721,1377860089,21.04
721,1377860094,21.05
721,1377860099,21.06
721,1377860104,21.06
721,1377860109,21.04
721,1377860114,21.05
721,1377860119,21.05
721,1377860124,21.04
721,1377860129,21.05
721,1377860134,21.06
721,1377860139,21.05
721,1377860144,21.06
721,1377860149,21.04
721,1377860154,21.04
721,1377860159,21.05
721,1377860164,21.06
721,1377860169,21.04
721,1377860174,21.04
721,1377860179,21.04
721,1377860184,21.05
721,1377860189,21.04
721,1377860194,21.04
721,1377860199,21.03
721,1377860204,21.04
721,1377860209,21.04
721,1377860214,21.05
721,1377860219,21.04
721,1377860224,21.05
721,1377860229,21.05
721,1377860234,21.05
721,1377860239,21.04
721,1377860244,21.04
721,1377860249,21.06
721,1377860254,21.03
721,1377860259,21.04
721,1377860264,21.04
721,1377860269,21.04
721,1377860274,21.05
721,1377860279,21.04
721,1377860284,21.05
721,1377860289,21.04
721,1377860294,21.04
721,1377860299,21.05
721,1377860304,21.05
721,1377860309,21.05
721,1377860314,21.04
721,1377860319,21.05
721,1377860324,21.05
721,1377860329,21.05
721,1377860334,21.05
721,1377860339,21.04
721,1377860344,21.05
721,1377860349,21.05
721,1377860354,21.05
721,1377860359,21.05
721,1377860364,21.04
721,1377860369,21.04
721,1377860374,21.05
721,1377860379,21.04
721,1377860384,21.05
721,1377860389,21.05
721,1377860394,21.05
721,1377860399,21.04
721,1377860404,21.04
721,1377860409,21.04
721,1377860414,21.04
721,1377860419,21.04
721,1377860424,21.05
721,1377860429,21.04
721,1377860434,21.05
721,1377860439,21.05
721,1377860444,21.05
721,1377860449,21.04
721,1377860454,21.05
721,1377860459,21.06
721,1377860464,21.05
721,1377860469,21.05
721,1377860474,21.06
721,1377860479,21.06
721,1377860484,21.06
721,1377860489,21.04
721,1377860494,21.04
721,1377860499,21.06
721,1377860504,21.06
721,1377860509,21.06
721,1377860517,21.05
721,1377860519,21.05
721,1377860524,21.05
721,1377860529,21.06
721,1377860534,21.06
721,1377860539,21.04
721,1377860544,21.04
721,1377860549,21.04
721,1377860554,21.05
721,1377860559,21.04
721,1377860564,21.05
721,1377860569,21.05
721,1377860574,21.05
721,1377860579,21.05
721,1377860584,21.05
721,1377860589,21.06
721,1377860594,21.04
721,1377860599,21.06
721,1377860604,21.05
721,1377860609,21.05
721,1377860614,21.04
721,1377860619,21.04
721,1377860624,21.04
721,1377860629,21.04
721,1377860634,21.05
721,1377860639,21.04
721,1377860644,21.05
721,1377860649,21.06
721,1377860654,21.04
721,1377860659,21.04
721,1377860664,21.05
721,1377860669,21.05
721,1377860674,21.04
721,1377860679,21.04
721,1377860684,21.04
721,1377860689,21.05
721,1377860694,21.04
721,1377860699,21.04
721,1377860704,21.05
721,1377860709,21.04
721,1377860714,21.04
721,1377860719,21.04
721,1377860724,21.05
721,1377860729,21.05
721,1377860734,21.04
721,1377860739,21.04
721,1377860744,21.03
721,1377860749,21.03
721,1377860754,21.04
721,1377860759,21.04
721,1377860764,21.04
721,1377860769,21.03
721,1377860774,21.03
721,1377860779,21.04
721,1377860784,21.03
721,1377860789,21.03
721,1377860794,21.04
721,1377860799,21.04
721,1377860804,21.03
721,1377860809,21.03
721,1377860814,21.04
721,1377860819,21.04
721,1377860824,21.04
721,1377860829,21.04
721,1377860834,21.04
721,1377860839,21.03
721,1377860844,21.04
721,1377860849,21.04
721,1377860854,21.05
721,1377860859,21.04
721,1377860864,21.04
721,1377860869,21.04
721,1377860874,21.04
721,1377860879,21.03
721,1377860884,21.04
721,1377860889,21.04
721,1377860894,21.04
721,1377860899,21.03
721,1377860904,21.04
721,1377860909,21.03
721,1377860914,21.04
721,1377860919,21.03
721,1377860924,21.04
721,1377860929,21.04
721,1377860934,21.02
721,1377860939,21.03
721,1377860944,21.03
721,1377860949,21.03
721,1377860954,21.02
721,1377860959,21.04
721,1377860964,21.02
721,1377860969,21.02
721,1377860974,21.03
721,1377860979,21.04
721,1377860984,21.03
721,1377860989,21.02
721,1377860994,21.03
721,1377860999,21.03
721,1377861004,21.02
721,1377861009,21.03
721,1377861014,21.02
721,1377861019,21.02
721,1377861024,21.02
721,1377861029,21.03
721,1377861034,21.03
721,1377861039,21.03
721,1377861044,21.04
721,1377861049,21.04
721,1377861055,21.02
721,1377861059,21.03
721,1377861064,21.03
721,1377861069,21.02
721,1377861074,21.03
721,1377861079,21.03
721,1377861084,21.03
721,1377861089,21.03
721,1377861094,21.02
721,1377861099,21.02
721,1377861104,21.02
721,1377861109,21.04
721,1377861114,21.03
721,1377861119,21.03
721,1377861124,21.02
721,1377861129,21.02
721,1377861134,21.02
721,1377861139,21.02
721,1377861144,21.02
721,1377861149,21.02
721,1377861154,21.02
721,1377861159,21.02
721,1377861164,21.02
721,1377861169,21.02
721,1377861174,21.02
721,1377861179,21.02
721,1377861184,21.02
721,1377861189,21.01
721,1377861194,21.02
721,1377861199,21.02
721,1377861204,21.03
721,1377861209,21.02
721,1377861214,21.01
721,1377861219,21.02
721,1377861224,21.01
721,1377861229,21.02
721,1377861234,21.02
721,1377861239,21.02
721,1377861248,21.03
721,1377861249,21.02
721,1377861254,21.04
721,1377861259,21.02
721,1377861264,21.02
721,1377861269,21.02
721,1377861274,21.01
721,1377861279,21.04
721,1377861284,21.02
721,1377861289,21.03
721,1377861294,21.02
721,1377861299,21.02
721,1377861304,21.02
721,1377861309,21.02
721,1377861314,21.02
721,1377861319,21.03
721,1377861324,21.02
721,1377861329,21.02
721,1377861334,21.01
721,1377861339,21.02
721,1377861344,21.02
721,1377861349,21.02
721,1377861354,21.02
721,1377861359,21.02
721,1377861364,21.02
721,1377861369,21.03
721,1377861374,21.02
721,1377861379,21.02
721,1377861384,21.02
721,1377861389,21.02
721,1377861394,21.04
721,1377861399,21.02
721,1377861404,21.02
721,1377861409,21.03
721,1377861414,21.03
721,1377861419,21.02
721,1377861424,21.02
721,1377861430,21.02
721,1377861434,21.03
721,1377861439,21.02
721,1377861444,21.02
721,1377861449,21.02
721,1377861454,21.03
721,1377861459,21.04
721,1377861464,21.03
721,1377861469,21.02
721,1377861474,21.02
721,1377861479,21.02
721,1377861484,21.02
721,1377861489,21.04
721,1377861494,21.03
721,1377861499,21.03
721,1377861504,21.03
721,1377861509,21.02
721,1377861514,21.02
721,1377861519,21.02
721,1377861524,21.02
721,1377861529,21.02
721,1377861534,21.02
721,1377861539,21.02
721,1377861544,21.03
721,1377861549,21.02
721,1377861554,21.01
721,1377861559,21.02
721,1377861564,21.02
721,1377861569,21.03
721,1377861574,21.02
721,1377861579,21.02
721,1377861584,21.01
721,1377861589,21.02
721,1377861594,21.01
721,1377861599,21.01
721,1377861604,21.02
721,1377861609,21.02
721,1377861614,21.02
721,1377861619,21.02
721,1377861624,21.03
721,1377861629,21.01
721,1377861634,21.01
721,1377861639,21.02
721,1377861644,21.01
721,1377861649,21.01
721,1377861654,21.01
721,1377861659,21.01
721,1377861664,21.0
721,1377861669,21.02
721,1377861674,21.02
721,1377861679,21.0
721,1377861684,21.02
721,1377861689,21.02
721,1377861694,21.01
721,1377861699,21.02
721,1377861704,21.0
721,1377861709,21.0
721,1377861714,21.01
721,1377861719,21.01
721,1377861724,21.01
721,1377861729,21.02
721,1377861734,21.01
721,1377861739,21.0
721,1377861744,21.0
721,1377861749,21.0
721,1377861754,20.99
721,1377861759,21.0
721,1377861764,21.02
721,1377861769,21.01
721,1377861774,21.01
721,1377861779,21.01
721,1377861784,21.01
721,1377861789,21.01
721,1377861794,21.01
721,1377861799,21.0
721,1377861804,21.01
721,1377861809,21.01
721,1377861814,21.01
721,1377861819,21.0
721,1377861824,21.01
721,1377861829,20.99
721,1377861834,21.01
721,1377861839,21.0
721,1377861844,21.0
721,1377861849,21.0
721,1377861854,21.0
721,1377861859,21.0
721,1377861864,21.01
721,1377861869,20.99
721,1377861874,20.99
721,1377861879,21.0
721,1377861884,21.0
721,1377861889,21.0
721,1377861894,21.0
721,1377861899,20.99
721,1377861904,20.99
721,1377861909,21.0
721,1377861914,20.99
721,1377861919,20.99
721,1377861924,21.0
721,1377861929,20.98
721,1377861934,20.99
721,1377861939,20.99
721,1377861944,20.98
721,1377861949,20.98
721,1377861954,21.0
721,1377861959,21.0
721,1377861964,21.0
721,1377861969,21.0
721,1377861974,20.99
721,1377861979,20.99
721,1377861984,20.99
721,1377861989,20.98
721,1377861994,21.0
721,1377861999,20.99
721,1377862004,21.0
721,1377862010,20.98
721,1377862014,20.99
721,1377862019,21.0
721,1377862024,20.99
721,1377862029,20.99
721,1377862034,20.99
721,1377862039,20.98
721,1377862044,20.99
721,1377862049,20.99
721,1377862054,20.98
721,1377862059,20.98
721,1377862064,20.99
721,1377862069,20.99
721,1377862074,20.99
721,1377862079,20.99
721,1377862084,20.99
721,1377862089,20.98
721,1377862094,21.02
721,1377862099,21.0
721,1377862104,21.0
721,1377862109,20.99
721,1377862114,20.98
721,1377862119,20.99
721,1377862124,20.98
721,1377862129,20.99
721,1377862134,21.0
721,1377862139,20.98
721,1377862144,20.99
721,1377862149,20.99
721,1377862154,21.0
721,1377862159,20.98
721,1377862164,20.99
721,1377862169,20.99
721,1377862174,20.99
721,1377862179,20.99
721,1377862184,20.99
721,1377862189,20.98
721,1377862194,20.99
721,1377862199,20.98
721,1377862204,20.99
721,1377862209,20.99
721,1377862214,20.99
721,1377862219,20.98
721,1377862224,20.99
721,1377862229,20.99
721,1377862234,20.98
721,1377862239,20.99
721,1377862244,20.99
721,1377862249,20.99
721,1377862254,20.99
721,1377862259,20.99
721,1377862264,21.0
721,1377862269,20.99
721,1377862274,20.99
721,1377862279,20.98
721,1377862285,20.98
721,1377862289,21.0
721,1377862294,20.99
721,1377862299,20.99
721,1377862304,21.0
721,1377862309,21.0
721,1377862314,21.0
721,1377862319,21.0
721,1377862324,21.0
721,1377862329,21.0
721,1377862334,20.99
721,1377862339,21.0
721,1377862344,20.99
721,1377862349,21.0
721,1377862354,21.0
721,1377862359,21.0
721,1377862364,21.0
721,1377862369,21.0
721,1377862374,21.01
721,1377862379,21.01
721,1377862384,21.01
721,1377862389,21.01
721,1377862394,21.0
721,1377862399,20.99
721,1377862404,21.0
721,1377862409,21.0
721,1377862414,21.0
721,1377862419,21.0
721,1377862424,20.99
721,1377862429,21.0
721,1377862434,21.01
721,1377862439,21.0
721,1377862444,21.0
721,1377862449,21.0
721,1377862454,21.0
721,1377862459,21.0
721,1377862464,21.0
721,1377862469,20.99
721,1377862474,21.0
721,1377862479,20.99
721,1377862484,20.99
721,1377862489,20.99
721,1377862494,21.0
721,1377862499,21.0
721,1377862504,21.0
721,1377862509,20.99
721,1377862514,20.99
721,1377862519,20.99
721,1377862524,20.99
721,1377862529,20.99
721,1377862534,20.98
721,1377862539,20.99
721,1377862544,21.0
721,1377862549,20.99
721,1377862554,20.98
721,1377862559,20.99
721,1377862564,20.98
721,1377862569,20.99
721,1377862574,21.0
721,1377862579,20.99
721,1377862584,20.98
721,1377862589,20.98
721,1377862594,20.98
721,1377862599,20.98
721,1377862604,20.98
721,1377862609,20.99
721,1377862614,20.98
721,1377862619,20.97
721,1377862624,20.99
721,1377862629,20.98
721,1377862634,20.99
721,1377862639,20.98
721,1377862644,20.98
721,1377862649,21.0
721,1377862654,20.98
721,1377862659,20.99
721,1377862664,20.99
721,1377862669,20.98
721,1377862674,20.98
721,1377862679,20.99
721,1377862684,20.98
721,1377862689,20.98
721,1377862694,20.98
721,1377862699,20.99
721,1377862704,20.98
721,1377862709,20.98
721,1377862714,20.97
721,1377862719,21.0
721,1377862724,20.98
721,1377862729,20.98
721,1377862734,20.98
721,1377862739,20.98
721,1377862744,20.98
721,1377862749,20.98
721,1377862754,20.99
721,1377862759,20.98
721,1377862764,20.98
721,1377862769,20.99
721,1377862774,21.0
721,1377862782,21.0
721,1377862784,20.98
721,1377862789,20.98
721,1377862794,20.99
721,1377862799,20.98
721,1377862804,20.99
721,1377862809,20.99
721,1377862814,20.99
721,1377862819,20.98
721,1377862824,20.98
721,1377862829,21.0
721,1377862834,20.98
721,1377862839,20.98
721,1377862844,20.99
721,1377862849,21.0
721,1377862854,20.98
721,1377862859,20.99
721,1377862864,20.99
721,1377862869,20.99
721,1377862874,20.99
721,1377862879,20.99
721,1377862884,20.99
721,1377862889,21.0
721,1377862894,20.98
721,1377862899,20.99
721,1377862904,20.98
721,1377862909,20.99
721,1377862914,21.0
721,1377862919,20.98
721,1377862924,20.99
721,1377862929,21.0
721,1377862934,20.98
721,1377862939,21.0
721,1377862944,21.0
721,1377862949,20.98
721,1377862954,20.99
721,1377862959,20.98
721,1377862964,20.99
721,1377862969,20.99
721,1377862974,20.98
721,1377862979,20.99
721,1377862984,20.98
721,1377862989,20.99
721,1377862994,21.0
721,1377862999,20.99
721,1377863004,20.98
721,1377863009,20.98
721,1377863014,20.98
721,1377863019,20.99
721,1377863024,21.0
721,1377863029,20.99
721,1377863034,20.99
721,1377863039,21.0
721,1377863044,21.0
721,1377863049,21.0
721,1377863054,20.98
721,1377863059,20.99
721,1377863064,20.98
721,1377863069,20.98
721,1377863074,20.98
721,1377863079,20.99
721,1377863084,20.98
721,1377863089,20.98
721,1377863094,20.98
721,1377863099,20.97
721,1377863104,20.99
721,1377863109,20.97
721,1377863114,20.98
721,1377863119,20.98
721,1377863124,20.98
721,1377863129,20.97
721,1377863134,20.98
721,1377863139,20.97
721,1377863144,20.97
721,1377863149,20.97
721,1377863154,20.98
721,1377863159,20.98
721,1377863164,20.97
721,1377863169,20.98
721,1377863174,20.97
721,1377863179,20.96
721,1377863184,20.96
721,1377863189,20.96
721,1377863194,20.96
721,1377863199,20.96
721,1377863204,20.97
721,1377863209,20.96
721,1377863214,20.96
721,1377863219,20.97
721,1377863224,20.96
721,1377863229,20.97
721,1377863234,20.96
721,1377863239,20.96
721,1377863244,20.97
721,1377863249,20.96
721,1377863254,20.96
721,1377863259,20.96
721,1377863264,20.97
721,1377863269,20.96
721,1377863274,20.96
721,1377863279,20.95
721,1377863284,20.96
721,1377863289,20.96
721,1377863294,20.96
721,1377863299,20.96
721,1377863304,20.96
721,1377863309,20.96
721,1377863314,20.96
721,1377863319,20.96
721,1377863324,20.96
721,1377863329,20.96
721,1377863334,20.95
721,1377863339,20.96
721,1377863344,20.96
721,1377863349,20.96
721,1377863354,20.95
721,1377863359,20.95
721,1377863364,20.95
721,1377863369,20.93
721,1377863374,20.96
721,1377863379,20.94
721,1377863384,20.95
721,1377863389,20.95
721,1377863394,20.95
721,1377863399,20.96
721,1377863404,20.94
721,1377863409,20.95
721,1377863414,20.95
721,1377863419,20.94
721,1377863424,20.95
721,1377863429,20.94
721,1377863434,20.95
721,1377863439,20.94
721,1377863444,20.94
721,1377863449,20.95
721,1377863454,20.94
721,1377863459,20.95
721,1377863464,20.94
721,1377863469,20.94
721,1377863474,20.94
721,1377863479,20.93
721,1377863484,20.94
721,1377863489,20.93
721,1377863494,20.94
721,1377863499,20.94
721,1377863508,20.94
721,1377863509,20.95
721,1377863514,20.94
721,1377863519,20.94
721,1377863524,20.95
721,1377863529,20.94
721,1377863534,20.94
721,1377863539,20.94
721,1377863544,20.95
721,1377863549,20.94
721,1377863554,20.94
721,1377863559,20.94
721,1377863564,20.94
721,1377863569,20.94
721,1377863574,20.93
721,1377863579,20.94
721,1377863584,20.94
721,1377863589,20.94
721,1377863594,20.95
721,1377863599,20.96
721,1377863604,20.95
721,1377863609,20.95
721,1377863614,20.94
721,1377863619,20.95
721,1377863624,20.94
721,1377863629,20.94
721,1377863634,20.95
721,1377863639,20.94
721,1377863644,20.94
721,1377863649,20.94
721,1377863654,20.94
721,1377863659,20.95
721,1377863664,20.94
721,1377863669,20.95
721,1377863674,20.94
721,1377863679,20.94
721,1377863684,20.93
721,1377863689,20.94
721,1377863694,20.94
721,1377863699,20.94
721,1377863704,20.94
721,1377863709,20.94
721,1377863714,20.94
721,1377863719,20.94
721,1377863724,20.94
721,1377863729,20.94
721,1377863734,20.94
721,1377863739,20.94
721,1377863744,20.94
721,1377863749,20.94
721,1377863754,20.94
721,1377863759,20.94
721,1377863764,20.94
721,1377863769,20.94
721,1377863774,20.93
721,1377863779,20.94
721,1377863784,20.94
721,1377863789,20.96
721,1377863794,20.94
721,1377863799,20.94
721,1377863804,20.94
721,1377863809,20.94
721,1377863814,20.94
721,1377863819,20.94
721,1377863824,20.94
721,1377863829,20.94
721,1377863834,20.93
721,1377863839,20.93
721,1377863844,20.94
721,1377863849,20.93
721,1377863854,20.94
721,1377863859,20.94
721,1377863864,20.93
721,1377863869,20.94
721,1377863874,20.93
721,1377863879,20.94
721,1377863884,20.94
721,1377863889,20.93
721,1377863894,20.94
721,1377863899,20.94
721,1377863904,20.94
721,1377863909,20.93
721,1377863914,20.94
721,1377863919,20.94
721,1377863924,20.93
721,1377863929,20.93
721,1377863934,20.93
721,1377863939,20.94
721,1377863944,20.93
721,1377863949,20.94
721,1377863954,20.94
721,1377863959,20.93
721,1377863964,20.94
721,1377863969,20.95
721,1377863974,20.94
721,1377863979,20.95
721,1377863984,20.94
721,1377863989,20.94
721,1377863994,20.94
721,1377863999,20.93
721,1377864004,20.94
721,1377864009,20.93
721,1377864014,20.92
721,1377864019,20.94
721,1377864024,20.94
721,1377864029,20.94
721,1377864034,20.94
721,1377864039,20.94
721,1377864044,20.94
721,1377864049,20.93
721,1377864054,20.94
721,1377864059,20.93
721,1377864064,20.92
721,1377864069,20.92
721,1377864074,20.92
721,1377864079,20.92
721,1377864084,20.92
721,1377864089,20.93
721,1377864094,20.92
721,1377864099,20.93
721,1377864104,20.93
721,1377864109,20.92
721,1377864114,20.93
721,1377864119,20.92
721,1377864124,20.92
721,1377864129,20.93
721,1377864134,20.93
721,1377864139,20.92
721,1377864144,20.93
721,1377864149,20.93
721,1377864154,20.91
721,1377864159,20.92
721,1377864164,20.92
721,1377864169,20.92
721,1377864174,20.92
721,1377864179,20.92
721,1377864184,20.93
721,1377864189,20.92
721,1377864194,20.92
721,1377864199,20.92
721,1377864204,20.94
721,1377864209,20.93
721,1377864214,20.92
721,1377864219,20.93
721,1377864228,20.92
721,1377864229,20.92
721,1377864234,20.92
721,1377864239,20.93
721,1377864244,20.92
721,1377864249,20.93
721,1377864254,20.92
721,1377864259,20.92
721,1377864264,20.92
721,1377864269,20.92
721,1377864274,20.92
721,1377864279,20.92
721,1377864284,20.92
721,1377864289,20.92
721,1377864294,20.91
721,1377864299,20.91
721,1377864304,20.91
721,1377864309,20.92
721,1377864314,20.92
721,1377864319,20.91
721,1377864324,20.91
721,1377864329,20.91
721,1377864334,20.92
721,1377864339,20.92
721,1377864344,20.92
721,1377864349,20.92
721,1377864354,20.91
721,1377864359,20.92
721,1377864364,20.92
721,1377864369,20.91
721,1377864374,20.9
721,1377864379,20.91
721,1377864384,20.92
721,1377864389,20.92
721,1377864394,20.92
721,1377864399,20.91
721,1377864404,20.91
721,1377864409,20.91
721,1377864414,20.91
721,1377864419,20.92
721,1377864424,20.92
721,1377864429,20.92
721,1377864434,20.92
721,1377864439,20.92
721,1377864444,20.92
721,1377864449,20.92
721,1377864454,20.91
721,1377864459,20.93
721,1377864464,20.92
721,1377864469,20.92
721,1377864474,20.92
721,1377864479,20.92
721,1377864484,20.92
721,1377864489,20.92
721,1377864494,20.92
721,1377864499,20.91
721,1377864504,20.92
721,1377864509,20.92
721,1377864514,20.92
721,1377864519,20.92
721,1377864524,20.91
721,1377864529,20.92
721,1377864534,20.92
721,1377864539,20.92
721,1377864544,20.92
721,1377864549,20.92
721,1377864554,20.92
721,1377864559,20.92
721,1377864564,20.91
721,1377864569,20.93
721,1377864574,20.92
721,1377864579,20.92
721,1377864584,20.91
721,1377864589,20.93
721,1377864594,20.92
721,1377864599,20.92
721,1377864604,20.92
721,1377864609,20.93
721,1377864614,20.93
721,1377864619,20.92
721,1377864624,20.91
721,1377864629,20.92
721,1377864634,20.93
721,1377864639,20.92
721,1377864644,20.92
721,1377864649,20.92
721,1377864654,20.92
721,1377864659,20.92
721,1377864664,20.93
721,1377864669,20.93
721,1377864674,20.93
721,1377864679,20.92
721,1377864684,20.92
721,1377864689,20.93
721,1377864694,20.92
721,1377864699,20.92
721,1377864704,20.92
721,1377864709,20.92
721,1377864714,20.92
721,1377864719,20.91
721,1377864724,20.92
721,1377864729,20.91
721,1377864734,20.92
721,1377864739,20.92
721,1377864744,20.91
721,1377864749,20.91
721,1377864754,20.91
721,1377864759,20.9
721,1377864764,20.92
721,1377864769,20.92
721,1377864774,20.91
721,1377864779,20.91
721,1377864784,20.92
721,1377864789,20.91
721,1377864794,20.9
721,1377864799,20.91
721,1377864804,20.92
721,1377864809,20.91
721,1377864814,20.92
721,1377864819,20.91
721,1377864824,20.91
721,1377864829,20.9
721,1377864834,20.91
721,1377864839,20.91
721,1377864844,20.91
721,1377864849,20.91
721,1377864854,20.91
721,1377864859,20.91
721,1377864864,20.92
721,1377864869,20.9
721,1377864874,20.92
721,1377864879,20.91
721,1377864884,20.9
721,1377864889,20.91
721,1377864894,20.9
721,1377864899,20.9
721,1377864904,20.91
721,1377864909,20.91
721,1377864914,20.92
721,1377864919,20.9
721,1377864925,20.9
721,1377864929,20.9
721,1377864934,20.91
721,1377864939,20.91
721,1377864944,20.9
721,1377864949,20.91
721,1377864954,20.9
721,1377864959,20.89
721,1377864964,20.9
721,1377864969,20.9
721,1377864974,20.9
721,1377864979,20.9
721,1377864984,20.9
721,1377864989,20.91
721,1377864994,20.89
721,1377864999,20.9
721,1377865004,20.9
721,1377865009,20.9
721,1377865014,20.9
721,1377865019,20.91
721,1377865024,20.9
721,1377865029,20.9
721,1377865034,20.9
721,1377865039,20.9
721,1377865044,20.9
721,1377865049,20.91
721,1377865054,20.9
721,1377865059,20.91
721,1377865064,20.9
721,1377865069,20.9
721,1377865074,20.9
721,1377865079,20.9
721,1377865084,20.91
721,1377865089,20.9
721,1377865094,20.91
721,1377865099,20.9
721,1377865104,20.91
721,1377865109,20.9
721,1377865114,20.9
721,1377865119,20.9
721,1377865124,20.9
721,1377865129,20.9
721,1377865134,20.9
721,1377865139,20.91
721,1377865144,20.9
721,1377865149,20.9
721,1377865154,20.9
721,1377865159,20.89
721,1377865164,20.91
721,1377865169,20.9
721,1377865174,20.89
721,1377865179,20.9
721,1377865184,20.9
721,1377865189,20.9
721,1377865194,20.9
721,1377865199,20.89
721,1377865204,20.89
721,1377865209,20.9
721,1377865214,20.91
721,1377865219,20.9
721,1377865224,20.9
721,1377865229,20.91
721,1377865234,20.91
721,1377865239,20.91
721,1377865244,20.9
721,1377865249,20.9
721,1377865254,20.9
721,1377865259,20.89
721,1377865264,20.9
721,1377865269,20.9
721,1377865274,20.9
721,1377865279,20.9
721,1377865284,20.9
721,1377865289,20.9
721,1377865294,20.9
721,1377865299,20.92
721,1377865304,20.9
721,1377865309,20.9
721,1377865314,20.89
721,1377865319,20.89
721,1377865324,20.91
721,1377865329,20.89
721,1377865334,20.9
721,1377865339,20.9
721,1377865344,20.89
721,1377865349,20.9
721,1377865354,20.9
721,1377865359,20.88
721,1377865364,20.89
721,1377865369,20.9
721,1377865374,20.89
721,1377865379,20.9
721,1377865384,20.9
721,1377865389,20.9
721,1377865394,20.9
721,1377865399,20.91
721,1377865404,20.89
721,1377865409,20.9
721,1377865414,20.89
721,1377865419,20.9
721,1377865424,20.9
721,1377865429,20.89
721,1377865434,20.9
721,1377865439,20.9
721,1377865444,20.89
721,1377865449,20.89
721,1377865454,20.89
721,1377865459,20.89
721,1377865464,20.9
721,1377865469,20.9
721,1377865474,20.9
721,1377865479,20.9
721,1377865484,20.9
721,1377865489,20.91
721,1377865494,20.9
721,1377865499,20.9
721,1377865504,20.89
721,1377865509,20.9
721,1377865514,20.9
721,1377865519,20.91
721,1377865524,20.9
721,1377865529,20.9
721,1377865534,20.9
721,1377865539,20.9
721,1377865544,20.9
721,1377865549,20.9
721,1377865554,20.9
721,1377865559,20.9
721,1377865564,20.9
721,1377865569,20.91
721,1377865574,20.9
721,1377865579,20.9
721,1377865584,20.9
721,1377865589,20.91
721,1377865594,20.9
721,1377865599,20.91
721,1377865604,20.9
721,1377865609,20.91
721,1377865614,20.9
721,1377865619,20.9
721,1377865624,20.9
721,1377865629,20.91
721,1377865634,20.91
721,1377865639,20.91
721,1377865645,20.91
721,1377865649,20.91
721,1377865654,20.91
721,1377865659,20.89
721,1377865664,20.91
721,1377865669,20.91
721,1377865674,20.9
721,1377865679,20.91
721,1377865684,20.91
721,1377865689,20.91
721,1377865694,20.9
721,1377865699,20.9
721,1377865704,20.92
721,1377865709,20.9
721,1377865714,20.9
721,1377865719,20.9
721,1377865724,20.9
721,1377865729,20.9
721,1377865734,20.91
721,1377865739,20.9
721,1377865744,20.91
721,1377865749,20.9
721,1377865754,20.9
721,1377865759,20.9
721,1377865764,20.9
721,1377865769,20.9
721,1377865774,20.9
721,1377865779,20.89
721,1377865784,20.89
721,1377865789,20.9
721,1377865794,20.89
721,1377865799,20.9
721,1377865804,20.9
721,1377865809,20.9
721,1377865814,20.89
721,1377865819,20.89
721,1377865824,20.9
721,1377865829,20.88
721,1377865834,20.9
721,1377865839,20.89
721,1377865844,20.88
721,1377865849,20.89
721,1377865854,20.89
721,1377865859,20.88
721,1377865864,20.88
721,1377865869,20.88
721,1377865874,20.89
721,1377865879,20.88
721,1377865884,20.88
721,1377865889,20.89
721,1377865895,20.88
721,1377865899,20.89
721,1377865904,20.88
721,1377865909,20.88
721,1377865914,20.88
721,1377865919,20.89
721,1377865924,20.88
721,1377865929,20.88
721,1377865934,20.88
721,1377865939,20.89
721,1377865944,20.88
721,1377865949,20.86
721,1377865954,20.88
721,1377865959,20.88
721,1377865964,20.88
721,1377865969,20.88
721,1377865974,20.88
721,1377865979,20.86
721,1377865984,20.88
721,1377865989,20.87
721,1377865994,20.87
721,1377865999,20.88
721,1377866004,20.88
721,1377866009,20.88
721,1377866014,20.88
721,1377866019,20.87
721,1377866024,20.87
721,1377866029,20.88
721,1377866034,20.87
721,1377866039,20.88
721,1377866044,20.87
721,1377866049,20.88
721,1377866054,20.88
721,1377866059,20.88
721,1377866064,20.88
721,1377866069,20.88
721,1377866074,20.87
721,1377866079,20.89
721,1377866084,20.87
721,1377866089,20.87
721,1377866094,20.88
721,1377866099,20.87
721,1377866104,20.87
721,1377866109,20.88
721,1377866114,20.87
721,1377866119,20.86
721,1377866124,20.87
721,1377866129,20.87
721,1377866134,20.87
721,1377866139,20.86
721,1377866144,20.88
721,1377866149,20.88
721,1377866154,20.86
721,1377866159,20.86
721,1377866164,20.87
721,1377866169,20.87
721,1377866174,20.86
721,1377866179,20.87
721,1377866184,20.87
721,1377866189,20.86
721,1377866194,20.86
721,1377866199,20.87
721,1377866204,20.87
721,1377866209,20.86
721,1377866214,20.87
721,1377866219,20.87
721,1377866224,20.86
721,1377866229,20.86
721,1377866234,20.86
721,1377866239,20.86
721,1377866244,20.87
721,1377866249,20.86
721,1377866254,20.86
721,1377866259,20.86
721,1377866264,20.86
721,1377866269,20.85
721,1377866274,20.86
721,1377866279,20.86
721,1377866284,20.86
721,1377866289,20.86
721,1377866294,20.86
721,1377866299,20.86
721,1377866304,20.86
721,1377866309,20.87
721,1377866314,20.86
721,1377866319,20.85
721,1377866324,20.86
721,1377866329,20.86
721,1377866334,20.85
721,1377866339,20.86
721,1377866344,20.86
721,1377866349,20.86
721,1377866354,20.86
721,1377866359,20.86
721,1377866364,20.86
721,1377866369,20.88
721,1377866374,20.86
721,1377866379,20.85
721,1377866384,20.88
721,1377866389,20.86
721,1377866394,20.87
721,1377866399,20.87
721,1377866404,20.86
721,1377866409,20.86
721,1377866415,20.86
721,1377866419,20.88
721,1377866424,20.86
721,1377866429,20.86
721,1377866434,20.86
721,1377866439,20.85
721,1377866444,20.86
721,1377866449,20.86
721,1377866454,20.85
721,1377866459,20.86
721,1377866464,20.85
721,1377866469,20.86
721,1377866474,20.86
721,1377866479,20.86
721,1377866484,20.86
721,1377866489,20.86
721,1377866494,20.86
721,1377866499,20.85
721,1377866504,20.86
721,1377866509,20.85
721,1377866514,20.86
721,1377866519,20.86
721,1377866524,20.85
721,1377866529,20.86
721,1377866534,20.85
721,1377866539,20.85
721,1377866544,20.84
721,1377866549,20.86
721,1377866554,20.85
721,1377866559,20.86
721,1377866564,20.86
721,1377866569,20.85
721,1377866574,20.86
721,1377866579,20.84
721,1377866584,20.86
721,1377866589,20.85
721,1377866594,20.85
721,1377866599,20.84
721,1377866604,20.84
721,1377866609,20.84
721,1377866614,20.85
721,1377866619,20.85
721,1377866624,20.85
721,1377866629,20.85
721,1377866634,20.84
721,1377866639,20.85
721,1377866644,20.84
721,1377866649,20.85
721,1377866654,20.85
721,1377866659,20.85
721,1377866664,20.84
721,1377866669,20.84
721,1377866674,20.84
721,1377866679,20.84
721,1377866684,20.84
721,1377866689,20.85
721,1377866694,20.84
721,1377866699,20.84
721,1377866704,20.84
721,1377866709,20.85
721,1377866714,20.85
721,1377866719,20.85
721,1377866724,20.85
721,1377866729,20.84
721,1377866734,20.85
721,1377866739,20.83
721,1377866744,20.84
721,1377866749,20.84
721,1377866754,20.85
721,1377866759,20.84
721,1377866764,20.85
721,1377866769,20.85
721,1377866774,20.85
721,1377866779,20.84
721,1377866784,20.85
721,1377866789,20.85
721,1377866794,20.83
721,1377866799,20.84
721,1377866804,20.85
721,1377866809,20.84
721,1377866814,20.84
721,1377866819,20.85
721,1377866824,20.86
721,1377866829,20.85
721,1377866834,20.85
721,1377866839,20.85
721,1377866844,20.85
721,1377866849,20.85
721,1377866854,20.84
721,1377866859,20.86
721,1377866864,20.84
721,1377866869,20.86
721,1377866874,20.84
721,1377866879,20.85
721,1377866884,20.86
721,1377866889,20.85
721,1377866894,20.85
721,1377866899,20.85
721,1377866904,20.86
721,1377866909,20.84
721,1377866914,20.85
721,1377866919,20.85
721,1377866924,20.86
721,1377866929,20.85
721,1377866934,20.85
721,1377866939,20.84
721,1377866944,20.86
721,1377866949,20.84
721,1377866954,20.86
721,1377866959,20.85
721,1377866964,20.85
721,1377866969,20.85
721,1377866974,20.84
721,1377866979,20.84
721,1377866984,20.85
721,1377866989,20.85
721,1377866994,20.84
721,1377866999,20.85
721,1377867004,20.85
721,1377867009,20.84
721,1377867014,20.84
721,1377867019,20.84
721,1377867024,20.85
721,1377867029,20.85
721,1377867034,20.84
721,1377867039,20.84
721,1377867044,20.84
721,1377867049,20.84
721,1377867054,20.85
721,1377867059,20.85
721,1377867064,20.84
721,1377867069,20.84
721,1377867074,20.85
721,1377867079,20.83
721,1377867084,20.83
721,1377867089,20.85
721,1377867094,20.84
721,1377867099,20.83
721,1377867104,20.83
721,1377867110,20.83
721,1377867114,20.83
721,1377867119,20.84
721,1377867124,20.83
721,1377867129,20.84
721,1377867134,20.84
721,1377867139,20.84
721,1377867144,20.83
721,1377867149,20.84
721,1377867154,20.84
721,1377867159,20.83
721,1377867164,20.83
721,1377867173,20.83
721,1377867174,20.84
721,1377867179,20.83
721,1377867184,20.82
721,1377867189,20.82
721,1377867194,20.84
721,1377867199,20.82
721,1377867204,20.84
721,1377867209,20.84
721,1377867214,20.83
721,1377867219,20.84
721,1377867224,20.84
721,1377867229,20.84
721,1377867234,20.84
721,1377867239,20.82
721,1377867244,20.84
721,1377867249,20.83
721,1377867254,20.83
721,1377867259,20.84
721,1377867264,20.84
721,1377867269,20.83
721,1377867274,20.83
721,1377867279,20.84
721,1377867284,20.83
721,1377867289,20.84
721,1377867294,20.84
721,1377867299,20.83
721,1377867304,20.83
721,1377867309,20.83
721,1377867314,20.83
721,1377867319,20.83
721,1377867324,20.82
721,1377867329,20.83
721,1377867334,20.83
721,1377867339,20.82
721,1377867344,20.83
721,1377867349,20.84
721,1377867354,20.82
721,1377867359,20.84
721,1377867364,20.82
721,1377867369,20.84
721,1377867374,20.84
721,1377867379,20.82
721,1377867384,20.84
721,1377867389,20.83
721,1377867394,20.82
721,1377867399,20.83
721,1377867404,20.84
721,1377867409,20.84
721,1377867414,20.84
721,1377867419,20.83
721,1377867424,20.84
721,1377867429,20.84
721,1377867434,20.83
721,1377867439,20.83
721,1377867444,20.83
721,1377867449,20.83
721,1377867454,20.83
721,1377867459,20.83
721,1377867464,20.82
721,1377867469,20.83
721,1377867474,20.82
721,1377867479,20.82
721,1377867484,20.82
721,1377867489,20.82
721,1377867494,20.83
721,1377867499,20.83
721,1377867504,20.83
721,1377867509,20.82
721,1377867514,20.82
721,1377867519,20.82
721,1377867524,20.82
721,1377867529,20.82
721,1377867534,20.81
721,1377867539,20.82
721,1377867544,20.81
721,1377867549,20.82
721,1377867554,20.81
721,1377867559,20.82
721,1377867564,20.83
721,1377867569,20.82
721,1377867574,20.82
721,1377867579,20.81
721,1377867584,20.81
721,1377867589,20.81
721,1377867594,20.82
721,1377867599,20.81
721,1377867604,20.82
721,1377867609,20.81
721,1377867614,20.82
721,1377867619,20.82
721,1377867624,20.81
721,1377867629,20.82
721,1377867634,20.81
721,1377867639,20.82
721,1377867644,20.82
721,1377867649,20.81
721,1377867654,20.82
721,1377867659,20.8
721,1377867664,20.82
721,1377867669,20.82
721,1377867674,20.82
721,1377867679,20.81
721,1377867684,20.81
721,1377867689,20.82
721,1377867694,20.81
721,1377867699,20.81
721,1377867704,20.82
721,1377867709,20.82
721,1377867714,20.82
721,1377867719,20.81
721,1377867724,20.81
721,1377867729,20.82
721,1377867734,20.82
721,1377867739,20.81
721,1377867744,20.83
721,1377867749,20.81
721,1377867754,20.82
721,1377867759,20.81
721,1377867764,20.82
721,1377867769,20.82
721,1377867774,20.8
721,1377867779,20.82
721,1377867784,20.82
721,1377867789,20.82
721,1377867794,20.81
721,1377867799,20.82
721,1377867804,20.81
721,1377867809,20.81
721,1377867814,20.81
721,1377867819,20.81
721,1377867824,20.81
721,1377867829,20.81
721,1377867834,20.82
721,1377867839,20.82
721,1377867844,20.82
721,1377867849,20.8
721,1377867854,20.8
721,1377867859,20.8
721,1377867864,20.8
721,1377867869,20.79
721,1377867874,20.8
721,1377867879,20.81
721,1377867884,20.81
721,1377867889,20.8
721,1377867894,20.8
721,1377867899,20.8
721,1377867904,20.8
721,1377867909,20.8
721,1377867914,20.81
721,1377867919,20.8
721,1377867924,20.8
721,1377867929,20.8
721,1377867934,20.81
721,1377867939,20.8
721,1377867944,20.8
721,1377867949,20.79
721,1377867954,20.81
721,1377867959,20.8
721,1377867964,20.81
721,1377867969,20.8
721,1377867974,20.8
721,1377867979,20.81
721,1377867984,20.8
721,1377867989,20.8
721,1377867994,20.8
721,1377867999,20.8
721,1377868004,20.8
721,1377868009,20.8
721,1377868014,20.8
721,1377868019,20.8
721,1377868024,20.78
721,1377868029,20.79
721,1377868034,20.8
721,1377868039,20.79
721,1377868044,20.8
721,1377868049,20.79
721,1377868054,20.79
721,1377868059,20.79
721,1377868064,20.8
721,1377868069,20.79
721,1377868074,20.8
721,1377868079,20.79
721,1377868084,20.8
721,1377868089,20.8
721,1377868094,20.8
721,1377868099,20.8
721,1377868104,20.8
721,1377868109,20.79
721,1377868114,20.8
721,1377868119,20.8
721,1377868124,20.8
721,1377868129,20.79
721,1377868134,20.79
721,1377868139,20.8
721,1377868144,20.8
721,1377868149,20.79
721,1377868154,20.8
721,1377868159,20.8
721,1377868164,20.8
721,1377868169,20.79
721,1377868174,20.79
721,1377868179,20.8
721,1377868184,20.8
721,1377868189,20.8
721,1377868194,20.8
721,1377868199,20.8
721,1377868204,20.79
721,1377868209,20.8
721,1377868214,20.79
721,1377868219,20.79
721,1377868224,20.8
721,1377868229,20.8
721,1377868234,20.8
721,1377868239,20.79
721,1377868244,20.79
721,1377868249,20.8
721,1377868254,20.79
721,1377868259,20.8
721,1377868264,20.79
721,1377868269,20.79
721,1377868274,20.8
721,1377868279,20.8
721,1377868284,20.8
721,1377868289,20.79
721,1377868294,20.8
721,1377868299,20.79
721,1377868304,20.79
721,1377868309,20.8
721,1377868314,20.8
721,1377868319,20.79
721,1377868324,20.78
721,1377868329,20.8
721,1377868334,20.8
721,1377868339,20.8
721,1377868344,20.79
721,1377868349,20.79
721,1377868354,20.8
721,1377868359,20.79
721,1377868364,20.8
721,1377868369,20.79
721,1377868374,20.79
721,1377868379,20.8
721,1377868384,20.8
721,1377868389,20.8
721,1377868394,20.79
721,1377868399,20.81
721,1377868404,20.8
721,1377868409,20.79
721,1377868414,20.8
721,1377868419,20.8
721,1377868424,20.79
721,1377868429,20.79
721,1377868434,20.8
721,1377868439,20.79
721,1377868444,20.8
721,1377868449,20.78
721,1377868454,20.79
721,1377868459,20.78
721,1377868464,20.79
721,1377868469,20.8
721,1377868474,20.8
721,1377868479,20.8
721,1377868484,20.79
721,1377868489,20.8
721,1377868494,20.78
721,1377868499,20.78
721,1377868504,20.79
721,1377868509,20.8
721,1377868514,20.78
721,1377868519,20.8
721,1377868524,20.8
721,1377868529,20.79
721,1377868534,20.79
721,1377868539,20.79
721,1377868544,20.78
721,1377868549,20.79
721,1377868554,20.8
721,1377868559,20.78
721,1377868564,20.8
721,1377868569,20.8
721,1377868574,20.8
721,1377868579,20.8
721,1377868584,20.79
721,1377868589,20.8
721,1377868594,20.8
721,1377868599,20.79
721,1377868604,20.79
721,1377868609,20.79
721,1377868614,20.8
721,1377868619,20.8
721,1377868624,20.79
721,1377868629,20.8
721,1377868634,20.8
721,1377868639,20.8
721,1377868644,20.8
721,1377868649,20.8
721,1377868654,20.79
721,1377868659,20.8
721,1377868664,20.79
721,1377868669,20.8
721,1377868674,20.8
721,1377868679,20.8
721,1377868684,20.79
721,1377868689,20.8
721,1377868694,20.79
721,1377868699,20.79
721,1377868704,20.78
721,1377868709,20.8
721,1377868714,20.78
721,1377868719,20.8
721,1377868725,20.79
721,1377868729,20.79
721,1377868734,20.8
721,1377868739,20.79
721,1377868744,20.78
721,1377868749,20.79
721,1377868754,20.8
721,1377868759,20.79
721,1377868764,20.8
721,1377868769,20.79
721,1377868774,20.79
721,1377868779,20.8
721,1377868784,20.79
721,1377868789,20.79
721,1377868794,20.78
721,1377868799,20.79
721,1377868804,20.79
721,1377868809,20.79
721,1377868814,20.79
721,1377868819,20.79
721,1377868824,20.8
721,1377868829,20.79
721,1377868834,20.8
721,1377868839,20.79
721,1377868844,20.8
721,1377868849,20.79
721,1377868854,20.79
721,1377868859,20.77
721,1377868864,20.78
721,1377868869,20.79
721,1377868874,20.8
721,1377868879,20.8
721,1377868884,20.78
721,1377868889,20.78
721,1377868894,20.78
721,1377868899,20.79
721,1377868904,20.8
721,1377868909,20.79
721,1377868914,20.79
721,1377868919,20.78
721,1377868924,20.79
721,1377868929,20.8
721,1377868934,20.8
721,1377868939,20.8
721,1377868944,20.8
721,1377868949,20.8
721,1377868954,20.78
721,1377868959,20.8
721,1377868964,20.8
721,1377868969,20.79
721,1377868974,20.79
721,1377868979,20.8
721,1377868984,20.8
721,1377868989,20.8
721,1377868994,20.8
721,1377868999,20.8
721,1377869004,20.8
721,1377869009,20.8
721,1377869014,20.8
721,1377869019,20.79
721,1377869024,20.8
721,1377869029,20.78
721,1377869034,20.8
721,1377869039,20.8
721,1377869044,20.79
721,1377869049,20.8
721,1377869054,20.8
721,1377869059,20.79
721,1377869064,20.79
721,1377869069,20.79
721,1377869074,20.78
721,1377869079,20.78
721,1377869084,20.78
721,1377869089,20.78
721,1377869094,20.78
721,1377869099,20.79
721,1377869104,20.8
721,1377869109,20.79
721,1377869114,20.78
721,1377869119,20.78
721,1377869124,20.79
721,1377869129,20.78
721,1377869134,20.78
721,1377869139,20.78
721,1377869144,20.79
721,1377869149,20.79
721,1377869154,20.78
721,1377869159,20.78
721,1377869164,20.79
721,1377869169,20.8
721,1377869174,20.8
721,1377869179,20.78
721,1377869184,20.78
721,1377869189,20.79
721,1377869194,20.78
721,1377869199,20.79
721,1377869204,20.79
721,1377869209,20.78
721,1377869214,20.78
721,1377869219,20.78
721,1377869224,20.78
721,1377869229,20.79
721,1377869234,20.78
721,1377869239,20.79
721,1377869244,20.78
721,1377869249,20.8
721,1377869254,20.78
721,1377869259,20.8
721,1377869264,20.78
721,1377869269,20.8
721,1377869274,20.79
721,1377869279,20.78
721,1377869284,20.78
721,1377869289,20.8
721,1377869294,20.8
721,1377869299,20.79
721,1377869304,20.79
721,1377869309,20.78
721,1377869314,20.79
721,1377869319,20.78
721,1377869324,20.78
721,1377869329,20.78
721,1377869334,20.8
721,1377869339,20.78
721,1377869344,20.78
721,1377869349,20.78
721,1377869354,20.78
721,1377869359,20.78
721,1377869364,20.78
721,1377869369,20.78
721,1377869374,20.78
721,1377869379,20.78
721,1377869384,20.79
721,1377869389,20.78
721,1377869394,20.78
721,1377869399,20.78
721,1377869404,20.78
721,1377869409,20.78
721,1377869414,20.78
721,1377869419,20.78
721,1377869424,20.79
721,1377869429,20.78
721,1377869434,20.78
721,1377869439,20.78
721,1377869444,20.78
721,1377869449,20.78
721,1377869454,20.78
721,1377869459,20.78
721,1377869464,20.78
721,1377869469,20.78
721,1377869474,20.78
721,1377869479,20.78
721,1377869484,20.8
721,1377869489,20.78
721,1377869494,20.77
721,1377869499,20.79
721,1377869504,20.79
721,1377869509,20.78
721,1377869514,20.78
721,1377869519,20.78
721,1377869524,20.78
721,1377869529,20.78
721,1377869534,20.78
721,1377869539,20.79
721,1377869545,20.79
721,1377869549,20.78
721,1377869554,20.78
721,1377869559,20.79
721,1377869564,20.78
721,1377869569,20.78
721,1377869574,20.78
721,1377869579,20.79
721,1377869584,20.78
721,1377869589,20.78
721,1377869594,20.8
721,1377869599,20.78
721,1377869604,20.78
721,1377869609,20.77
721,1377869614,20.78
721,1377869619,20.8
721,1377869624,20.78
721,1377869629,20.78
721,1377869634,20.77
721,1377869639,20.77
721,1377869644,20.79
721,1377869649,20.78
721,1377869654,20.78
721,1377869659,20.78
721,1377869664,20.78
721,1377869669,20.78
721,1377869674,20.79
721,1377869679,20.77
721,1377869684,20.78
721,1377869689,20.78
721,1377869694,20.78
721,1377869699,20.78
721,1377869704,20.78
721,1377869709,20.79
721,1377869714,20.78
721,1377869719,20.78
721,1377869724,20.79
721,1377869729,20.79
721,1377869734,20.8
721,1377869739,20.79
721,1377869744,20.77
721,1377869749,20.78
721,1377869754,20.78
721,1377869759,20.78
721,1377869764,20.79
721,1377869769,20.78
721,1377869774,20.79
721,1377869779,20.78
721,1377869784,20.78
721,1377869789,20.79
721,1377869794,20.8
721,1377869799,20.79
721,1377869804,20.78
721,1377869809,20.78
721,1377869814,20.78
721,1377869819,20.79
721,1377869824,20.78
721,1377869829,20.78
721,1377869834,20.78
721,1377869839,20.78
721,1377869844,20.77
721,1377869849,20.78
721,1377869854,20.79
721,1377869859,20.78
721,1377869864,20.78
721,1377869869,20.78
721,1377869874,20.78
721,1377869879,20.78
721,1377869884,20.78
721,1377869889,20.78
721,1377869894,20.78
721,1377869899,20.8
721,1377869904,20.78
721,1377869909,20.78
721,1377869914,20.78
721,1377869919,20.78
721,1377869924,20.78
721,1377869929,20.78
721,1377869934,20.78
721,1377869939,20.77
721,1377869944,20.78
721,1377869949,20.78
721,1377869954,20.78
721,1377869959,20.8
721,1377869964,20.78
721,1377869969,20.78
721,1377869974,20.78
721,1377869979,20.8
721,1377869984,20.78
721,1377869989,20.78
721,1377869994,20.78
721,1377869999,20.78
721,1377870004,20.78
721,1377870009,20.78
721,1377870014,20.78
721,1377870019,20.79
721,1377870024,20.79
721,1377870029,20.8
721,1377870034,20.79
721,1377870039,20.79
721,1377870044,20.79
721,1377870049,20.78
721,1377870054,20.79
721,1377870059,20.78
721,1377870064,20.78
721,1377870069,20.78
721,1377870074,20.78
721,1377870079,20.78
721,1377870084,20.78
721,1377870089,20.79
721,1377870094,20.78
721,1377870099,20.79
721,1377870104,20.78
721,1377870109,20.78
721,1377870114,20.78
721,1377870119,20.78
721,1377870124,20.78
721,1377870129,20.79
721,1377870134,20.78
721,1377870139,20.78
721,1377870144,20.78
721,1377870149,20.78
721,1377870154,20.78
721,1377870159,20.79
721,1377870165,20.79
721,1377870169,20.79
721,1377870174,20.78
721,1377870179,20.78
721,1377870184,20.78
721,1377870189,20.79
721,1377870194,20.78
721,1377870199,20.78
721,1377870204,20.78
721,1377870209,20.78
721,1377870214,20.78
721,1377870219,20.79
721,1377870224,20.78
721,1377870229,20.77
721,1377870234,20.78
721,1377870239,20.78
721,1377870244,20.78
721,1377870249,20.78
721,1377870254,20.78
721,1377870259,20.78
721,1377870264,20.78
721,1377870269,20.78
721,1377870274,20.78
721,1377870279,20.78
721,1377870284,20.78
721,1377870289,20.77
721,1377870295,20.78
721,1377870299,20.78
721,1377870304,20.76
721,1377870309,20.78
721,1377870314,20.77
721,1377870319,20.78
721,1377870324,20.77
721,1377870329,20.77
721,1377870334,20.77
721,1377870339,20.77
721,1377870344,20.77
721,1377870349,20.78
721,1377870354,20.77
721,1377870359,20.77
721,1377870364,20.77
721,1377870369,20.77
721,1377870374,20.77
721,1377870379,20.76
721,1377870384,20.76
721,1377870389,20.76
721,1377870394,20.76
721,1377870399,20.77
721,1377870404,20.77
721,1377870409,20.76
721,1377870414,20.76
721,1377870419,20.76
721,1377870424,20.76
721,1377870429,20.77
721,1377870434,20.77
721,1377870439,20.77
721,1377870444,20.77
721,1377870449,20.76
721,1377870454,20.75
721,1377870459,20.76
721,1377870464,20.76
721,1377870469,20.77
721,1377870474,20.76
721,1377870479,20.76
721,1377870484,20.76
721,1377870489,20.76
721,1377870494,20.76
721,1377870499,20.76
721,1377870504,20.76
721,1377870509,20.76
721,1377870514,20.76
721,1377870519,20.76
721,1377870524,20.75
721,1377870529,20.76
721,1377870534,20.75
721,1377870539,20.75
721,1377870544,20.76
721,1377870549,20.76
721,1377870554,20.76
721,1377870559,20.76
721,1377870564,20.76
721,1377870569,20.76
721,1377870574,20.76
721,1377870579,20.76
721,1377870584,20.76
721,1377870589,20.74
721,1377870594,20.75
721,1377870599,20.75
721,1377870604,20.75
721,1377870609,20.76
721,1377870614,20.76
721,1377870619,20.74
721,1377870624,20.76
721,1377870629,20.75
721,1377870634,20.75
721,1377870639,20.75
721,1377870644,20.76
721,1377870649,20.74
721,1377870654,20.76
721,1377870659,20.75
721,1377870664,20.74
721,1377870669,20.75
721,1377870674,20.74
721,1377870679,20.75
721,1377870684,20.75
721,1377870689,20.75
721,1377870694,20.74
721,1377870699,20.74
721,1377870704,20.75
721,1377870709,20.74
721,1377870714,20.75
721,1377870719,20.75
721,1377870724,20.76
721,1377870729,20.76
721,1377870734,20.75
721,1377870739,20.76
721,1377870744,20.75
721,1377870749,20.75
721,1377870754,20.74
721,1377870759,20.74
721,1377870764,20.74
721,1377870769,20.75
721,1377870774,20.75
721,1377870779,20.75
721,1377870784,20.75
721,1377870789,20.74
721,1377870794,20.76
721,1377870799,20.75
721,1377870804,20.75
721,1377870809,20.75
721,1377870814,20.75
721,1377870819,20.75
721,1377870824,20.75
721,1377870829,20.75
721,1377870834,20.74
721,1377870839,20.75
721,1377870844,20.75
721,1377870849,20.75
721,1377870854,20.75
721,1377870859,20.75
721,1377870864,20.76
721,1377870869,20.77
721,1377870874,20.74
721,1377870879,20.75
721,1377870884,20.74
721,1377870889,20.75
721,1377870894,20.75
721,1377870899,20.75
721,1377870904,20.76
721,1377870909,20.76
721,1377870914,20.76
721,1377870919,20.75
721,1377870924,20.75
721,1377870929,20.74
721,1377870934,20.75
721,1377870939,20.75
721,1377870944,20.75
721,1377870949,20.76
721,1377870954,20.74
721,1377870959,20.75
721,1377870964,20.74
721,1377870969,20.75
721,1377870974,20.75
721,1377870979,20.76
721,1377870984,20.75
721,1377870989,20.74
721,1377870994,20.75
721,1377870999,20.74
721,1377871004,20.76
721,1377871009,20.76
721,1377871014,20.76
721,1377871019,20.76
721,1377871024,20.76
721,1377871030,20.76
721,1377871034,20.76
721,1377871039,20.75
721,1377871044,20.75
721,1377871049,20.76
721,1377871054,20.76
721,1377871059,20.75
721,1377871064,20.75
721,1377871069,20.74
721,1377871074,20.74
721,1377871079,20.76
721,1377871084,20.75
721,1377871089,20.74
721,1377871094,20.76
721,1377871099,20.76
721,1377871104,20.75
721,1377871109,20.76
721,1377871114,20.75
721,1377871119,20.75
721,1377871124,20.75
721,1377871129,20.76
721,1377871134,20.75
721,1377871139,20.75
721,1377871144,20.74
721,1377871149,20.74
721,1377871154,20.75
721,1377871159,20.75
721,1377871164,20.75
721,1377871169,20.74
721,1377871174,20.75
721,1377871179,20.75
721,1377871184,20.76
721,1377871189,20.75
721,1377871194,20.76
721,1377871199,20.74
721,1377871204,20.74
721,1377871209,20.75
721,1377871214,20.75
721,1377871219,20.75
721,1377871224,20.75
721,1377871229,20.75
721,1377871234,20.75
721,1377871239,20.76
721,1377871244,20.74
721,1377871249,20.75
721,1377871254,20.75
721,1377871259,20.75
721,1377871264,20.74
721,1377871269,20.75
721,1377871274,20.74
721,1377871279,20.74
721,1377871284,20.75
721,1377871289,20.76
721,1377871294,20.75
721,1377871299,20.74
721,1377871304,20.75
721,1377871309,20.75
721,1377871314,20.75
721,1377871319,20.74
721,1377871324,20.75
721,1377871329,20.76
721,1377871334,20.76
721,1377871339,20.74
721,1377871344,20.74
721,1377871349,20.75
721,1377871354,20.74
721,1377871359,20.75
721,1377871364,20.76
721,1377871369,20.74
721,1377871374,20.74
721,1377871379,20.74
721,1377871384,20.75
721,1377871389,20.75
721,1377871394,20.76
721,1377871399,20.74
721,1377871404,20.75
721,1377871409,20.76
721,1377871414,20.75
721,1377871419,20.76
721,1377871424,20.76
721,1377871429,20.76
721,1377871434,20.76
721,1377871439,20.76
721,1377871444,20.76
721,1377871449,20.74
721,1377871454,20.75
721,1377871459,20.75
721,1377871464,20.76
721,1377871469,20.74
721,1377871474,20.75
721,1377871479,20.75
721,1377871484,20.74
721,1377871489,20.75
721,1377871494,20.74
721,1377871499,20.74
721,1377871504,20.74
721,1377871509,20.75
721,1377871514,20.75
721,1377871519,20.75
721,1377871524,20.76
721,1377871529,20.74
721,1377871534,20.74
721,1377871539,20.75
721,1377871544,20.75
721,1377871549,20.75
721,1377871554,20.76
721,1377871559,20.75
721,1377871564,20.76
721,1377871569,20.76
721,1377871574,20.76
721,1377871579,20.75
721,1377871584,20.74
721,1377871589,20.75
721,1377871594,20.76
721,1377871599,20.76
721,1377871604,20.75
721,1377871609,20.76
721,1377871614,20.76
721,1377871619,20.75
721,1377871624,20.76
721,1377871629,20.76
721,1377871634,20.75
721,1377871639,20.75
721,1377871644,20.76
721,1377871649,20.76
721,1377871654,20.75
721,1377871659,20.76
721,1377871664,20.75
721,1377871669,20.76
721,1377871674,20.75
721,1377871679,20.76
721,1377871684,20.76
721,1377871689,20.76
721,1377871694,20.74
721,1377871699,20.75
721,1377871704,20.75
721,1377871709,20.74
721,1377871714,20.76
721,1377871719,20.76
721,1377871724,20.76
721,1377871729,20.76
721,1377871734,20.75
721,1377871739,20.75
721,1377871744,20.75
721,1377871749,20.76
721,1377871754,20.75
721,1377871759,20.75
721,1377871765,20.75
721,1377871769,20.74
721,1377871774,20.75
721,1377871779,20.75
721,1377871784,20.75
721,1377871789,20.76
721,1377871794,20.76
721,1377871799,20.75
721,1377871804,20.75
721,1377871809,20.75
721,1377871814,20.75
721,1377871819,20.75
721,1377871824,20.75
721,1377871829,20.76
721,1377871834,20.75
721,1377871839,20.76
721,1377871844,20.75
721,1377871849,20.75
721,1377871854,20.76
721,1377871859,20.75
721,1377871864,20.76
721,1377871869,20.75
721,1377871874,20.75
721,1377871879,20.76
721,1377871884,20.75
721,1377871889,20.74
721,1377871894,20.76
721,1377871899,20.75
721,1377871904,20.76
721,1377871909,20.74
721,1377871914,20.76
721,1377871919,20.76
721,1377871924,20.76
721,1377871929,20.75
721,1377871934,20.76
721,1377871939,20.74
721,1377871944,20.75
721,1377871949,20.77
721,1377871955,20.76
721,1377871959,20.76
721,1377871964,20.75
721,1377871969,20.76
721,1377871974,20.76
721,1377871979,20.74
721,1377871984,20.76
721,1377871989,20.75
721,1377871994,20.75
721,1377871999,20.74
721,1377872004,20.76
721,1377872009,20.76
721,1377872014,20.76
721,1377872019,20.74
721,1377872024,20.77
721,1377872029,20.75
721,1377872034,20.76
721,1377872039,20.76
721,1377872044,20.76
721,1377872049,20.76
721,1377872054,20.75
721,1377872059,20.75
721,1377872064,20.75
721,1377872069,20.74
721,1377872074,20.75
721,1377872079,20.75
721,1377872084,20.76
721,1377872089,20.75
721,1377872094,20.76
721,1377872099,20.75
721,1377872104,20.76
721,1377872109,20.76
721,1377872114,20.76
721,1377872119,20.76
721,1377872124,20.76
721,1377872129,20.76
721,1377872134,20.76
721,1377872139,20.76
721,1377872144,20.76
721,1377872149,20.76
721,1377872154,20.76
721,1377872159,20.75
721,1377872164,20.75
721,1377872169,20.76
721,1377872174,20.76
721,1377872179,20.76
721,1377872184,20.75
721,1377872189,20.76
721,1377872194,20.76
721,1377872199,20.77
721,1377872204,20.76
721,1377872209,20.74
721,1377872214,20.75
721,1377872219,20.76
721,1377872224,20.76
721,1377872229,20.76
721,1377872234,20.76
721,1377872239,20.76
721,1377872244,20.75
721,1377872249,20.77
721,1377872254,20.75
721,1377872259,20.76
721,1377872264,20.76
721,1377872269,20.76
721,1377872274,20.76
721,1377872279,20.76
721,1377872284,20.76
721,1377872289,20.76
721,1377872294,20.77
721,1377872299,20.75
721,1377872304,20.74
721,1377872309,20.76
721,1377872314,20.75
721,1377872319,20.76
721,1377872324,20.76
721,1377872329,20.76
721,1377872334,20.76
721,1377872339,20.76
721,1377872344,20.76
721,1377872349,20.76
721,1377872354,20.76
721,1377872359,20.76
721,1377872364,20.76
721,1377872369,20.76
721,1377872374,20.76
721,1377872379,20.76
721,1377872384,20.76
721,1377872389,20.78
721,1377872394,20.77
721,1377872399,20.76
721,1377872404,20.77
721,1377872409,20.77
721,1377872414,20.76
721,1377872419,20.77
721,1377872424,20.78
721,1377872429,20.78
721,1377872434,20.76
721,1377872439,20.77
721,1377872444,20.76
721,1377872449,20.76
721,1377872454,20.76
721,1377872459,20.76
721,1377872464,20.77
721,1377872469,20.77
721,1377872474,20.76
721,1377872479,20.78
721,1377872484,20.76
721,1377872489,20.77
721,1377872494,20.76
721,1377872499,20.77
721,1377872504,20.77
721,1377872509,20.78
721,1377872514,20.78
721,1377872519,20.78
721,1377872524,20.78
721,1377872529,20.78
721,1377872534,20.78
721,1377872539,20.77
721,1377872544,20.78
721,1377872549,20.78
721,1377872554,20.78
721,1377872559,20.78
721,1377872564,20.77
721,1377872569,20.8
721,1377872574,20.78
721,1377872579,20.78
721,1377872584,20.77
721,1377872589,20.77
721,1377872594,20.77
721,1377872599,20.78
721,1377872604,20.78
721,1377872609,20.77
721,1377872614,20.77
721,1377872619,20.76
721,1377872624,20.76
721,1377872629,20.76
721,1377872634,20.78
721,1377872639,20.77
721,1377872644,20.78
721,1377872649,20.78
721,1377872654,20.78
721,1377872659,20.78
721,1377872664,20.79
721,1377872669,20.79
721,1377872674,20.78
721,1377872679,20.78
721,1377872684,20.78
721,1377872689,20.78
721,1377872694,20.78
721,1377872699,20.79
721,1377872704,20.78
721,1377872709,20.79
721,1377872714,20.79
721,1377872719,20.78
721,1377872724,20.78
721,1377872729,20.78
721,1377872734,20.79
721,1377872739,20.78
721,1377872744,20.77
721,1377872749,20.78
721,1377872754,20.79
721,1377872759,20.78
721,1377872764,20.78
721,1377872769,20.78
721,1377872775,20.78
721,1377872779,20.79
721,1377872784,20.79
721,1377872789,20.78
721,1377872794,20.78
721,1377872799,20.79
721,1377872804,20.78
721,1377872809,20.78
721,1377872814,20.79
721,1377872819,20.79
721,1377872824,20.78
721,1377872829,20.78
721,1377872834,20.79
721,1377872839,20.78
721,1377872844,20.78
721,1377872849,20.79
721,1377872854,20.79
721,1377872859,20.8
721,1377872864,20.79
721,1377872869,20.79
721,1377872874,20.79
721,1377872879,20.79
721,1377872884,20.79
721,1377872889,20.79
721,1377872894,20.8
721,1377872899,20.8
721,1377872904,20.8
721,1377872909,20.8
721,1377872914,20.8
721,1377872919,20.8
721,1377872924,20.79
721,1377872929,20.79
721,1377872934,20.8
721,1377872939,20.8
721,1377872944,20.81
721,1377872949,20.8
721,1377872954,20.81
721,1377872959,20.8
721,1377872964,20.79
721,1377872969,20.8
721,1377872974,20.81
721,1377872979,20.79
721,1377872984,20.81
721,1377872989,20.8
721,1377872994,20.8
721,1377872999,20.8
721,1377873004,20.8
721,1377873009,20.79
721,1377873014,20.8
721,1377873019,20.8
721,1377873024,20.8
721,1377873029,20.8
721,1377873034,20.81
721,1377873039,20.8
721,1377873044,20.8
721,1377873049,20.8
721,1377873054,20.8
721,1377873059,20.8
721,1377873064,20.8
721,1377873069,20.79
721,1377873074,20.78
721,1377873079,20.8
721,1377873084,20.8
721,1377873089,20.8
721,1377873094,20.8
721,1377873099,20.8
721,1377873104,20.79
721,1377873109,20.8
721,1377873114,20.81
721,1377873119,20.8
721,1377873124,20.8
721,1377873129,20.81
721,1377873134,20.79
721,1377873139,20.81
721,1377873144,20.8
721,1377873149,20.8
721,1377873154,20.8
721,1377873159,20.8
721,1377873168,20.81
721,1377873169,20.8
721,1377873174,20.8
721,1377873179,20.8
721,1377873184,20.82
721,1377873189,20.82
721,1377873194,20.8
721,1377873199,20.8
721,1377873204,20.8
721,1377873209,20.81
721,1377873214,20.8
721,1377873219,20.8
721,1377873224,20.8
721,1377873229,20.8
721,1377873234,20.8
721,1377873239,20.8
721,1377873244,20.81
721,1377873249,20.8
721,1377873254,20.8
721,1377873259,20.81
721,1377873264,20.8
721,1377873269,20.8
721,1377873274,20.81
721,1377873279,20.79
721,1377873284,20.8
721,1377873289,20.81
721,1377873294,20.81
721,1377873299,20.81
721,1377873304,20.8
721,1377873309,20.82
721,1377873314,20.8
721,1377873319,20.8
721,1377873324,20.82
721,1377873329,20.81
721,1377873334,20.82
721,1377873339,20.8
721,1377873344,20.81
721,1377873349,20.81
721,1377873354,20.8
721,1377873359,20.8
721,1377873364,20.81
721,1377873369,20.81
721,1377873374,20.81
721,1377873379,20.81
721,1377873384,20.81
721,1377873389,20.82
721,1377873394,20.81
721,1377873399,20.81
721,1377873404,20.81
721,1377873409,20.81
721,1377873414,20.8
721,1377873419,20.8
721,1377873424,20.81
721,1377873429,20.82
721,1377873434,20.8
721,1377873439,20.82
721,1377873444,20.81
721,1377873449,20.81
721,1377873454,20.81
721,1377873459,20.81
721,1377873464,20.82
721,1377873469,20.81
721,1377873474,20.81
721,1377873479,20.82
721,1377873484,20.82
721,1377873489,20.82
721,1377873494,20.81
721,1377873499,20.8
721,1377873504,20.8
721,1377873509,20.81
721,1377873514,20.82
721,1377873519,20.81
721,1377873524,20.81
721,1377873529,20.82
721,1377873534,20.81
721,1377873539,20.82
721,1377873544,20.83
721,1377873549,20.82
721,1377873554,20.82
721,1377873559,20.81
721,1377873564,20.82
721,1377873569,20.82
721,1377873574,20.81
721,1377873579,20.82
721,1377873584,20.82
721,1377873589,20.82
721,1377873594,20.82
721,1377873599,20.83
721,1377873604,20.82
721,1377873609,20.82
721,1377873614,20.82
721,1377873619,20.83
721,1377873624,20.82
721,1377873629,20.82
721,1377873634,20.82
721,1377873639,20.82
721,1377873644,20.82
721,1377873649,20.82
721,1377873654,20.82
721,1377873659,20.82
721,1377873664,20.82
721,1377873669,20.82
721,1377873674,20.83
721,1377873679,20.82
721,1377873684,20.82
721,1377873689,20.81
721,1377873694,20.82
721,1377873699,20.82
721,1377873704,20.82
721,1377873709,20.82
721,1377873714,20.82
721,1377873719,20.82
721,1377873724,20.83
721,1377873729,20.82
721,1377873734,20.82
721,1377873739,20.82
721,1377873744,20.84
721,1377873749,20.83
721,1377873754,20.83
721,1377873759,20.83
721,1377873764,20.83
721,1377873769,20.83
721,1377873774,20.84
721,1377873779,20.83
721,1377873784,20.82
721,1377873789,20.83
721,1377873794,20.83
721,1377873799,20.83
721,1377873804,20.83
721,1377873809,20.82
721,1377873814,20.82
721,1377873819,20.82
721,1377873824,20.82
721,1377873829,20.82
721,1377873834,20.83
721,1377873839,20.82
721,1377873844,20.82
721,1377873849,20.83
721,1377873854,20.83
721,1377873859,20.83
721,1377873864,20.83
721,1377873869,20.83
721,1377873874,20.83
721,1377873879,20.84
721,1377873884,20.85
721,1377873889,20.84
721,1377873894,20.83
721,1377873899,20.83
721,1377873904,20.83
721,1377873909,20.84
721,1377873914,20.82
721,1377873919,20.83
721,1377873924,20.84
721,1377873929,20.82
721,1377873934,20.85
721,1377873939,20.84
721,1377873944,20.84
721,1377873949,20.83
721,1377873954,20.84
721,1377873959,20.83
721,1377873964,20.84
721,1377873969,20.84
721,1377873974,20.85
721,1377873979,20.84
721,1377873984,20.84
721,1377873989,20.84
721,1377873994,20.84
721,1377873999,20.84
721,1377874004,20.84
721,1377874009,20.84
721,1377874014,20.84
721,1377874019,20.83
721,1377874024,20.84
721,1377874029,20.85
721,1377874034,20.84
721,1377874039,20.84
721,1377874044,20.84
721,1377874049,20.84
721,1377874054,20.84
721,1377874059,20.85
721,1377874064,20.84
721,1377874069,20.85
721,1377874074,20.84
721,1377874079,20.85
721,1377874084,20.85
721,1377874089,20.84
721,1377874094,20.84
721,1377874099,20.84
721,1377874104,20.84
721,1377874109,20.84
721,1377874114,20.85
721,1377874119,20.85
721,1377874124,20.85
721,1377874129,20.84
721,1377874134,20.85
721,1377874139,20.86
721,1377874144,20.84
721,1377874149,20.84
721,1377874154,20.85
721,1377874159,20.84
721,1377874164,20.86
721,1377874169,20.85
721,1377874174,20.84
721,1377874179,20.85
721,1377874184,20.86
721,1377874189,20.85
721,1377874194,20.84
721,1377874199,20.85
721,1377874204,20.87
721,1377874209,20.86
721,1377874214,20.86
721,1377874219,20.86
721,1377874224,20.86
721,1377874229,20.86
721,1377874234,20.87
721,1377874239,20.86
721,1377874244,20.86
721,1377874249,20.86
721,1377874254,20.86
721,1377874259,20.87
721,1377874264,20.88
721,1377874269,20.88
721,1377874274,20.86
721,1377874279,20.88
721,1377874284,20.88
721,1377874289,20.87
721,1377874294,20.87
721,1377874299,20.88
721,1377874304,20.88
721,1377874309,20.88
721,1377874314,20.88
721,1377874319,20.88
721,1377874324,20.89
721,1377874329,20.9
721,1377874334,20.9
721,1377874339,20.9
721,1377874344,20.89
721,1377874349,20.89
721,1377874354,20.89
721,1377874359,20.89
721,1377874364,20.9
721,1377874369,20.9
721,1377874374,20.9
721,1377874379,20.9
721,1377874384,20.9
721,1377874389,20.9
721,1377874394,20.9
721,1377874399,20.9
721,1377874404,20.9
721,1377874409,20.9
721,1377874414,20.92
721,1377874419,20.9
721,1377874424,20.92
721,1377874429,20.9
721,1377874434,20.92
721,1377874439,20.92
721,1377874444,20.9
721,1377874449,20.9
721,1377874454,20.92
721,1377874459,20.9
721,1377874464,20.91
721,1377874469,20.92
721,1377874474,20.92
721,1377874479,20.91
721,1377874484,20.92
721,1377874489,20.91
721,1377874494,20.92
721,1377874499,20.92
721,1377874504,20.91
721,1377874509,20.92
721,1377874514,20.91
721,1377874519,20.91
721,1377874524,20.92
721,1377874529,20.92
721,1377874534,20.92
721,1377874539,20.91
721,1377874544,20.92
721,1377874549,20.92
721,1377874554,20.92
721,1377874559,20.92
721,1377874564,20.92
721,1377874569,20.92
721,1377874574,20.92
721,1377874579,20.92
721,1377874584,20.92
721,1377874589,20.93
721,1377874594,20.94
721,1377874599,20.92
721,1377874604,20.92
721,1377874609,20.92
721,1377874614,20.91
721,1377874619,20.92
721,1377874624,20.92
721,1377874629,20.92
721,1377874634,20.92
721,1377874639,20.92
721,1377874644,20.93
721,1377874649,20.92
721,1377874654,20.92
721,1377874659,20.92
721,1377874664,20.94
721,1377874669,20.92
721,1377874674,20.92
721,1377874679,20.93
721,1377874684,20.94
721,1377874689,20.92
721,1377874694,20.92
721,1377874699,20.92
721,1377874704,20.92
721,1377874709,20.93
721,1377874714,20.93
721,1377874719,20.92
721,1377874724,20.94
721,1377874729,20.93
721,1377874734,20.93
721,1377874739,20.92
721,1377874744,20.93
721,1377874749,20.94
721,1377874754,20.93
721,1377874759,20.94
721,1377874764,20.93
721,1377874769,20.93
721,1377874774,20.94
721,1377874779,20.94
721,1377874784,20.92
721,1377874789,20.94
721,1377874794,20.93
721,1377874799,20.95
721,1377874804,20.94
721,1377874809,20.92
721,1377874814,20.93
721,1377874819,20.94
721,1377874824,20.94
721,1377874829,20.94
721,1377874834,20.94
721,1377874839,20.94
721,1377874844,20.92
721,1377874849,20.94
721,1377874854,20.94
721,1377874859,20.95
721,1377874864,20.94
721,1377874869,20.94
721,1377874874,20.95
721,1377874879,20.95
721,1377874884,20.95
721,1377874889,20.95
721,1377874894,20.94
721,1377874899,20.95
721,1377874904,20.94
721,1377874909,20.94
721,1377874914,20.95
721,1377874919,20.94
721,1377874924,20.94
721,1377874929,20.94
721,1377874934,20.94
721,1377874939,20.95
721,1377874944,20.96
721,1377874949,20.96
721,1377874954,20.96
721,1377874959,20.96
721,1377874964,20.94
721,1377874969,20.96
721,1377874974,20.94
721,1377874979,20.96
721,1377874984,20.96
721,1377874989,20.94
721,1377874994,20.95
721,1377874999,20.95
721,1377875004,20.95
721,1377875009,20.96
721,1377875014,20.96
721,1377875019,20.95
721,1377875024,20.96
721,1377875029,20.96
721,1377875034,20.96
721,1377875039,20.96
721,1377875044,20.96
721,1377875049,20.95
721,1377875054,20.95
721,1377875059,20.96
721,1377875064,20.96
721,1377875069,20.96
721,1377875074,20.95
721,1377875079,20.96
721,1377875084,20.96
721,1377875089,20.95
721,1377875094,20.97
721,1377875099,20.96
721,1377875104,20.98
721,1377875109,20.96
721,1377875114,20.96
721,1377875119,20.97
721,1377875124,20.96
721,1377875129,20.96
721,1377875134,20.97
721,1377875139,20.97
721,1377875144,20.97
721,1377875149,20.96
721,1377875154,20.97
721,1377875159,20.96
721,1377875164,20.97
721,1377875169,20.96
721,1377875174,20.96
721,1377875179,20.97
721,1377875184,20.98
721,1377875189,20.96
721,1377875194,20.98
721,1377875199,20.97
721,1377875204,20.97
721,1377875209,20.98
721,1377875214,20.97
721,1377875219,20.98
721,1377875224,20.98
721,1377875229,20.98
721,1377875234,20.98
721,1377875239,20.96
721,1377875244,20.98
721,1377875249,20.98
721,1377875254,20.98
721,1377875259,20.97
721,1377875264,20.98
721,1377875269,20.97
721,1377875274,20.98
721,1377875279,20.98
721,1377875284,20.97
721,1377875289,20.98
721,1377875294,20.98
721,1377875299,20.98
721,1377875304,21.0
721,1377875309,20.99
721,1377875314,20.98
721,1377875319,20.98
721,1377875324,20.99
721,1377875329,20.99
721,1377875334,20.97
721,1377875339,20.98
721,1377875344,20.99
721,1377875349,20.99
721,1377875354,20.98
721,1377875359,21.0
721,1377875364,20.98
721,1377875369,20.98
721,1377875374,20.99
721,1377875379,20.98
721,1377875384,20.98
721,1377875389,20.99
721,1377875394,20.99
721,1377875399,21.0
721,1377875404,21.0
721,1377875409,20.99
721,1377875414,21.0
721,1377875419,21.0
721,1377875424,21.0
721,1377875429,20.99
721,1377875434,20.99
721,1377875439,21.0
721,1377875444,21.0
721,1377875449,20.98
721,1377875454,20.98
721,1377875459,21.0
721,1377875464,21.0
721,1377875469,21.0
721,1377875474,20.99
721,1377875479,21.0
721,1377875484,20.99
721,1377875489,20.99
721,1377875494,21.0
721,1377875499,21.01
721,1377875504,21.0
721,1377875509,21.0
721,1377875514,21.02
721,1377875519,21.0
721,1377875524,21.0
721,1377875529,21.0
721,1377875534,21.0
721,1377875539,21.01
721,1377875544,21.0
721,1377875549,20.99
721,1377875554,21.0
721,1377875559,21.02
721,1377875564,21.0
721,1377875569,21.01
721,1377875574,21.01
721,1377875579,21.01
721,1377875584,21.0
721,1377875589,21.0
721,1377875594,21.0
721,1377875599,21.01
721,1377875604,21.0
721,1377875609,21.0
721,1377875614,21.01
721,1377875619,21.01
721,1377875624,21.02
721,1377875629,21.02
721,1377875634,21.01
721,1377875639,21.0
721,1377875644,21.01
721,1377875649,21.0
721,1377875654,21.02
721,1377875659,21.01
721,1377875664,21.01
721,1377875669,21.02
721,1377875674,21.03
721,1377875679,21.02
721,1377875684,21.01
721,1377875689,21.02
721,1377875694,21.02
721,1377875699,21.02
721,1377875704,21.02
721,1377875709,21.02
721,1377875714,21.01
721,1377875719,21.02
721,1377875724,21.02
721,1377875729,21.03
721,1377875734,21.02
721,1377875739,21.02
721,1377875744,21.02
721,1377875749,21.01
721,1377875754,21.02
721,1377875759,21.03
721,1377875764,21.02
721,1377875769,21.02
721,1377875774,21.02
721,1377875779,21.01
721,1377875784,21.01
721,1377875789,21.02
721,1377875794,21.02
721,1377875799,21.04
721,1377875804,21.02
721,1377875809,21.04
721,1377875814,21.03
721,1377875819,21.02
721,1377875824,21.03
721,1377875829,21.03
721,1377875834,21.02
721,1377875839,21.02
721,1377875844,21.02
721,1377875849,21.04
721,1377875854,21.02
721,1377875859,21.03
721,1377875864,21.03
721,1377875869,21.03
721,1377875874,21.03
721,1377875879,21.03
721,1377875884,21.04
721,1377875889,21.03
721,1377875894,21.04
721,1377875899,21.04
721,1377875904,21.02
721,1377875909,21.04
721,1377875914,21.04
721,1377875919,21.04
721,1377875924,21.03
721,1377875929,21.03
721,1377875934,21.02
721,1377875939,21.03
721,1377875944,21.03
721,1377875949,21.04
721,1377875954,21.03
721,1377875959,21.04
721,1377875964,21.04
721,1377875969,21.05
721,1377875974,21.04
721,1377875979,21.04
721,1377875984,21.04
721,1377875989,21.04
721,1377875994,21.03
721,1377875999,21.04
721,1377876004,21.04
721,1377876009,21.04
721,1377876014,21.04
721,1377876019,21.03
721,1377876024,21.02
721,1377876029,21.04
721,1377876034,21.04
721,1377876042,21.04
721,1377876044,21.04
721,1377876049,21.03
721,1377876054,21.04
721,1377876059,21.04
721,1377876064,21.02
721,1377876069,21.03
721,1377876074,21.03
721,1377876079,21.04
721,1377876084,21.04
721,1377876089,21.04
721,1377876094,21.04
721,1377876099,21.05
721,1377876104,21.04
721,1377876109,21.04
721,1377876114,21.05
721,1377876119,21.05
721,1377876124,21.05
721,1377876129,21.05
721,1377876134,21.04
721,1377876139,21.04
721,1377876144,21.04
721,1377876149,21.04
721,1377876154,21.04
721,1377876159,21.05
721,1377876164,21.04
721,1377876169,21.04
721,1377876174,21.03
721,1377876179,21.06
721,1377876184,21.06
721,1377876189,21.05
721,1377876194,21.04
721,1377876199,21.05
721,1377876204,21.06
721,1377876209,21.04
721,1377876214,21.04
721,1377876219,21.06
721,1377876224,21.06
721,1377876229,21.05
721,1377876234,21.06
721,1377876239,21.06
721,1377876244,21.06
721,1377876249,21.05
721,1377876254,21.06
721,1377876259,21.05
721,1377876264,21.06
721,1377876269,21.06
721,1377876274,21.06
721,1377876279,21.06
721,1377876284,21.06
721,1377876289,21.06
721,1377876294,21.06
721,1377876299,21.06
721,1377876304,21.07
721,1377876309,21.06
721,1377876314,21.06
721,1377876319,21.07
721,1377876324,21.08
721,1377876329,21.06
721,1377876334,21.06
721,1377876339,21.06
721,1377876344,21.06
721,1377876349,21.06
721,1377876354,21.06
721,1377876359,21.08
721,1377876364,21.07
721,1377876369,21.06
721,1377876374,21.07
721,1377876379,21.06
721,1377876384,21.06
721,1377876389,21.06
721,1377876394,21.07
721,1377876399,21.06
721,1377876404,21.08
721,1377876409,21.06
721,1377876414,21.08
721,1377876419,21.08
721,1377876424,21.07
721,1377876429,21.08
721,1377876434,21.08
721,1377876439,21.07
721,1377876444,21.08
721,1377876449,21.08
721,1377876454,21.07
721,1377876459,21.08
721,1377876464,21.08
721,1377876469,21.08
721,1377876474,21.07
721,1377876479,21.08
721,1377876484,21.07
721,1377876489,21.08
721,1377876494,21.08
721,1377876499,21.08
721,1377876504,21.08
721,1377876509,21.08
721,1377876514,21.08
721,1377876519,21.08
721,1377876524,21.08
721,1377876529,21.08
721,1377876534,21.07
721,1377876539,21.08
721,1377876544,21.08
721,1377876549,21.08
721,1377876554,21.09
721,1377876559,21.08
721,1377876564,21.09
721,1377876569,21.08
721,1377876574,21.08
721,1377876579,21.08
721,1377876584,21.08
721,1377876589,21.08
721,1377876594,21.08
721,1377876599,21.08
721,1377876604,21.09
721,1377876609,21.09
721,1377876614,21.09
721,1377876619,21.08
721,1377876624,21.09
721,1377876629,21.08
721,1377876634,21.08
721,1377876639,21.08
721,1377876644,21.09
721,1377876649,21.1
721,1377876654,21.09
721,1377876659,21.1
721,1377876664,21.08
721,1377876669,21.09
721,1377876674,21.1
721,1377876679,21.09
721,1377876684,21.09
721,1377876689,21.08
721,1377876694,21.1
721,1377876699,21.09
721,1377876704,21.1
721,1377876709,21.1
721,1377876714,21.1
721,1377876719,21.09
721,1377876724,21.09
721,1377876729,21.09
721,1377876734,21.09
721,1377876739,21.09
721,1377876744,21.09
721,1377876749,21.08
721,1377876754,21.1
721,1377876759,21.1
721,1377876764,21.09
721,1377876769,21.1
721,1377876774,21.1
721,1377876779,21.09
721,1377876784,21.1
721,1377876789,21.1
721,1377876794,21.1
721,1377876799,21.09
721,1377876803,21.1
721,1377876809,21.1
721,1377876814,21.1
721,1377876819,21.1
721,1377876824,21.1
721,1377876829,21.1
721,1377876834,21.11
721,1377876839,21.1
721,1377876844,21.12
721,1377876849,21.1
721,1377876854,21.1
721,1377876859,21.12
721,1377876864,21.11
721,1377876869,21.11
721,1377876874,21.11
721,1377876879,21.11
721,1377876884,21.12
721,1377876889,21.12
721,1377876894,21.11
721,1377876899,21.12
721,1377876904,21.12
721,1377876909,21.11
721,1377876914,21.1
721,1377876919,21.11
721,1377876924,21.12
721,1377876929,21.12
721,1377876934,21.12
721,1377876939,21.12
721,1377876944,21.11
721,1377876949,21.12
721,1377876954,21.12
721,1377876959,21.11
721,1377876964,21.11
721,1377876969,21.11
721,1377876974,21.12
721,1377876979,21.12
721,1377876984,21.12
721,1377876989,21.11
721,1377876994,21.12
721,1377876999,21.11
721,1377877004,21.12
721,1377877009,21.11
721,1377877014,21.12
721,1377877019,21.12
721,1377877024,21.12
721,1377877029,21.12
721,1377877034,21.12
721,1377877039,21.12
721,1377877044,21.13
721,1377877049,21.12
721,1377877054,21.13
721,1377877059,21.12
721,1377877064,21.12
721,1377877069,21.13
721,1377877074,21.12
721,1377877079,21.12
721,1377877084,21.12
721,1377877089,21.12
721,1377877094,21.12
721,1377877099,21.12
721,1377877104,21.13
721,1377877109,21.14
721,1377877114,21.12
721,1377877119,21.13
721,1377877124,21.13
721,1377877129,21.12
721,1377877134,21.12
721,1377877139,21.13
721,1377877144,21.12
721,1377877149,21.13
721,1377877154,21.12
721,1377877159,21.14
721,1377877164,21.13
721,1377877169,21.13
721,1377877174,21.12
721,1377877179,21.13
721,1377877184,21.13
721,1377877189,21.14
721,1377877194,21.13
721,1377877199,21.12
721,1377877204,21.13
721,1377877209,21.13
721,1377877214,21.14
721,1377877219,21.13
721,1377877224,21.14
721,1377877229,21.14
721,1377877234,21.14
721,1377877239,21.14
721,1377877244,21.14
721,1377877249,21.14
721,1377877254,21.12
721,1377877259,21.14
721,1377877264,21.14
721,1377877269,21.14
721,1377877274,21.14
721,1377877279,21.14
721,1377877284,21.14
721,1377877289,21.16
721,1377877294,21.14
721,1377877299,21.15
721,1377877304,21.14
721,1377877309,21.15
721,1377877313,21.14
721,1377877319,21.16
721,1377877324,21.15
721,1377877329,21.16
721,1377877334,21.14
721,1377877339,21.15
721,1377877344,21.15
721,1377877349,21.15
721,1377877354,21.16
721,1377877359,21.14
721,1377877364,21.16
721,1377877369,21.16
721,1377877374,21.15
721,1377877379,21.15
721,1377877384,21.15
721,1377877389,21.15
721,1377877394,21.16
721,1377877398,21.14
721,1377877404,21.16
721,1377877408,21.16
721,1377877414,21.16
721,1377877418,21.16
721,1377877424,21.15
721,1377877428,21.16
721,1377877434,21.15
721,1377877438,21.15
721,1377877444,21.16
721,1377877449,21.17
721,1377877454,21.15
721,1377877458,21.16
721,1377877464,21.16
721,1377877468,21.15
721,1377877474,21.16
721,1377877479,21.16
721,1377877484,21.16
721,1377877488,21.16
721,1377877494,21.15
721,1377877498,21.17
721,1377877504,21.16
721,1377877508,21.17
721,1377877514,21.15
721,1377877518,21.16
721,1377877524,21.16
721,1377877528,21.18
721,1377877534,21.16
721,1377877539,21.16
721,1377877544,21.16
721,1377877548,21.17
721,1377877554,21.17
721,1377877558,21.16
721,1377877564,21.17
721,1377877568,21.16
721,1377877574,21.17
721,1377877578,21.17
721,1377877584,21.16
721,1377877588,21.17
721,1377877594,21.17
721,1377877598,21.17
721,1377877604,21.17
721,1377877609,21.17
721,1377877614,21.2
721,1377877618,21.18
721,1377877624,21.18
721,1377877629,21.17
721,1377877634,21.17
721,1377877638,21.17
721,1377877644,21.17
721,1377877649,21.17
721,1377877654,21.18
721,1377877659,21.19
721,1377877664,21.16
721,1377877669,21.17
721,1377877674,21.16
721,1377877679,21.17
721,1377877684,21.18
721,1377877689,21.18
721,1377877694,21.16
721,1377877699,21.18
721,1377877704,21.18
721,1377877709,21.18
721,1377877714,21.18
721,1377877719,21.17
721,1377877724,21.17
721,1377877729,21.17
721,1377877734,21.16
721,1377877739,21.18
721,1377877744,21.18
721,1377877749,21.18
721,1377877754,21.18
721,1377877759,21.18
721,1377877764,21.18
721,1377877769,21.18
721,1377877774,21.18
721,1377877779,21.18
721,1377877784,21.18
721,1377877789,21.18
721,1377877794,21.18
721,1377877799,21.18
721,1377877804,21.18
721,1377877809,21.19
721,1377877814,21.18
721,1377877819,21.18
721,1377877824,21.18
721,1377877829,21.18
721,1377877834,21.18
721,1377877839,21.18
721,1377877844,21.18
721,1377877849,21.18
721,1377877854,21.19
721,1377877859,21.19
721,1377877864,21.19
721,1377877869,21.2
721,1377877874,21.18
721,1377877879,21.19
721,1377877884,21.18
721,1377877889,21.2
721,1377877894,21.19
721,1377877899,21.19
721,1377877904,21.19
721,1377877909,21.2
721,1377877914,21.18
721,1377877919,21.2
721,1377877924,21.18
721,1377877929,21.19
721,1377877934,21.19
721,1377877939,21.19
721,1377877944,21.18
721,1377877949,21.18
721,1377877954,21.19
721,1377877959,21.2
721,1377877964,21.2
721,1377877969,21.2
721,1377877974,21.19
721,1377877979,21.2
721,1377877984,21.19
721,1377877989,21.2
721,1377877994,21.19
721,1377877999,21.18
721,1377878004,21.19
721,1377878009,21.19
721,1377878014,21.19
721,1377878019,21.18
721,1377878024,21.2
721,1377878029,21.2
721,1377878034,21.19
721,1377878039,21.2
721,1377878044,21.2
721,1377878049,21.19
721,1377878054,21.2
721,1377878059,21.2
721,1377878064,21.2
721,1377878069,21.18
721,1377878074,21.2
721,1377878079,21.2
721,1377878084,21.2
721,1377878089,21.2
721,1377878094,21.2
721,1377878099,21.2
721,1377878104,21.2
721,1377878109,21.2
721,1377878114,21.19
721,1377878119,21.2
721,1377878124,21.2
721,1377878129,21.21
721,1377878134,21.2
721,1377878139,21.21
721,1377878144,21.2
721,1377878149,21.2
721,1377878154,21.2
721,1377878159,21.2
721,1377878164,21.2
721,1377878169,21.2
721,1377878174,21.19
721,1377878179,21.19
721,1377878184,21.2
721,1377878189,21.19
721,1377878194,21.19
721,1377878199,21.2
721,1377878204,21.19
721,1377878209,21.2
721,1377878214,21.2
721,1377878219,21.19
721,1377878224,21.19
721,1377878229,21.19
721,1377878234,21.2
721,1377878239,21.19
721,1377878244,21.2
721,1377878249,21.2
721,1377878253,21.2
721,1377878259,21.2
721,1377878264,21.2
721,1377878269,21.2
721,1377878274,21.2
721,1377878279,21.2
721,1377878284,21.19
721,1377878289,21.2
721,1377878294,21.2
721,1377878299,21.2
721,1377878304,21.2
721,1377878308,21.2
721,1377878314,21.2
721,1377878319,21.19
721,1377878324,21.2
721,1377878329,21.2
721,1377878334,21.2
721,1377878339,21.19
721,1377878344,21.2
721,1377878348,21.2
721,1377878354,21.21
721,1377878359,21.2
721,1377878364,21.2
721,1377878369,21.21
721,1377878373,21.2
721,1377878378,21.2
721,1377878383,21.21
721,1377878390,21.21
721,1377878394,21.21
721,1377878398,21.2
721,1377878404,21.2
721,1377878408,21.21
721,1377878414,21.22
721,1377878419,21.2
721,1377878424,21.2
721,1377878429,21.21
721,1377878433,21.21
721,1377878439,21.2
721,1377878444,21.21
721,1377878449,21.2
721,1377878453,21.2
721,1377878458,21.2
721,1377878464,21.21
721,1377878469,21.2
721,1377878474,21.21
721,1377878479,21.22
721,1377878483,21.21
721,1377878489,21.22
721,1377878494,21.22
721,1377878498,21.2
721,1377878503,21.22
721,1377878509,21.21
721,1377878514,21.21
721,1377878519,21.2
721,1377878523,21.22
721,1377878528,21.21
721,1377878533,21.22
721,1377878538,21.21
721,1377878544,21.21
721,1377878549,21.21
721,1377878553,21.2
721,1377878558,21.21
721,1377878564,21.22
721,1377878569,21.21
721,1377878573,21.2
721,1377878578,21.22
721,1377878583,21.22
721,1377878589,21.2
721,1377878594,21.21
721,1377878599,21.21
721,1377878603,21.22
721,1377878608,21.22
721,1377878614,21.22
721,1377878618,21.21
721,1377878624,21.22
721,1377878629,21.22
721,1377878633,21.21
721,1377878639,21.21
721,1377878643,21.22
721,1377878649,21.22
721,1377878653,21.21
721,1377878658,21.22
721,1377878664,21.22
721,1377878668,21.2
721,1377878673,21.21
721,1377878678,21.22
721,1377878683,21.21
721,1377878689,21.22
721,1377878693,21.21
721,1377878698,21.22
721,1377878704,21.21
721,1377878709,21.21
721,1377878713,21.21
721,1377878718,21.22
721,1377878723,21.21
721,1377878728,21.22
721,1377878734,21.22
721,1377878738,21.23
721,1377878743,21.22
721,1377878748,21.22
721,1377878754,21.22
721,1377878759,21.23
721,1377878763,21.22
721,1377878768,21.23
721,1377878773,21.22
721,1377878779,21.24
721,1377878783,21.22
721,1377878788,21.24
721,1377878793,21.22
721,1377878799,21.22
721,1377878803,21.22
721,1377878808,21.22
721,1377878813,21.22
721,1377878819,21.23
721,1377878823,21.23
721,1377878828,21.22
721,1377878833,21.23
721,1377878838,21.23
721,1377878843,21.24
721,1377878848,21.24
721,1377878853,21.24
721,1377878858,21.23
721,1377878863,21.23
721,1377878868,21.23
721,1377878874,21.22
721,1377878878,21.23
721,1377878883,21.23
721,1377878888,21.23
721,1377878893,21.23
721,1377878898,21.22
721,1377878903,21.23
721,1377878909,21.24
721,1377878913,21.24
721,1377878918,21.22
721,1377878923,21.23
721,1377878928,21.24
721,1377878933,21.22
721,1377878938,21.24
721,1377878943,21.24
721,1377878948,21.24
721,1377878953,21.23
721,1377878958,21.24
721,1377878963,21.24
721,1377878968,21.24
721,1377878973,21.24
721,1377878978,21.24
721,1377878983,21.23
721,1377878988,21.24
721,1377878993,21.23
721,1377878998,21.23
721,1377879003,21.23
721,1377879008,21.24
721,1377879013,21.23
721,1377879018,21.23
721,1377879023,21.22
721,1377879028,21.22
721,1377879033,21.24
721,1377879038,21.23
721,1377879043,21.23
721,1377879048,21.24
721,1377879053,21.23
721,1377879058,21.24
721,1377879063,21.24
721,1377879069,21.24
721,1377879073,21.22
721,1377879078,21.22
721,1377879083,21.23
721,1377879088,21.22
721,1377879093,21.24
721,1377879098,21.24
721,1377879103,21.24
721,1377879108,21.24
721,1377879113,21.23
721,1377879118,21.25
721,1377879123,21.23
721,1377879128,21.24
721,1377879134,21.24
721,1377879139,21.24
721,1377879143,21.24
721,1377879149,21.24
721,1377879153,21.25
721,1377879159,21.24
721,1377879164,21.24
721,1377879169,21.24
721,1377879173,21.24
721,1377879178,21.24
721,1377879183,21.24
721,1377879188,21.24
721,1377879193,21.25
721,1377879198,21.24
721,1377879203,21.24
721,1377879208,21.23
721,1377879213,21.24
721,1377879218,21.24
721,1377879223,21.25
721,1377879228,21.25
721,1377879233,21.24
721,1377879238,21.24
721,1377879243,21.24
721,1377879248,21.24
721,1377879253,21.23
721,1377879259,21.24
721,1377879263,21.24
721,1377879268,21.24
721,1377879273,21.24
721,1377879278,21.25
721,1377879283,21.24
721,1377879288,21.26
721,1377879293,21.25
721,1377879298,21.25
721,1377879304,21.24
721,1377879308,21.24
721,1377879313,21.24
721,1377879318,21.24
721,1377879323,21.24
721,1377879329,21.24
721,1377879333,21.24
721,1377879338,21.24
721,1377879343,21.24
721,1377879348,21.24
721,1377879353,21.24
721,1377879358,21.24
721,1377879364,21.26
721,1377879368,21.24
721,1377879373,21.26
721,1377879378,21.24
721,1377879383,21.25
721,1377879388,21.25
721,1377879393,21.25
721,1377879398,21.24
721,1377879403,21.26
721,1377879408,21.24
721,1377879413,21.24
721,1377879418,21.25
721,1377879423,21.26
721,1377879428,21.25
721,1377879433,21.24
721,1377879438,21.25
721,1377879443,21.25
721,1377879448,21.26
721,1377879453,21.26
721,1377879458,21.25
721,1377879463,21.26
721,1377879468,21.24
721,1377879474,21.26
721,1377879478,21.25
721,1377879483,21.25
721,1377879488,21.25
721,1377879493,21.26
721,1377879498,21.26
721,1377879503,21.26
721,1377879508,21.25
721,1377879513,21.26
721,1377879518,21.25
721,1377879523,21.26
721,1377879528,21.26
721,1377879533,21.26
721,1377879538,21.26
721,1377879543,21.26
721,1377879548,21.26
721,1377879553,21.26
721,1377879558,21.25
721,1377879563,21.25
721,1377879569,21.26
721,1377879573,21.26
721,1377879578,21.26
721,1377879583,21.26
721,1377879588,21.25
721,1377879593,21.26
721,1377879598,21.26
721,1377879603,21.26
721,1377879608,21.26
721,1377879613,21.26
721,1377879618,21.25
721,1377879623,21.26
721,1377879628,21.26
721,1377879633,21.26
721,1377879638,21.26
721,1377879643,21.26
721,1377879648,21.26
721,1377879653,21.26
721,1377879658,21.26
721,1377879663,21.27
721,1377879668,21.27
721,1377879673,21.26
721,1377879678,21.26
721,1377879683,21.27
721,1377879688,21.28
721,1377879693,21.26
721,1377879698,21.26
721,1377879703,21.26
721,1377879708,21.26
721,1377879713,21.26
721,1377879718,21.27
721,1377879723,21.26
721,1377879728,21.27
721,1377879733,21.27
721,1377879738,21.27
721,1377879743,21.27
721,1377879748,21.26
721,1377879753,21.26
721,1377879758,21.26
721,1377879763,21.27
721,1377879769,21.26
721,1377879773,21.28
721,1377879778,21.27
721,1377879783,21.27
721,1377879788,21.26
721,1377879793,21.27
721,1377879798,21.26
721,1377879803,21.26
721,1377879808,21.27
721,1377879813,21.27
721,1377879818,21.26
721,1377879824,21.27
721,1377879828,21.27
721,1377879833,21.27
721,1377879838,21.28
721,1377879843,21.27
721,1377879848,21.28
721,1377879854,21.27
721,1377879858,21.27
721,1377879863,21.28
721,1377879868,21.28
721,1377879873,21.28
721,1377879878,21.28
721,1377879883,21.26
721,1377879888,21.28
721,1377879893,21.27
721,1377879898,21.28
721,1377879903,21.28
721,1377879908,21.28
721,1377879913,21.29
721,1377879919,21.27
721,1377879923,21.28
721,1377879931,21.3
721,1377879933,21.28
721,1377879938,21.28
721,1377879943,21.27
721,1377879948,21.28
721,1377879953,21.28
721,1377879958,21.28
721,1377879963,21.3
721,1377879968,21.29
721,1377879973,21.29
721,1377879978,21.29
721,1377879983,21.29
721,1377879988,21.3
721,1377879993,21.28
721,1377879998,21.29
721,1377880003,21.29
721,1377880008,21.28
721,1377880013,21.29
721,1377880018,21.29
721,1377880023,21.28
721,1377880028,21.28
721,1377880033,21.28
721,1377880038,21.28
721,1377880043,21.29
721,1377880048,21.28
721,1377880053,21.29
721,1377880058,21.29
721,1377880063,21.28
721,1377880068,21.28
721,1377880073,21.28
721,1377880078,21.29
721,1377880083,21.28
721,1377880088,21.28
721,1377880093,21.28
721,1377880098,21.28
721,1377880103,21.29
721,1377880108,21.29
721,1377880113,21.29
721,1377880118,21.28
721,1377880123,21.29
721,1377880128,21.29
721,1377880133,21.28
721,1377880138,21.3
721,1377880143,21.29
721,1377880148,21.29
721,1377880153,21.29
721,1377880158,21.29
721,1377880163,21.29
721,1377880168,21.3
721,1377880173,21.29
721,1377880178,21.29
721,1377880183,21.3
721,1377880188,21.29
721,1377880193,21.3
721,1377880198,21.3
721,1377880203,21.29
721,1377880208,21.3
721,1377880213,21.3
721,1377880218,21.29
721,1377880223,21.3
721,1377880228,21.29
721,1377880233,21.3
721,1377880238,21.3
721,1377880243,21.3
721,1377880248,21.3
721,1377880253,21.3
721,1377880258,21.3
721,1377880263,21.31
721,1377880268,21.29
721,1377880274,21.3
721,1377880278,21.3
721,1377880283,21.3
721,1377880288,21.3
721,1377880293,21.3
721,1377880298,21.31
721,1377880303,21.3
721,1377880308,21.3
721,1377880313,21.31
721,1377880318,21.3
721,1377880323,21.3
721,1377880328,21.3
721,1377880333,21.31
721,1377880338,21.31
721,1377880344,21.3
721,1377880348,21.3
721,1377880353,21.3
721,1377880358,21.3
721,1377880363,21.3
721,1377880368,21.3
721,1377880373,21.3
721,1377880378,21.29
721,1377880383,21.3
721,1377880388,21.3
721,1377880393,21.3
721,1377880398,21.3
721,1377880403,21.3
721,1377880408,21.3
721,1377880413,21.3
721,1377880418,21.29
721,1377880423,21.3
721,1377880428,21.3
721,1377880433,21.32
721,1377880438,21.31
721,1377880443,21.3
721,1377880448,21.3
721,1377880453,21.3
721,1377880458,21.3
721,1377880463,21.31
721,1377880468,21.3
721,1377880473,21.3
721,1377880478,21.31
721,1377880483,21.3
721,1377880488,21.31
721,1377880493,21.32
721,1377880498,21.31
721,1377880503,21.3
721,1377880508,21.3
721,1377880513,21.31
721,1377880519,21.32
721,1377880523,21.32
721,1377880528,21.32
721,1377880533,21.31
721,1377880538,21.31
721,1377880543,21.31
721,1377880548,21.3
721,1377880553,21.31
721,1377880559,21.31
721,1377880564,21.31
721,1377880568,21.32
721,1377880573,21.3
721,1377880578,21.31
721,1377880583,21.31
721,1377880588,21.31
721,1377880593,21.32
721,1377880598,21.32
721,1377880603,21.31
721,1377880608,21.31
721,1377880613,21.35
721,1377880618,21.32
721,1377880623,21.32
721,1377880628,21.33
721,1377880633,21.32
721,1377880638,21.32
721,1377880643,21.32
721,1377880648,21.31
721,1377880653,21.31
721,1377880658,21.32
721,1377880663,21.32
721,1377880668,21.33
721,1377880673,21.31
721,1377880678,21.32
721,1377880683,21.32
721,1377880688,21.33
721,1377880693,21.32
721,1377880698,21.32
721,1377880703,21.33
721,1377880708,21.32
721,1377880714,21.33
721,1377880718,21.32
721,1377880723,21.34
721,1377880728,21.33
721,1377880733,21.32
721,1377880738,21.32
721,1377880747,21.33
721,1377880748,21.33
721,1377880753,21.33
721,1377880758,21.32
721,1377880764,21.33
721,1377880768,21.33
721,1377880773,21.33
721,1377880778,21.34
721,1377880783,21.32
721,1377880788,21.32
721,1377880793,21.32
721,1377880798,21.34
721,1377880803,21.34
721,1377880808,21.32
721,1377880813,21.34
721,1377880818,21.33
721,1377880823,21.33
721,1377880828,21.34
721,1377880833,21.33
721,1377880838,21.34
721,1377880843,21.33
721,1377880848,21.34
721,1377880853,21.34
721,1377880858,21.34
721,1377880863,21.33
721,1377880868,21.34
721,1377880873,21.35
721,1377880878,21.34
721,1377880883,21.35
721,1377880888,21.35
721,1377880893,21.35
721,1377880898,21.34
721,1377880903,21.35
721,1377880908,21.34
721,1377880913,21.34
721,1377880918,21.33
721,1377880923,21.34
721,1377880928,21.34
721,1377880933,21.34
721,1377880938,21.35
721,1377880943,21.35
721,1377880948,21.35
721,1377880953,21.34
721,1377880958,21.36
721,1377880963,21.35
721,1377880968,21.35
721,1377880973,21.35
721,1377880978,21.36
721,1377880984,21.35
721,1377880988,21.34
721,1377880993,21.35
721,1377880998,21.35
721,1377881003,21.35
721,1377881008,21.34
721,1377881013,21.36
721,1377881018,21.35
721,1377881023,21.35
721,1377881028,21.35
721,1377881033,21.34
721,1377881038,21.35
721,1377881043,21.35
721,1377881048,21.36
721,1377881053,21.34
721,1377881058,21.35
721,1377881063,21.36
721,1377881068,21.34
721,1377881073,21.35
721,1377881078,21.34
721,1377881083,21.35
721,1377881088,21.35
721,1377881093,21.36
721,1377881098,21.36
721,1377881103,21.36
721,1377881108,21.36
721,1377881113,21.36
721,1377881118,21.36
721,1377881123,21.37
721,1377881128,21.36
721,1377881133,21.35
721,1377881138,21.37
721,1377881143,21.36
721,1377881148,21.36
721,1377881153,21.36
721,1377881158,21.36
721,1377881163,21.37
721,1377881168,21.38
721,1377881173,21.36
721,1377881178,21.37
721,1377881183,21.36
721,1377881188,21.36
721,1377881193,21.36
721,1377881198,21.36
721,1377881203,21.36
721,1377881208,21.36
721,1377881213,21.37
721,1377881218,21.38
721,1377881223,21.37
721,1377881228,21.38
721,1377881233,21.37
721,1377881238,21.38
721,1377881243,21.37
721,1377881248,21.37
721,1377881253,21.37
721,1377881258,21.37
721,1377881263,21.38
721,1377881268,21.38
721,1377881273,21.38
721,1377881278,21.38
721,1377881283,21.38
721,1377881288,21.37
721,1377881293,21.38
721,1377881298,21.37
721,1377881303,21.37
721,1377881308,21.38
721,1377881313,21.38
721,1377881318,21.37
721,1377881323,21.38
721,1377881328,21.38
721,1377881333,21.38
721,1377881338,21.38
721,1377881343,21.37
721,1377881348,21.38
721,1377881353,21.37
721,1377881358,21.38
721,1377881363,21.38
721,1377881368,21.37
721,1377881373,21.37
721,1377881378,21.38
721,1377881383,21.38
721,1377881388,21.38
721,1377881393,21.38
721,1377881398,21.38
721,1377881403,21.38
721,1377881408,21.38
721,1377881413,21.39
721,1377881418,21.38
721,1377881423,21.38
721,1377881428,21.39
721,1377881433,21.37
721,1377881438,21.39
721,1377881443,21.39
721,1377881448,21.39
721,1377881453,21.39
721,1377881458,21.4
721,1377881463,21.38
721,1377881468,21.38
721,1377881473,21.38
721,1377881478,21.38
721,1377881483,21.38
721,1377881488,21.39
721,1377881493,21.39
721,1377881498,21.38
721,1377881503,21.38
721,1377881508,21.39
721,1377881513,21.4
721,1377881518,21.39
721,1377881523,21.39
721,1377881529,21.39
721,1377881533,21.4
721,1377881538,21.4
721,1377881543,21.39
721,1377881548,21.39
721,1377881553,21.4
721,1377881558,21.4
721,1377881563,21.4
721,1377881568,21.38
721,1377881573,21.38
721,1377881578,21.4
721,1377881583,21.4
721,1377881588,21.4
721,1377881593,21.38
721,1377881598,21.39
721,1377881603,21.4
721,1377881608,21.4
721,1377881613,21.4
721,1377881618,21.4
721,1377881623,21.4
721,1377881628,21.4
721,1377881633,21.4
721,1377881638,21.4
721,1377881643,21.41
721,1377881648,21.4
721,1377881653,21.4
721,1377881658,21.4
721,1377881663,21.42
721,1377881668,21.41
721,1377881673,21.4
721,1377881678,21.41
721,1377881683,21.41
721,1377881688,21.41
721,1377881693,21.42
721,1377881698,21.41
721,1377881703,21.41
721,1377881708,21.41
721,1377881713,21.42
721,1377881718,21.4
721,1377881723,21.42
721,1377881728,21.41
721,1377881733,21.41
721,1377881738,21.41
721,1377881743,21.42
721,1377881748,21.42
721,1377881753,21.42
721,1377881758,21.42
721,1377881763,21.42
721,1377881768,21.42
721,1377881773,21.43
721,1377881778,21.41
721,1377881783,21.43
721,1377881788,21.42
721,1377881793,21.43
721,1377881798,21.42
721,1377881803,21.42
721,1377881808,21.43
721,1377881813,21.43
721,1377881818,21.42
721,1377881823,21.42
721,1377881828,21.43
721,1377881833,21.43
721,1377881838,21.42
721,1377881843,21.42
721,1377881848,21.42
721,1377881853,21.43
721,1377881858,21.43
721,1377881863,21.43
721,1377881868,21.43
721,1377881873,21.43
721,1377881878,21.44
721,1377881883,21.43
721,1377881888,21.43
721,1377881893,21.43
721,1377881898,21.43
721,1377881903,21.43
721,1377881908,21.43
721,1377881913,21.44
721,1377881918,21.44
721,1377881923,21.44
721,1377881928,21.44
721,1377881933,21.43
721,1377881938,21.43
721,1377881943,21.44
721,1377881948,21.44
721,1377881953,21.43
721,1377881958,21.43
721,1377881963,21.44
721,1377881968,21.43
721,1377881973,21.43
721,1377881978,21.44
721,1377881983,21.44
721,1377881988,21.44
721,1377881993,21.44
721,1377881998,21.44
721,1377882003,21.44
721,1377882008,21.44
721,1377882013,21.44
721,1377882018,21.44
721,1377882023,21.45
721,1377882028,21.44
721,1377882033,21.44
721,1377882038,21.44
721,1377882043,21.46
721,1377882048,21.45
721,1377882053,21.44
721,1377882058,21.45
721,1377882063,21.44
721,1377882068,21.44
721,1377882073,21.46
721,1377882078,21.44
721,1377882083,21.46
721,1377882088,21.44
721,1377882093,21.46
721,1377882098,21.45
721,1377882103,21.46
721,1377882108,21.46
721,1377882113,21.44
721,1377882118,21.46
721,1377882123,21.45
721,1377882128,21.46
721,1377882134,21.45
721,1377882138,21.46
721,1377882143,21.46
721,1377882148,21.46
721,1377882153,21.45
721,1377882158,21.45
721,1377882163,21.46
721,1377882168,21.46
721,1377882173,21.46
721,1377882178,21.46
721,1377882183,21.45
721,1377882188,21.46
721,1377882193,21.45
721,1377882198,21.46
721,1377882203,21.45
721,1377882208,21.46
721,1377882213,21.45
721,1377882218,21.46
721,1377882223,21.46
721,1377882228,21.46
721,1377882233,21.46
721,1377882238,21.46
721,1377882243,21.46
721,1377882248,21.46
721,1377882253,21.46
721,1377882258,21.46
721,1377882264,21.47
721,1377882268,21.46
721,1377882273,21.46
721,1377882278,21.46
721,1377882283,21.46
721,1377882288,21.48
721,1377882293,21.46
721,1377882298,21.47
721,1377882303,21.47
721,1377882308,21.46
721,1377882313,21.46
721,1377882318,21.46
721,1377882323,21.46
721,1377882328,21.47
721,1377882333,21.48
721,1377882338,21.47
721,1377882343,21.46
721,1377882348,21.47
721,1377882353,21.47
721,1377882358,21.48
721,1377882363,21.48
721,1377882368,21.48
721,1377882373,21.46
721,1377882378,21.47
721,1377882383,21.46
721,1377882388,21.46
721,1377882393,21.47
721,1377882398,21.48
721,1377882403,21.47
721,1377882408,21.46
721,1377882413,21.46
721,1377882418,21.47
721,1377882423,21.47
721,1377882428,21.47
721,1377882433,21.47
721,1377882438,21.47
721,1377882443,21.48
721,1377882448,21.47
721,1377882453,21.47
721,1377882458,21.48
721,1377882463,21.47
721,1377882468,21.47
721,1377882473,21.48
721,1377882478,21.48
721,1377882483,21.48
721,1377882488,21.49
721,1377882493,21.49
721,1377882498,21.48
721,1377882503,21.49
721,1377882508,21.48
721,1377882513,21.48
721,1377882518,21.5
721,1377882523,21.48
721,1377882528,21.49
721,1377882533,21.49
721,1377882538,21.48
721,1377882543,21.5
721,1377882548,21.48
721,1377882553,21.48
721,1377882558,21.48
721,1377882563,21.49
721,1377882568,21.49
721,1377882573,21.49
721,1377882578,21.49
721,1377882583,21.49
721,1377882588,21.5
721,1377882593,21.49
721,1377882598,21.49
721,1377882603,21.48
721,1377882608,21.5
721,1377882613,21.5
721,1377882618,21.5
721,1377882623,21.49
721,1377882628,21.5
721,1377882633,21.5
721,1377882638,21.5
721,1377882643,21.5
721,1377882648,21.5
721,1377882653,21.5
721,1377882658,21.5
721,1377882663,21.5
721,1377882668,21.5
721,1377882673,21.51
721,1377882678,21.5
721,1377882683,21.5
721,1377882688,21.49
721,1377882693,21.5
721,1377882698,21.51
721,1377882703,21.49
721,1377882708,21.5
721,1377882713,21.5
721,1377882718,21.5
721,1377882723,21.52
721,1377882728,21.51
721,1377882733,21.5
721,1377882738,21.5
721,1377882743,21.52
721,1377882748,21.51
721,1377882753,21.51
721,1377882758,21.52
721,1377882763,21.51
721,1377882768,21.51
721,1377882773,21.5
721,1377882778,21.51
721,1377882783,21.5
721,1377882788,21.52
721,1377882793,21.52
721,1377882798,21.52
721,1377882803,21.52
721,1377882808,21.53
721,1377882813,21.51
721,1377882818,21.52
721,1377882823,21.5
721,1377882828,21.51
721,1377882833,21.52
721,1377882838,21.52
721,1377882843,21.52
721,1377882848,21.52
721,1377882853,21.54
721,1377882858,21.52
721,1377882863,21.52
721,1377882868,21.52
721,1377882873,21.52
721,1377882878,21.53
721,1377882883,21.52
721,1377882888,21.53
721,1377882893,21.52
721,1377882898,21.52
721,1377882903,21.52
721,1377882908,21.52
721,1377882913,21.52
721,1377882918,21.54
721,1377882923,21.53
721,1377882928,21.53
721,1377882934,21.52
721,1377882938,21.53
721,1377882943,21.53
721,1377882948,21.53
721,1377882953,21.53
721,1377882958,21.53
721,1377882963,21.52
721,1377882968,21.52
721,1377882973,21.53
721,1377882978,21.54
721,1377882983,21.53
721,1377882988,21.53
721,1377882993,21.54
721,1377882998,21.54
721,1377883003,21.54
721,1377883008,21.54
721,1377883013,21.53
721,1377883018,21.53
721,1377883023,21.54
721,1377883028,21.53
721,1377883033,21.53
721,1377883038,21.54
721,1377883043,21.54
721,1377883048,21.52
721,1377883053,21.55
721,1377883058,21.54
721,1377883063,21.54
721,1377883068,21.55
721,1377883073,21.54
721,1377883078,21.54
721,1377883083,21.53
721,1377883088,21.54
721,1377883093,21.53
721,1377883098,21.54
721,1377883103,21.54
721,1377883108,21.54
721,1377883113,21.54
721,1377883118,21.54
721,1377883123,21.55
721,1377883128,21.55
721,1377883133,21.55
721,1377883138,21.56
721,1377883143,21.54
721,1377883148,21.54
721,1377883153,21.54
721,1377883158,21.55
721,1377883163,21.56
721,1377883168,21.56
721,1377883173,21.55
721,1377883178,21.56
721,1377883183,21.55
721,1377883188,21.54
721,1377883193,21.56
721,1377883198,21.55
721,1377883203,21.55
721,1377883208,21.56
721,1377883213,21.55
721,1377883218,21.55
721,1377883223,21.56
721,1377883228,21.55
721,1377883233,21.56
721,1377883238,21.55
721,1377883243,21.56
721,1377883248,21.56
721,1377883253,21.56
721,1377883258,21.56
721,1377883263,21.57
721,1377883268,21.56
721,1377883273,21.55
721,1377883278,21.56
721,1377883283,21.57
721,1377883288,21.55
721,1377883293,21.56
721,1377883298,21.56
721,1377883303,21.57
721,1377883308,21.57
721,1377883313,21.56
721,1377883318,21.57
721,1377883323,21.57
721,1377883328,21.56
721,1377883333,21.58
721,1377883338,21.56
721,1377883343,21.57
721,1377883348,21.57
721,1377883353,21.56
721,1377883358,21.58
721,1377883363,21.56
721,1377883368,21.57
721,1377883373,21.58
721,1377883378,21.57
721,1377883383,21.56
721,1377883388,21.58
721,1377883393,21.56
721,1377883398,21.57
721,1377883403,21.58
721,1377883408,21.57
721,1377883413,21.58
721,1377883418,21.58
721,1377883423,21.57
721,1377883428,21.58
721,1377883433,21.58
721,1377883438,21.56
721,1377883443,21.57
721,1377883448,21.58
721,1377883453,21.58
721,1377883458,21.58
721,1377883463,21.58
721,1377883468,21.57
721,1377883473,21.58
721,1377883478,21.58
721,1377883483,21.58
721,1377883488,21.58
721,1377883493,21.57
721,1377883498,21.58
721,1377883503,21.57
721,1377883508,21.58
721,1377883513,21.58
721,1377883518,21.59
721,1377883523,21.58
721,1377883528,21.58
721,1377883533,21.59
721,1377883538,21.58
721,1377883543,21.57
721,1377883548,21.58
721,1377883553,21.58
721,1377883558,21.59
721,1377883563,21.58
721,1377883568,21.58
721,1377883573,21.59
721,1377883578,21.59
721,1377883583,21.58
721,1377883588,21.58
721,1377883593,21.58
721,1377883598,21.6
721,1377883603,21.58
721,1377883608,21.59
721,1377883613,21.6
721,1377883618,21.59
721,1377883623,21.59
721,1377883628,21.58
721,1377883633,21.59
721,1377883638,21.59
721,1377883643,21.59
721,1377883648,21.58
721,1377883653,21.6
721,1377883658,21.6
721,1377883663,21.59
721,1377883668,21.59
721,1377883673,21.59
721,1377883678,21.6
721,1377883683,21.59
721,1377883688,21.59
721,1377883693,21.6
721,1377883698,21.59
721,1377883703,21.58
721,1377883708,21.6
721,1377883713,21.6
721,1377883718,21.6
721,1377883723,21.6
721,1377883728,21.59
721,1377883733,21.6
721,1377883741,21.61
721,1377883743,21.6
721,1377883748,21.6
721,1377883753,21.6
721,1377883758,21.6
721,1377883763,21.6
721,1377883768,21.61
721,1377883773,21.6
721,1377883778,21.61
721,1377883783,21.6
721,1377883788,21.6
721,1377883793,21.6
721,1377883798,21.59
721,1377883803,21.62
721,1377883808,21.6
721,1377883813,21.6
721,1377883818,21.6
721,1377883823,21.6
721,1377883828,21.6
721,1377883833,21.6
721,1377883838,21.6
721,1377883843,21.61
721,1377883848,21.6
721,1377883853,21.61
721,1377883858,21.6
721,1377883863,21.61
721,1377883868,21.61
721,1377883873,21.61
721,1377883878,21.61
721,1377883883,21.61
721,1377883888,21.61
721,1377883893,21.6
721,1377883898,21.62
721,1377883903,21.62
721,1377883908,21.61
721,1377883913,21.62
721,1377883918,21.62
721,1377883923,21.62
721,1377883928,21.62
721,1377883933,21.62
721,1377883938,21.62
721,1377883943,21.62
721,1377883948,21.62
721,1377883953,21.62
721,1377883958,21.62
721,1377883963,21.62
721,1377883968,21.61
721,1377883973,21.62
721,1377883978,21.62
721,1377883983,21.62
721,1377883988,21.62
721,1377883993,21.62
721,1377883998,21.63
721,1377884003,21.62
721,1377884008,21.62
721,1377884013,21.62
721,1377884018,21.62
721,1377884023,21.64
721,1377884028,21.62
721,1377884033,21.63
721,1377884038,21.62
721,1377884043,21.62
721,1377884048,21.63
721,1377884053,21.62
721,1377884058,21.63
721,1377884063,21.62
721,1377884068,21.62
721,1377884073,21.62
721,1377884078,21.63
721,1377884083,21.62
721,1377884088,21.63
721,1377884093,21.63
721,1377884098,21.63
721,1377884103,21.63
721,1377884108,21.64
721,1377884113,21.64
721,1377884118,21.62
721,1377884123,21.64
721,1377884128,21.63
721,1377884133,21.65
721,1377884138,21.64
721,1377884143,21.64
721,1377884148,21.63
721,1377884153,21.63
721,1377884158,21.63
721,1377884163,21.63
721,1377884168,21.64
721,1377884173,21.64
721,1377884178,21.63
721,1377884183,21.64
721,1377884188,21.65
721,1377884193,21.64
721,1377884198,21.64
721,1377884203,21.63
721,1377884208,21.64
721,1377884213,21.64
721,1377884218,21.64
721,1377884223,21.64
721,1377884228,21.63
721,1377884233,21.64
721,1377884238,21.64
721,1377884243,21.64
721,1377884248,21.64
721,1377884253,21.64
721,1377884258,21.64
721,1377884263,21.64
721,1377884268,21.64
721,1377884273,21.64
721,1377884278,21.65
721,1377884283,21.65
721,1377884288,21.64
721,1377884293,21.64
721,1377884298,21.66
721,1377884303,21.65
721,1377884308,21.64
721,1377884313,21.66
721,1377884318,21.65
721,1377884323,21.66
721,1377884328,21.65
721,1377884333,21.66
721,1377884338,21.65
721,1377884343,21.64
721,1377884348,21.65
721,1377884353,21.64
721,1377884358,21.65
721,1377884363,21.65
721,1377884368,21.65
721,1377884373,21.66
721,1377884378,21.66
721,1377884383,21.66
721,1377884388,21.66
721,1377884393,21.65
721,1377884398,21.65
721,1377884403,21.66
721,1377884408,21.66
721,1377884413,21.64
721,1377884418,21.65
721,1377884423,21.65
721,1377884428,21.65
721,1377884433,21.66
721,1377884438,21.65
721,1377884443,21.65
721,1377884448,21.66
721,1377884453,21.66
721,1377884458,21.66
721,1377884463,21.65
721,1377884468,21.68
721,1377884473,21.66
721,1377884478,21.66
721,1377884483,21.67
721,1377884488,21.67
721,1377884493,21.66
721,1377884498,21.66
721,1377884503,21.65
721,1377884508,21.68
721,1377884516,21.67
721,1377884518,21.66
721,1377884523,21.68
721,1377884528,21.67
721,1377884533,21.68
721,1377884538,21.66
721,1377884543,21.66
721,1377884548,21.67
721,1377884553,21.67
721,1377884558,21.66
721,1377884563,21.67
721,1377884568,21.68
721,1377884573,21.67
721,1377884578,21.68
721,1377884583,21.68
721,1377884588,21.68
721,1377884593,21.67
721,1377884598,21.68
721,1377884603,21.68
721,1377884608,21.67
721,1377884613,21.68
721,1377884618,21.67
721,1377884623,21.67
721,1377884628,21.68
721,1377884633,21.68
721,1377884638,21.68
721,1377884643,21.68
721,1377884648,21.67
721,1377884653,21.68
721,1377884658,21.68
721,1377884663,21.68
721,1377884668,21.67
721,1377884673,21.68
721,1377884678,21.67
721,1377884683,21.68
721,1377884688,21.68
721,1377884693,21.69
721,1377884698,21.68
721,1377884703,21.69
721,1377884708,21.68
721,1377884713,21.68
721,1377884718,21.68
721,1377884723,21.67
721,1377884728,21.68
721,1377884733,21.68
721,1377884738,21.68
721,1377884743,21.69
721,1377884748,21.7
721,1377884753,21.68
721,1377884758,21.7
721,1377884763,21.69
721,1377884768,21.7
721,1377884773,21.69
721,1377884778,21.68
721,1377884783,21.69
721,1377884788,21.69
721,1377884793,21.69
721,1377884798,21.7
721,1377884803,21.69
721,1377884808,21.7
721,1377884813,21.68
721,1377884818,21.7
721,1377884823,21.69
721,1377884828,21.69
721,1377884833,21.69
721,1377884838,21.7
721,1377884843,21.7
721,1377884848,21.7
721,1377884854,21.7
721,1377884858,21.7
721,1377884863,21.7
721,1377884868,21.7
721,1377884873,21.7
721,1377884878,21.69
721,1377884883,21.69
721,1377884888,21.7
721,1377884893,21.7
721,1377884898,21.7
721,1377884903,21.7
721,1377884908,21.7
721,1377884913,21.69
721,1377884918,21.69
721,1377884923,21.7
721,1377884928,21.7
721,1377884933,21.71
721,1377884938,21.71
721,1377884943,21.72
721,1377884948,21.7
721,1377884953,21.7
721,1377884958,21.71
721,1377884963,21.7
721,1377884968,21.7
721,1377884973,21.7
721,1377884978,21.7
721,1377884983,21.7
721,1377884988,21.7
721,1377884993,21.71
721,1377884998,21.72
721,1377885003,21.72
721,1377885008,21.7
721,1377885013,21.7
721,1377885018,21.72
721,1377885023,21.71
721,1377885028,21.71
721,1377885033,21.72
721,1377885038,21.71
721,1377885043,21.71
721,1377885048,21.71
721,1377885053,21.7
721,1377885058,21.71
721,1377885063,21.7
721,1377885068,21.71
721,1377885073,21.71
721,1377885078,21.72
721,1377885083,21.71
721,1377885088,21.72
721,1377885093,21.7
721,1377885098,21.72
721,1377885103,21.71
721,1377885108,21.71
721,1377885113,21.71
721,1377885118,21.72
721,1377885123,21.72
721,1377885128,21.72
721,1377885133,21.71
721,1377885138,21.72
721,1377885143,21.72
721,1377885148,21.71
721,1377885153,21.72
721,1377885158,21.72
721,1377885163,21.71
721,1377885168,21.72
721,1377885173,21.73
721,1377885178,21.72
721,1377885183,21.72
721,1377885188,21.72
721,1377885193,21.72
721,1377885198,21.73
721,1377885203,21.73
721,1377885208,21.74
721,1377885213,21.72
721,1377885218,21.72
721,1377885223,21.73
721,1377885228,21.72
721,1377885233,21.72
721,1377885238,21.73
721,1377885243,21.72
721,1377885248,21.73
721,1377885253,21.72
721,1377885258,21.73
721,1377885263,21.72
721,1377885268,21.73
721,1377885274,21.74
721,1377885278,21.73
721,1377885283,21.72
721,1377885288,21.73
721,1377885293,21.72
721,1377885298,21.73
721,1377885303,21.74
721,1377885308,21.73
721,1377885313,21.73
721,1377885318,21.72
721,1377885323,21.73
721,1377885328,21.73
721,1377885333,21.74
721,1377885338,21.74
721,1377885343,21.73
721,1377885348,21.73
721,1377885353,21.74
721,1377885358,21.73
721,1377885363,21.73
721,1377885368,21.74
721,1377885373,21.74
721,1377885378,21.74
721,1377885383,21.75
721,1377885388,21.73
721,1377885393,21.74
721,1377885398,21.74
721,1377885403,21.74
721,1377885408,21.74
721,1377885413,21.74
721,1377885418,21.74
721,1377885423,21.75
721,1377885428,21.74
721,1377885433,21.76
721,1377885438,21.74
721,1377885443,21.75
721,1377885448,21.74
721,1377885453,21.75
721,1377885458,21.75
721,1377885463,21.75
721,1377885468,21.75
721,1377885473,21.74
721,1377885478,21.75
721,1377885483,21.74
721,1377885488,21.75
721,1377885493,21.74
721,1377885498,21.76
721,1377885503,21.74
721,1377885508,21.75
721,1377885513,21.75
721,1377885518,21.76
721,1377885523,21.76
721,1377885529,21.76
721,1377885533,21.76
721,1377885538,21.75
721,1377885543,21.76
721,1377885548,21.75
721,1377885553,21.76
721,1377885558,21.76
721,1377885563,21.76
721,1377885568,21.76
721,1377885573,21.76
721,1377885578,21.76
721,1377885583,21.74
721,1377885588,21.76
721,1377885593,21.76
721,1377885598,21.77
721,1377885603,21.76
721,1377885608,21.77
721,1377885613,21.77
721,1377885618,21.77
721,1377885623,21.78
721,1377885628,21.76
721,1377885633,21.77
721,1377885638,21.78
721,1377885643,21.77
721,1377885648,21.76
721,1377885653,21.78
721,1377885658,21.77
721,1377885663,21.78
721,1377885668,21.77
721,1377885673,21.78
721,1377885678,21.78
721,1377885683,21.78
721,1377885688,21.77
721,1377885693,21.78
721,1377885698,21.78
721,1377885703,21.78
721,1377885708,21.78
721,1377885713,21.78
721,1377885718,21.79
721,1377885723,21.78
721,1377885728,21.78
721,1377885733,21.78
721,1377885738,21.79
721,1377885743,21.79
721,1377885748,21.79
721,1377885753,21.78
721,1377885758,21.79
721,1377885763,21.8
721,1377885768,21.8
721,1377885773,21.79
721,1377885778,21.79
721,1377885783,21.8
721,1377885788,21.8
721,1377885793,21.8
721,1377885798,21.8
721,1377885803,21.8
721,1377885808,21.8
721,1377885813,21.81
721,1377885818,21.81
721,1377885823,21.82
721,1377885828,21.81
721,1377885833,21.82
721,1377885838,21.82
721,1377885843,21.83
721,1377885848,21.82
721,1377885853,21.83
721,1377885858,21.83
721,1377885863,21.82
721,1377885868,21.82
721,1377885873,21.82
721,1377885878,21.84
721,1377885883,21.84
721,1377885888,21.84
721,1377885893,21.83
721,1377885898,21.84
721,1377885903,21.83
721,1377885908,21.84
721,1377885913,21.84
721,1377885918,21.83
721,1377885923,21.84
721,1377885928,21.84
721,1377885933,21.84
721,1377885938,21.84
721,1377885943,21.86
721,1377885948,21.86
721,1377885953,21.86
721,1377885958,21.86
721,1377885963,21.86
721,1377885968,21.86
721,1377885973,21.86
721,1377885978,21.86
721,1377885983,21.87
721,1377885988,21.86
721,1377885994,21.86
721,1377885998,21.87
721,1377886003,21.87
721,1377886008,21.88
721,1377886013,21.87
721,1377886018,21.88
721,1377886024,21.89
721,1377886028,21.88
721,1377886033,21.88
721,1377886038,21.88
721,1377886043,21.88
721,1377886048,21.89
721,1377886053,21.9
721,1377886058,21.88
721,1377886063,21.89
721,1377886068,21.9
721,1377886073,21.89
721,1377886078,21.89
721,1377886083,21.89
721,1377886088,21.9
721,1377886093,21.9
721,1377886098,21.88
721,1377886103,21.9
721,1377886108,21.9
721,1377886113,21.9
721,1377886118,21.89
721,1377886123,21.9
721,1377886128,21.9
721,1377886133,21.9
721,1377886138,21.9
721,1377886143,21.91
721,1377886148,21.9
721,1377886153,21.9
721,1377886158,21.92
721,1377886163,21.91
721,1377886168,21.91
721,1377886173,21.92
721,1377886178,21.91
721,1377886183,21.92
721,1377886188,21.91
721,1377886193,21.92
721,1377886198,21.92
721,1377886203,21.93
721,1377886208,21.92
721,1377886213,21.92
721,1377886218,21.92
721,1377886223,21.92
721,1377886228,21.93
721,1377886233,21.94
721,1377886238,21.92
721,1377886243,21.93
721,1377886248,21.94
721,1377886253,21.93
721,1377886258,21.93
721,1377886263,21.93
721,1377886268,21.92
721,1377886273,21.95
721,1377886278,21.93
721,1377886283,21.94
721,1377886288,21.94
721,1377886293,21.94
721,1377886298,21.94
721,1377886303,21.94
721,1377886308,21.93
721,1377886313,21.95
721,1377886318,21.94
721,1377886323,21.94
721,1377886328,21.94
721,1377886333,21.95
721,1377886338,21.95
721,1377886343,21.94
721,1377886348,21.94
721,1377886353,21.95
721,1377886358,21.94
721,1377886363,21.95
721,1377886368,21.94
721,1377886373,21.94
721,1377886378,21.96
721,1377886383,21.96
721,1377886388,21.96
721,1377886393,21.95
721,1377886398,21.96
721,1377886403,21.96
721,1377886408,21.96
721,1377886413,21.97
721,1377886418,21.96
721,1377886423,21.96
721,1377886428,21.97
721,1377886433,21.97
721,1377886438,21.97
721,1377886443,21.98
721,1377886448,21.98
721,1377886453,21.98
721,1377886459,21.98
721,1377886463,21.98
721,1377886468,21.98
721,1377886473,21.98
721,1377886478,21.98
721,1377886483,21.98
721,1377886488,21.99
721,1377886493,22.0
721,1377886498,21.99
721,1377886503,22.0
721,1377886508,21.99
721,1377886513,21.99
721,1377886518,21.99
721,1377886523,22.0
721,1377886528,22.0
721,1377886533,22.0
721,1377886538,22.0
721,1377886543,22.0
721,1377886548,22.0
721,1377886553,22.01
721,1377886558,22.01
721,1377886563,22.01
721,1377886568,22.01
721,1377886573,22.01
721,1377886578,22.02
721,1377886583,22.02
721,1377886588,22.02
721,1377886593,22.02
721,1377886598,22.02
721,1377886603,22.03
721,1377886608,22.03
721,1377886613,22.04
721,1377886618,22.02
721,1377886623,22.02
721,1377886628,22.04
721,1377886633,22.04
721,1377886638,22.04
721,1377886643,22.04
721,1377886648,22.04
721,1377886653,22.03
721,1377886658,22.04
721,1377886663,22.04
721,1377886668,22.04
721,1377886673,22.05
721,1377886678,22.06
721,1377886683,22.06
721,1377886688,22.05
721,1377886693,22.05
721,1377886698,22.05
721,1377886703,22.04
721,1377886708,22.06
721,1377886713,22.06
721,1377886718,22.05
721,1377886723,22.06
721,1377886728,22.06
721,1377886733,22.08
721,1377886742,22.07
721,1377886743,22.06
721,1377886748,22.06
721,1377886753,22.07
721,1377886758,22.07
721,1377886763,22.08
721,1377886768,22.08
721,1377886773,22.08
721,1377886778,22.07
721,1377886783,22.08
721,1377886788,22.07
721,1377886793,22.08
721,1377886798,22.09
721,1377886803,22.1
721,1377886808,22.08
721,1377886813,22.09
721,1377886818,22.08
721,1377886823,22.1
721,1377886828,22.09
721,1377886833,22.09
721,1377886838,22.09
721,1377886843,22.09
721,1377886848,22.1
721,1377886853,22.09
721,1377886858,22.09
721,1377886863,22.09
721,1377886868,22.1
721,1377886873,22.1
721,1377886878,22.09
721,1377886883,22.1
721,1377886888,22.1
721,1377886893,22.1
721,1377886898,22.11
721,1377886903,22.1
721,1377886908,22.1
721,1377886913,22.1
721,1377886918,22.11
721,1377886923,22.11
721,1377886928,22.1
721,1377886933,22.12
721,1377886938,22.1
721,1377886943,22.1
721,1377886948,22.1
721,1377886953,22.12
721,1377886958,22.11
721,1377886963,22.1
721,1377886968,22.1
721,1377886973,22.11
721,1377886978,22.11
721,1377886983,22.12
721,1377886988,22.12
721,1377886993,22.11
721,1377886998,22.12
721,1377887003,22.11
721,1377887008,22.11
721,1377887013,22.11
721,1377887018,22.12
721,1377887023,22.12
721,1377887028,22.12
721,1377887033,22.12
721,1377887038,22.12
721,1377887043,22.13
721,1377887048,22.14
721,1377887053,22.12
721,1377887058,22.13
721,1377887063,22.14
721,1377887068,22.14
721,1377887073,22.14
721,1377887078,22.14
721,1377887083,22.13
721,1377887088,22.13
721,1377887093,22.12
721,1377887098,22.14
721,1377887103,22.14
721,1377887108,22.14
721,1377887113,22.14
721,1377887118,22.14
721,1377887123,22.14
721,1377887128,22.15
721,1377887133,22.16
721,1377887138,22.15
721,1377887143,22.14
721,1377887148,22.14
721,1377887153,22.15
721,1377887158,22.16
721,1377887163,22.15
721,1377887168,22.14
721,1377887173,22.16
721,1377887178,22.16
721,1377887183,22.16
721,1377887188,22.15
721,1377887193,22.16
721,1377887198,22.16
721,1377887203,22.16
721,1377887208,22.16
721,1377887213,22.16
721,1377887218,22.17
721,1377887223,22.17
721,1377887228,22.16
721,1377887233,22.16
721,1377887238,22.17
721,1377887243,22.18
721,1377887248,22.16
721,1377887253,22.18
721,1377887258,22.17
721,1377887263,22.18
721,1377887268,22.17
721,1377887273,22.18
721,1377887278,22.18
721,1377887283,22.17
721,1377887288,22.18
721,1377887293,22.16
721,1377887298,22.18
721,1377887303,22.18
721,1377887308,22.18
721,1377887313,22.18
721,1377887318,22.19
721,1377887323,22.19
721,1377887328,22.18
721,1377887333,22.19
721,1377887338,22.19
721,1377887343,22.19
721,1377887348,22.19
721,1377887353,22.2
721,1377887358,22.19
721,1377887363,22.19
721,1377887368,22.19
721,1377887373,22.19
721,1377887378,22.19
721,1377887383,22.2
721,1377887388,22.18
721,1377887393,22.19
721,1377887398,22.19
721,1377887403,22.19
721,1377887408,22.19
721,1377887414,22.2
721,1377887418,22.2
721,1377887423,22.2
721,1377887428,22.2
721,1377887433,22.2
721,1377887438,22.2
721,1377887445,22.2
721,1377887448,22.21
721,1377887453,22.2
721,1377887458,22.2
721,1377887463,22.21
721,1377887468,22.2
721,1377887473,22.2
721,1377887478,22.22
721,1377887483,22.22
721,1377887488,22.21
721,1377887493,22.21
721,1377887498,22.22
721,1377887503,22.21
721,1377887508,22.22
721,1377887513,22.22
721,1377887518,22.21
721,1377887523,22.22
721,1377887528,22.22
721,1377887533,22.2
721,1377887538,22.22
721,1377887543,22.22
721,1377887548,22.23
721,1377887553,22.23
721,1377887558,22.22
721,1377887563,22.23
721,1377887568,22.23
721,1377887573,22.23
721,1377887578,22.23
721,1377887583,22.24
721,1377887588,22.23
721,1377887593,22.22
721,1377887598,22.22
721,1377887603,22.23
721,1377887608,22.23
721,1377887613,22.24
721,1377887618,22.24
721,1377887623,22.23
721,1377887628,22.22
721,1377887633,22.24
721,1377887638,22.24
721,1377887643,22.24
721,1377887648,22.24
721,1377887653,22.24
721,1377887658,22.24
721,1377887663,22.23
721,1377887668,22.24
721,1377887673,22.25
721,1377887678,22.24
721,1377887683,22.25
721,1377887688,22.25
721,1377887693,22.25
721,1377887698,22.25
721,1377887703,22.25
721,1377887708,22.24
721,1377887713,22.26
721,1377887718,22.24
721,1377887723,22.25
721,1377887728,22.26
721,1377887733,22.24
721,1377887738,22.26
721,1377887743,22.26
721,1377887748,22.26
721,1377887753,22.25
721,1377887758,22.26
721,1377887763,22.24
721,1377887768,22.26
721,1377887773,22.26
721,1377887778,22.25
721,1377887783,22.26
721,1377887788,22.25
721,1377887793,22.26
721,1377887798,22.25
721,1377887803,22.26
721,1377887808,22.26
721,1377887813,22.26
721,1377887818,22.26
721,1377887823,22.27
721,1377887828,22.25
721,1377887833,22.26
721,1377887838,22.27
721,1377887843,22.26
721,1377887848,22.26
721,1377887853,22.26
721,1377887858,22.26
721,1377887863,22.26
721,1377887868,22.26
721,1377887873,22.28
721,1377887878,22.27
721,1377887883,22.27
721,1377887888,22.25
721,1377887893,22.26
721,1377887898,22.26
721,1377887903,22.26
721,1377887908,22.27
721,1377887913,22.26
721,1377887918,22.27
721,1377887923,22.27
721,1377887928,22.26
721,1377887933,22.27
721,1377887938,22.27
721,1377887943,22.27
721,1377887948,22.28
721,1377887953,22.27
721,1377887958,22.28
721,1377887963,22.27
721,1377887968,22.28
721,1377887973,22.27
721,1377887978,22.28
721,1377887983,22.28
721,1377887988,22.27
721,1377887993,22.27
721,1377887998,22.27
721,1377888004,22.27
721,1377888008,22.26
721,1377888013,22.26
721,1377888018,22.27
721,1377888023,22.27
721,1377888028,22.28
721,1377888033,22.27
721,1377888038,22.27
721,1377888043,22.28
721,1377888048,22.27
721,1377888053,22.27
721,1377888058,22.28
721,1377888063,22.27
721,1377888068,22.27
721,1377888073,22.28
721,1377888078,22.28
721,1377888083,22.27
721,1377888088,22.28
721,1377888093,22.28
721,1377888098,22.28
721,1377888103,22.27
721,1377888108,22.28
721,1377888113,22.28
721,1377888118,22.28
721,1377888123,22.27
721,1377888128,22.27
721,1377888133,22.28
721,1377888138,22.28
721,1377888143,22.28
721,1377888148,22.27
721,1377888153,22.28
721,1377888158,22.28
721,1377888163,22.29
721,1377888168,22.28
721,1377888173,22.28
721,1377888178,22.28
721,1377888183,22.28
721,1377888188,22.28
721,1377888193,22.28
721,1377888198,22.28
721,1377888203,22.29
721,1377888208,22.28
721,1377888213,22.29
721,1377888218,22.28
721,1377888223,22.29
721,1377888228,22.29
721,1377888233,22.3
721,1377888238,22.3
721,1377888243,22.28
721,1377888248,22.28
721,1377888253,22.28
721,1377888258,22.28
721,1377888263,22.28
721,1377888268,22.29
721,1377888273,22.28
721,1377888278,22.29
721,1377888283,22.28
721,1377888288,22.29
721,1377888293,22.28
721,1377888298,22.28
721,1377888303,22.28
721,1377888308,22.29
721,1377888313,22.28
721,1377888318,22.29
721,1377888323,22.29
721,1377888328,22.28
721,1377888333,22.29
721,1377888338,22.29
721,1377888343,22.3
721,1377888348,22.29
721,1377888353,22.29
721,1377888358,22.3
721,1377888363,22.3
721,1377888368,22.28
721,1377888373,22.28
721,1377888378,22.3
721,1377888383,22.29
721,1377888388,22.29
721,1377888393,22.28
721,1377888398,22.29
721,1377888403,22.28
721,1377888408,22.29
721,1377888413,22.3
721,1377888418,22.29
721,1377888423,22.29
721,1377888428,22.28
721,1377888433,22.3
721,1377888438,22.28
721,1377888443,22.29
721,1377888448,22.28
721,1377888453,22.29
721,1377888458,22.29
721,1377888463,22.3
721,1377888468,22.29
721,1377888473,22.3
721,1377888478,22.29
721,1377888483,22.3
721,1377888488,22.29
721,1377888493,22.3
721,1377888498,22.3
721,1377888503,22.29
721,1377888508,22.3
721,1377888513,22.29
721,1377888518,22.3
721,1377888523,22.3
721,1377888528,22.3
721,1377888533,22.3
721,1377888538,22.31
721,1377888543,22.3
721,1377888548,22.3
721,1377888553,22.3
721,1377888558,22.3
721,1377888563,22.29
721,1377888568,22.3
721,1377888573,22.3
721,1377888578,22.3
721,1377888583,22.3
721,1377888588,22.31
721,1377888593,22.3
721,1377888598,22.29
721,1377888603,22.31
721,1377888608,22.31
721,1377888613,22.31
721,1377888618,22.32
721,1377888623,22.31
721,1377888628,22.3
721,1377888633,22.3
721,1377888638,22.3
721,1377888643,22.3
721,1377888648,22.3
721,1377888653,22.3
721,1377888658,22.3
721,1377888663,22.3
721,1377888668,22.31
721,1377888673,22.32
721,1377888678,22.31
721,1377888683,22.31
721,1377888688,22.31
721,1377888693,22.3
721,1377888698,22.3
721,1377888703,22.31
721,1377888708,22.32
721,1377888713,22.3
721,1377888718,22.3
721,1377888723,22.32
721,1377888728,22.3
721,1377888733,22.32
721,1377888738,22.3
721,1377888743,22.31
721,1377888748,22.32
721,1377888753,22.32
721,1377888758,22.31
721,1377888763,22.31
721,1377888768,22.32
721,1377888773,22.32
721,1377888778,22.31
721,1377888783,22.32
721,1377888788,22.31
721,1377888793,22.32
721,1377888798,22.31
721,1377888803,22.32
721,1377888808,22.32
721,1377888813,22.32
721,1377888818,22.32
721,1377888823,22.31
721,1377888828,22.3
721,1377888833,22.32
721,1377888838,22.32
721,1377888843,22.3
721,1377888848,22.32
721,1377888853,22.31
721,1377888858,22.32
721,1377888863,22.31
721,1377888868,22.31
721,1377888873,22.32
721,1377888878,22.32
721,1377888883,22.32
721,1377888888,22.31
721,1377888893,22.32
721,1377888898,22.32
721,1377888903,22.32
721,1377888908,22.32
721,1377888913,22.32
721,1377888918,22.32
721,1377888923,22.32
721,1377888928,22.31
721,1377888933,22.32
721,1377888938,22.32
721,1377888943,22.32
721,1377888948,22.32
721,1377888953,22.32
721,1377888958,22.32
721,1377888963,22.33
721,1377888968,22.32
721,1377888973,22.32
721,1377888978,22.32
721,1377888983,22.33
721,1377888988,22.32
721,1377888993,22.32
721,1377888998,22.32
721,1377889003,22.34
721,1377889008,22.32
721,1377889013,22.33
721,1377889018,22.32
721,1377889023,22.32
721,1377889028,22.32
721,1377889033,22.32
721,1377889038,22.32
721,1377889043,22.33
721,1377889048,22.33
721,1377889053,22.32
721,1377889058,22.33
721,1377889063,22.33
721,1377889068,22.33
721,1377889073,22.32
721,1377889078,22.33
721,1377889083,22.32
721,1377889088,22.32
721,1377889093,22.33
721,1377889098,22.33
721,1377889103,22.32
721,1377889108,22.33
721,1377889113,22.33
721,1377889118,22.33
721,1377889123,22.32
721,1377889128,22.34
721,1377889133,22.33
721,1377889138,22.32
721,1377889143,22.32
721,1377889148,22.32
721,1377889153,22.33
721,1377889158,22.33
721,1377889163,22.34
721,1377889168,22.34
721,1377889173,22.33
721,1377889178,22.33
721,1377889183,22.32
721,1377889188,22.33
721,1377889193,22.32
721,1377889198,22.33
721,1377889203,22.33
721,1377889208,22.32
721,1377889213,22.32
721,1377889218,22.34
721,1377889223,22.33
721,1377889228,22.33
721,1377889233,22.34
721,1377889238,22.33
721,1377889243,22.33
721,1377889248,22.33
721,1377889253,22.33
721,1377889258,22.34
721,1377889263,22.34
721,1377889268,22.33
721,1377889273,22.34
721,1377889278,22.33
721,1377889283,22.33
721,1377889288,22.33
721,1377889293,22.32
721,1377889298,22.33
721,1377889303,22.33
721,1377889308,22.34
721,1377889313,22.33
721,1377889318,22.34
721,1377889323,22.34
721,1377889328,22.33
721,1377889333,22.33
721,1377889338,22.34
721,1377889343,22.33
721,1377889348,22.33
721,1377889353,22.34
721,1377889358,22.34
721,1377889363,22.33
721,1377889368,22.33
721,1377889373,22.32
721,1377889378,22.33
721,1377889383,22.34
721,1377889388,22.33
721,1377889393,22.34
721,1377889398,22.34
721,1377889403,22.34
721,1377889408,22.33
721,1377889413,22.33
721,1377889418,22.34
721,1377889423,22.33
721,1377889428,22.34
721,1377889433,22.34
721,1377889438,22.32
721,1377889443,22.34
721,1377889448,22.34
721,1377889453,22.34
721,1377889458,22.33
721,1377889463,22.34
721,1377889468,22.34
721,1377889473,22.35
721,1377889478,22.32
721,1377889483,22.34
721,1377889488,22.35
721,1377889493,22.34
721,1377889498,22.34
721,1377889503,22.34
721,1377889508,22.34
721,1377889513,22.34
721,1377889518,22.34
721,1377889523,22.33
721,1377889528,22.34
721,1377889533,22.34
721,1377889538,22.34
721,1377889543,22.33
721,1377889548,22.34
721,1377889553,22.35
721,1377889558,22.34
721,1377889563,22.34
721,1377889568,22.34
721,1377889573,22.34
721,1377889578,22.34
721,1377889583,22.34
721,1377889588,22.34
721,1377889593,22.34
721,1377889598,22.34
721,1377889603,22.34
721,1377889608,22.35
721,1377889613,22.34
721,1377889618,22.34
721,1377889623,22.34
721,1377889628,22.35
721,1377889633,22.36
721,1377889638,22.34
721,1377889643,22.35
721,1377889648,22.35
721,1377889653,22.35
721,1377889658,22.35
721,1377889664,22.35
721,1377889668,22.36
721,1377889673,22.35
721,1377889678,22.35
721,1377889683,22.34
721,1377889688,22.34
721,1377889693,22.35
721,1377889699,22.34
721,1377889703,22.36
721,1377889708,22.35
721,1377889713,22.36
721,1377889718,22.35
721,1377889723,22.34
721,1377889728,22.34
721,1377889733,22.35
721,1377889738,22.35
721,1377889743,22.35
721,1377889748,22.35
721,1377889753,22.36
721,1377889758,22.35
721,1377889763,22.35
721,1377889768,22.36
721,1377889773,22.36
721,1377889778,22.36
721,1377889783,22.35
721,1377889788,22.35
721,1377889793,22.35
721,1377889798,22.35
721,1377889803,22.37
721,1377889808,22.36
721,1377889813,22.36
721,1377889818,22.36
721,1377889823,22.36
721,1377889828,22.35
721,1377889833,22.35
721,1377889838,22.35
721,1377889843,22.36
721,1377889848,22.35
721,1377889853,22.35
721,1377889858,22.36
721,1377889863,22.36
721,1377889868,22.35
721,1377889873,22.37
721,1377889878,22.36
721,1377889883,22.36
721,1377889888,22.37
721,1377889893,22.36
721,1377889898,22.36
721,1377889903,22.36
721,1377889908,22.36
721,1377889913,22.35
721,1377889918,22.36
721,1377889923,22.36
721,1377889928,22.36
721,1377889933,22.37
721,1377889938,22.36
721,1377889943,22.36
721,1377889948,22.37
721,1377889953,22.36
721,1377889958,22.36
721,1377889963,22.35
721,1377889968,22.37
721,1377889973,22.36
721,1377889978,22.36
721,1377889983,22.36
721,1377889988,22.36
721,1377889993,22.37
721,1377889998,22.36
721,1377890003,22.37
721,1377890008,22.37
721,1377890013,22.37
721,1377890018,22.36
721,1377890023,22.37
721,1377890028,22.36
721,1377890033,22.37
721,1377890038,22.37
721,1377890043,22.37
721,1377890048,22.37
721,1377890053,22.36
721,1377890058,22.37
721,1377890063,22.37
721,1377890068,22.37
721,1377890073,22.38
721,1377890078,22.37
721,1377890083,22.37
721,1377890088,22.37
721,1377890093,22.36
721,1377890098,22.37
721,1377890103,22.36
721,1377890108,22.38
721,1377890113,22.38
721,1377890118,22.37
721,1377890123,22.36
721,1377890128,22.37
721,1377890133,22.37
721,1377890138,22.36
721,1377890143,22.38
721,1377890148,22.37
721,1377890153,22.37
721,1377890158,22.38
721,1377890163,22.37
721,1377890168,22.38
721,1377890173,22.37
721,1377890178,22.36
721,1377890183,22.38
721,1377890188,22.36
721,1377890193,22.37
721,1377890198,22.37
721,1377890203,22.37
721,1377890208,22.38
721,1377890213,22.38
721,1377890218,22.38
721,1377890223,22.38
721,1377890228,22.39
721,1377890233,22.38
721,1377890238,22.37
721,1377890243,22.37
721,1377890248,22.38
721,1377890253,22.38
721,1377890258,22.37
721,1377890263,22.37
721,1377890268,22.37
721,1377890273,22.38
721,1377890278,22.38
721,1377890283,22.38
721,1377890288,22.37
721,1377890293,22.36
721,1377890298,22.38
721,1377890303,22.37
721,1377890308,22.4
721,1377890313,22.38
721,1377890318,22.38
721,1377890323,22.37
721,1377890328,22.38
721,1377890333,22.38
721,1377890338,22.38
721,1377890343,22.38
721,1377890348,22.37
721,1377890353,22.38
721,1377890358,22.38
721,1377890363,22.38
721,1377890368,22.38
721,1377890373,22.38
721,1377890378,22.38
721,1377890383,22.37
721,1377890388,22.4
721,1377890393,22.39
721,1377890398,22.38
721,1377890403,22.38
721,1377890408,22.38
721,1377890413,22.38
721,1377890418,22.38
721,1377890423,22.39
721,1377890430,22.39
721,1377890433,22.38
721,1377890438,22.39
721,1377890443,22.39
721,1377890448,22.39
721,1377890453,22.38
721,1377890458,22.38
721,1377890463,22.39
721,1377890468,22.38
721,1377890473,22.39
721,1377890478,22.39
721,1377890483,22.4
721,1377890488,22.4
721,1377890493,22.4
721,1377890498,22.39
721,1377890503,22.38
721,1377890508,22.39
721,1377890513,22.39
721,1377890518,22.38
721,1377890523,22.39
721,1377890528,22.39
721,1377890533,22.38
721,1377890538,22.4
721,1377890543,22.39
721,1377890548,22.39
721,1377890553,22.39
721,1377890558,22.39
721,1377890563,22.4
721,1377890568,22.4
721,1377890573,22.4
721,1377890578,22.39
721,1377890583,22.4
721,1377890588,22.39
721,1377890593,22.39
721,1377890598,22.41
721,1377890603,22.4
721,1377890608,22.39
721,1377890613,22.4
721,1377890618,22.41
721,1377890623,22.41
721,1377890628,22.4
721,1377890633,22.4
721,1377890638,22.4
721,1377890643,22.4
721,1377890648,22.4
721,1377890653,22.4
721,1377890658,22.4
721,1377890663,22.41
721,1377890668,22.4
721,1377890673,22.4
721,1377890678,22.4
721,1377890683,22.41
721,1377890688,22.4
721,1377890693,22.41
721,1377890698,22.41
721,1377890703,22.4
721,1377890708,22.4
721,1377890713,22.4
721,1377890718,22.4
721,1377890723,22.4
721,1377890728,22.4
721,1377890733,22.4
721,1377890738,22.42
721,1377890743,22.42
721,1377890748,22.4
721,1377890753,22.4
721,1377890758,22.4
721,1377890763,22.42
721,1377890768,22.4
721,1377890773,22.4
721,1377890778,22.4
721,1377890783,22.41
721,1377890788,22.4
721,1377890793,22.4
721,1377890798,22.4
721,1377890803,22.41
721,1377890808,22.4
721,1377890813,22.41
721,1377890818,22.41
721,1377890823,22.41
721,1377890828,22.41
721,1377890833,22.41
721,1377890838,22.42
721,1377890843,22.41
721,1377890848,22.41
721,1377890853,22.41
721,1377890858,22.41
721,1377890863,22.41
721,1377890868,22.42
721,1377890873,22.41
721,1377890878,22.4
721,1377890883,22.42
721,1377890888,22.42
721,1377890893,22.42
721,1377890898,22.41
721,1377890903,22.42
721,1377890908,22.42
721,1377890913,22.42
721,1377890918,22.42
721,1377890923,22.41
721,1377890928,22.42
721,1377890933,22.41
721,1377890938,22.42
721,1377890943,22.42
721,1377890948,22.42
721,1377890953,22.42
721,1377890958,22.42
721,1377890963,22.42
721,1377890968,22.42
721,1377890973,22.42
721,1377890978,22.42
721,1377890983,22.43
721,1377890988,22.42
721,1377890993,22.42
721,1377890998,22.42
721,1377891003,22.42
721,1377891008,22.42
721,1377891013,22.42
721,1377891018,22.42
721,1377891023,22.42
721,1377891028,22.42
721,1377891033,22.42
721,1377891038,22.42
721,1377891043,22.42
721,1377891048,22.43
721,1377891053,22.43
721,1377891058,22.42
721,1377891063,22.43
721,1377891068,22.42
721,1377891073,22.43
721,1377891078,22.42
721,1377891083,22.42
721,1377891088,22.43
721,1377891093,22.43
721,1377891098,22.44
721,1377891103,22.42
721,1377891108,22.43
721,1377891113,22.43
721,1377891118,22.43
721,1377891123,22.42
721,1377891128,22.44
721,1377891133,22.42
721,1377891138,22.43
721,1377891143,22.42
721,1377891148,22.43
721,1377891153,22.42
721,1377891158,22.42
721,1377891163,22.43
721,1377891168,22.42
721,1377891173,22.44
721,1377891178,22.42
721,1377891185,22.43
721,1377891188,22.42
721,1377891193,22.42
721,1377891198,22.43
721,1377891203,22.43
721,1377891208,22.42
721,1377891213,22.43
721,1377891218,22.45
721,1377891223,22.44
721,1377891228,22.43
721,1377891233,22.43
721,1377891238,22.43
721,1377891243,22.44
721,1377891248,22.44
721,1377891253,22.44
721,1377891258,22.45
721,1377891263,22.43
721,1377891268,22.44
721,1377891273,22.44
721,1377891278,22.44
721,1377891283,22.43
721,1377891288,22.44
721,1377891293,22.43
721,1377891298,22.45
721,1377891303,22.44
721,1377891308,22.44
721,1377891313,22.44
721,1377891318,22.44
721,1377891323,22.44
721,1377891328,22.44
721,1377891333,22.44
721,1377891338,22.44
721,1377891343,22.44
721,1377891348,22.44
721,1377891353,22.44
721,1377891358,22.45
721,1377891363,22.45
721,1377891368,22.45
721,1377891373,22.44
721,1377891378,22.44
721,1377891383,22.44
721,1377891388,22.45
721,1377891393,22.44
721,1377891398,22.44
721,1377891403,22.44
721,1377891408,22.44
721,1377891413,22.43
721,1377891418,22.44
721,1377891423,22.44
721,1377891428,22.46
721,1377891433,22.43
721,1377891438,22.45
721,1377891443,22.44
721,1377891448,22.45
721,1377891453,22.46
721,1377891458,22.45
721,1377891463,22.46
721,1377891468,22.45
721,1377891473,22.44
721,1377891478,22.46
721,1377891483,22.46
721,1377891488,22.46
721,1377891493,22.45
721,1377891498,22.46
721,1377891503,22.46
721,1377891508,22.46
721,1377891513,22.46
721,1377891518,22.46
721,1377891523,22.45
721,1377891528,22.46
721,1377891533,22.46
721,1377891538,22.46
721,1377891543,22.45
721,1377891548,22.45
721,1377891553,22.44
721,1377891558,22.45
721,1377891563,22.46
721,1377891568,22.46
721,1377891573,22.45
721,1377891578,22.45
721,1377891583,22.44
721,1377891588,22.45
721,1377891593,22.45
721,1377891598,22.45
721,1377891603,22.44
721,1377891608,22.45
721,1377891613,22.45
721,1377891618,22.45
721,1377891623,22.46
721,1377891628,22.46
721,1377891633,22.45
721,1377891638,22.46
721,1377891643,22.45
721,1377891648,22.45
721,1377891653,22.46
721,1377891658,22.46
721,1377891663,22.46
721,1377891668,22.45
721,1377891673,22.46
721,1377891678,22.47
721,1377891683,22.46
721,1377891688,22.46
721,1377891693,22.46
721,1377891698,22.46
721,1377891703,22.46
721,1377891708,22.46
721,1377891713,22.46
721,1377891718,22.47
721,1377891723,22.47
721,1377891728,22.46
721,1377891733,22.46
721,1377891738,22.46
721,1377891743,22.46
721,1377891748,22.48
721,1377891753,22.47
721,1377891758,22.47
721,1377891763,22.47
721,1377891768,22.46
721,1377891773,22.46
721,1377891778,22.47
721,1377891783,22.47
721,1377891788,22.47
721,1377891793,22.47
721,1377891798,22.48
721,1377891803,22.47
721,1377891808,22.47
721,1377891813,22.47
721,1377891818,22.46
721,1377891823,22.46
721,1377891828,22.47
721,1377891833,22.47
721,1377891838,22.48
721,1377891843,22.46
721,1377891848,22.47
721,1377891853,22.47
721,1377891858,22.46
721,1377891863,22.47
721,1377891868,22.46
721,1377891873,22.46
721,1377891878,22.47
721,1377891883,22.47
721,1377891888,22.48
721,1377891893,22.48
721,1377891898,22.48
721,1377891903,22.47
721,1377891908,22.47
721,1377891913,22.48
721,1377891918,22.47
721,1377891923,22.48
721,1377891928,22.48
721,1377891933,22.47
721,1377891940,22.48
721,1377891943,22.48
721,1377891948,22.47
721,1377891953,22.47
721,1377891958,22.47
721,1377891963,22.48
721,1377891968,22.48
721,1377891973,22.48
721,1377891978,22.48
721,1377891983,22.47
721,1377891988,22.48
721,1377891993,22.48
721,1377891998,22.48
721,1377892003,22.47
721,1377892008,22.48
721,1377892013,22.47
721,1377892018,22.48
721,1377892023,22.47
721,1377892028,22.47
721,1377892033,22.48
721,1377892038,22.48
721,1377892043,22.48
721,1377892048,22.48
721,1377892053,22.48
721,1377892058,22.47
721,1377892063,22.47
721,1377892068,22.48
721,1377892073,22.48
721,1377892078,22.48
721,1377892083,22.48
721,1377892088,22.48
721,1377892093,22.48
721,1377892098,22.49
721,1377892103,22.48
721,1377892108,22.48
721,1377892113,22.48
721,1377892118,22.49
721,1377892123,22.48
721,1377892128,22.48
721,1377892133,22.48
721,1377892138,22.49
721,1377892143,22.48
721,1377892148,22.49
721,1377892153,22.48
721,1377892158,22.48
721,1377892163,22.48
721,1377892168,22.48
721,1377892173,22.49
721,1377892178,22.48
721,1377892183,22.48
721,1377892188,22.47
721,1377892193,22.49
721,1377892198,22.48
721,1377892203,22.48
721,1377892208,22.48
721,1377892213,22.48
721,1377892218,22.49
721,1377892223,22.48
721,1377892228,22.48
721,1377892233,22.48
721,1377892238,22.48
721,1377892243,22.49
721,1377892248,22.49
721,1377892253,22.48
721,1377892258,22.49
721,1377892263,22.48
721,1377892268,22.48
721,1377892273,22.48
721,1377892278,22.48
721,1377892283,22.48
721,1377892288,22.48
721,1377892293,22.48
721,1377892298,22.5
721,1377892303,22.48
721,1377892308,22.48
721,1377892313,22.48
721,1377892318,22.5
721,1377892323,22.48
721,1377892328,22.48
721,1377892333,22.48
721,1377892338,22.49
721,1377892343,22.5
721,1377892348,22.48
721,1377892353,22.48
721,1377892358,22.48
721,1377892363,22.48
721,1377892368,22.49
721,1377892373,22.49
721,1377892378,22.5
721,1377892383,22.5
721,1377892388,22.48
721,1377892393,22.49
721,1377892398,22.48
721,1377892403,22.49
721,1377892408,22.5
721,1377892413,22.5
721,1377892418,22.49
721,1377892423,22.5
721,1377892428,22.49
721,1377892433,22.5
721,1377892438,22.5
721,1377892443,22.49
721,1377892448,22.5
721,1377892453,22.5
721,1377892458,22.49
721,1377892463,22.5
721,1377892468,22.49
721,1377892473,22.5
721,1377892478,22.5
721,1377892483,22.5
721,1377892488,22.5
721,1377892493,22.49
721,1377892498,22.49
721,1377892503,22.5
721,1377892508,22.5
721,1377892514,22.5
721,1377892518,22.49
721,1377892523,22.5
721,1377892528,22.5
721,1377892533,22.5
721,1377892538,22.5
721,1377892543,22.5
721,1377892548,22.51
721,1377892553,22.5
721,1377892558,22.5
721,1377892563,22.5
721,1377892568,22.49
721,1377892573,22.5
721,1377892578,22.49
721,1377892583,22.5
721,1377892588,22.5
721,1377892593,22.5
721,1377892598,22.5
721,1377892603,22.49
721,1377892608,22.5
721,1377892613,22.5
721,1377892618,22.5
721,1377892623,22.51
721,1377892628,22.51
721,1377892633,22.52
721,1377892638,22.51
721,1377892643,22.51
721,1377892648,22.5
721,1377892653,22.51
721,1377892658,22.52
721,1377892664,22.51
721,1377892668,22.5
721,1377892673,22.5
721,1377892678,22.5
721,1377892683,22.52
721,1377892689,22.51
721,1377892693,22.51
721,1377892698,22.51
721,1377892703,22.51
721,1377892708,22.51
721,1377892713,22.52
721,1377892718,22.52
721,1377892723,22.52
721,1377892728,22.51
721,1377892733,22.51
721,1377892738,22.52
721,1377892743,22.51
721,1377892748,22.52
721,1377892753,22.52
721,1377892758,22.52
721,1377892763,22.52
721,1377892768,22.52
721,1377892773,22.51
721,1377892778,22.51
721,1377892783,22.52
721,1377892788,22.5
721,1377892793,22.51
721,1377892798,22.52
721,1377892803,22.52
721,1377892808,22.51
721,1377892813,22.52
721,1377892818,22.52
721,1377892823,22.52
721,1377892828,22.51
721,1377892833,22.52
721,1377892838,22.51
721,1377892843,22.52
721,1377892848,22.53
721,1377892853,22.52
721,1377892858,22.52
721,1377892863,22.51
721,1377892868,22.52
721,1377892873,22.53
721,1377892878,22.52
721,1377892883,22.52
721,1377892888,22.52
721,1377892893,22.52
721,1377892898,22.52
721,1377892903,22.52
721,1377892908,22.52
721,1377892913,22.52
721,1377892918,22.51
721,1377892923,22.52
721,1377892928,22.52
721,1377892933,22.54
721,1377892938,22.53
721,1377892943,22.52
721,1377892948,22.52
721,1377892953,22.52
721,1377892958,22.53
721,1377892963,22.53
721,1377892968,22.53
721,1377892973,22.53
721,1377892978,22.54
721,1377892983,22.54
721,1377892988,22.52
721,1377892993,22.53
721,1377892998,22.52
721,1377893003,22.54
721,1377893008,22.53
721,1377893013,22.54
721,1377893018,22.53
721,1377893023,22.54
721,1377893028,22.53
721,1377893033,22.53
721,1377893038,22.53
721,1377893043,22.53
721,1377893048,22.53
721,1377893053,22.53
721,1377893058,22.53
721,1377893063,22.54
721,1377893068,22.54
721,1377893073,22.54
721,1377893078,22.53
721,1377893083,22.54
721,1377893088,22.54
721,1377893093,22.54
721,1377893098,22.54
721,1377893103,22.54
721,1377893108,22.54
721,1377893113,22.52
721,1377893118,22.54
721,1377893123,22.54
721,1377893128,22.53
721,1377893133,22.54
721,1377893138,22.53
721,1377893143,22.54
721,1377893148,22.53
721,1377893153,22.54
721,1377893158,22.54
721,1377893163,22.54
721,1377893168,22.53
721,1377893173,22.54
721,1377893178,22.54
721,1377893183,22.54
721,1377893188,22.54
721,1377893193,22.56
721,1377893198,22.54
721,1377893203,22.54
721,1377893208,22.56
721,1377893213,22.54
721,1377893218,22.54
721,1377893223,22.54
721,1377893228,22.54
721,1377893233,22.54
721,1377893238,22.54
721,1377893243,22.54
721,1377893248,22.54
721,1377893253,22.55
721,1377893258,22.54
721,1377893263,22.54
721,1377893268,22.54
721,1377893273,22.55
721,1377893278,22.54
721,1377893283,22.54
721,1377893288,22.55
721,1377893293,22.54
721,1377893298,22.55
721,1377893303,22.55
721,1377893308,22.54
721,1377893313,22.56
721,1377893318,22.55
721,1377893323,22.54
721,1377893328,22.55
721,1377893333,22.55
721,1377893338,22.55
721,1377893343,22.55
721,1377893348,22.55
721,1377893353,22.55
721,1377893358,22.54
721,1377893363,22.56
721,1377893368,22.54
721,1377893373,22.55
721,1377893378,22.55
721,1377893383,22.55
721,1377893388,22.54
721,1377893393,22.55
721,1377893398,22.54
721,1377893403,22.56
721,1377893408,22.55
721,1377893413,22.54
721,1377893418,22.55
721,1377893423,22.54
721,1377893429,22.54
721,1377893433,22.55
721,1377893438,22.55
721,1377893443,22.55
721,1377893448,22.56
721,1377893453,22.55
721,1377893458,22.55
721,1377893463,22.56
721,1377893468,22.56
721,1377893473,22.56
721,1377893478,22.56
721,1377893483,22.56
721,1377893488,22.56
721,1377893493,22.56
721,1377893498,22.55
721,1377893503,22.55
721,1377893508,22.56
721,1377893513,22.55
721,1377893518,22.56
721,1377893523,22.56
721,1377893528,22.56
721,1377893533,22.55
721,1377893538,22.56
721,1377893543,22.56
721,1377893548,22.56
721,1377893553,22.56
721,1377893558,22.56
721,1377893563,22.56
721,1377893568,22.55
721,1377893573,22.55
721,1377893578,22.56
721,1377893583,22.56
721,1377893588,22.56
721,1377893593,22.56
721,1377893598,22.56
721,1377893603,22.56
721,1377893608,22.56
721,1377893613,22.55
721,1377893618,22.56
721,1377893623,22.57
721,1377893628,22.57
721,1377893633,22.57
721,1377893638,22.57
721,1377893643,22.55
721,1377893648,22.56
721,1377893653,22.56
721,1377893658,22.56
721,1377893663,22.56
721,1377893668,22.56
721,1377893673,22.56
721,1377893678,22.57
721,1377893683,22.56
721,1377893688,22.56
721,1377893693,22.57
721,1377893699,22.57
721,1377893703,22.56
721,1377893708,22.56
721,1377893713,22.56
721,1377893718,22.56
721,1377893723,22.56
721,1377893728,22.57
721,1377893733,22.58
721,1377893738,22.56
721,1377893743,22.56
721,1377893748,22.56
721,1377893753,22.56
721,1377893758,22.56
721,1377893763,22.56
721,1377893768,22.57
721,1377893773,22.56
721,1377893778,22.57
721,1377893783,22.56
721,1377893788,22.56
721,1377893793,22.56
721,1377893798,22.57
721,1377893803,22.56
721,1377893808,22.57
721,1377893813,22.56
721,1377893818,22.57
721,1377893823,22.56
721,1377893828,22.57
721,1377893833,22.56
721,1377893838,22.56
721,1377893843,22.58
721,1377893848,22.57
721,1377893853,22.57
721,1377893858,22.57
721,1377893863,22.58
721,1377893868,22.57
721,1377893873,22.56
721,1377893878,22.57
721,1377893883,22.58
721,1377893888,22.56
721,1377893893,22.58
721,1377893898,22.57
721,1377893903,22.58
721,1377893908,22.57
721,1377893913,22.58
721,1377893918,22.58
721,1377893923,22.57
721,1377893928,22.58
721,1377893933,22.58
721,1377893938,22.58
721,1377893943,22.59
721,1377893948,22.59
721,1377893953,22.57
721,1377893958,22.58
721,1377893963,22.58
721,1377893968,22.58
721,1377893973,22.58
721,1377893978,22.58
721,1377893983,22.58
721,1377893988,22.58
721,1377893993,22.58
721,1377893998,22.58
721,1377894003,22.58
721,1377894008,22.58
721,1377894013,22.59
721,1377894018,22.58
721,1377894023,22.59
721,1377894028,22.59
721,1377894033,22.59
721,1377894038,22.58
721,1377894043,22.58
721,1377894048,22.58
721,1377894053,22.58
721,1377894058,22.59
721,1377894063,22.58
721,1377894068,22.59
721,1377894073,22.58
721,1377894078,22.59
721,1377894083,22.59
721,1377894088,22.59
721,1377894093,22.59
721,1377894098,22.6
721,1377894103,22.59
721,1377894108,22.58
721,1377894113,22.6
721,1377894118,22.58
721,1377894123,22.6
721,1377894128,22.59
721,1377894133,22.59
721,1377894138,22.6
721,1377894143,22.6
721,1377894148,22.58
721,1377894153,22.58
721,1377894158,22.59
721,1377894165,22.6
721,1377894168,22.59
721,1377894173,22.59
721,1377894178,22.6
721,1377894183,22.6
721,1377894188,22.59
721,1377894193,22.59
721,1377894198,22.6
721,1377894203,22.6
721,1377894208,22.59
721,1377894213,22.58
721,1377894218,22.59
721,1377894223,22.6
721,1377894228,22.6
721,1377894233,22.59
721,1377894238,22.6
721,1377894243,22.6
721,1377894248,22.59
721,1377894253,22.6
721,1377894258,22.6
721,1377894263,22.6
721,1377894268,22.61
721,1377894273,22.6
721,1377894278,22.6
721,1377894283,22.58
721,1377894288,22.6
721,1377894294,22.6
721,1377894298,22.59
721,1377894303,22.6
721,1377894308,22.6
721,1377894313,22.6
721,1377894318,22.6
721,1377894323,22.6
721,1377894328,22.6
721,1377894333,22.6
721,1377894338,22.61
721,1377894343,22.6
721,1377894348,22.6
721,1377894353,22.6
721,1377894358,22.6
721,1377894363,22.6
721,1377894368,22.6
721,1377894373,22.61
721,1377894378,22.61
721,1377894383,22.6
721,1377894388,22.61
721,1377894393,22.61
721,1377894398,22.6
721,1377894403,22.61
721,1377894408,22.6
721,1377894413,22.6
721,1377894418,22.61
721,1377894423,22.61
721,1377894428,22.6
721,1377894433,22.6
721,1377894438,22.6
721,1377894443,22.6
721,1377894448,22.61
721,1377894453,22.6
721,1377894458,22.6
721,1377894463,22.6
721,1377894468,22.61
721,1377894473,22.6
721,1377894478,22.61
721,1377894483,22.61
721,1377894488,22.6
721,1377894493,22.6
721,1377894498,22.6
721,1377894503,22.6
721,1377894508,22.61
721,1377894513,22.6
721,1377894518,22.61
721,1377894523,22.6
721,1377894528,22.6
721,1377894533,22.6
721,1377894538,22.6
721,1377894543,22.61
721,1377894548,22.6
721,1377894553,22.62
721,1377894558,22.62
721,1377894563,22.62
721,1377894568,22.61
721,1377894573,22.6
721,1377894578,22.62
721,1377894583,22.6
721,1377894588,22.62
721,1377894593,22.62
721,1377894598,22.62
721,1377894603,22.62
721,1377894608,22.61
721,1377894613,22.62
721,1377894618,22.62
721,1377894623,22.62
721,1377894628,22.62
721,1377894633,22.62
721,1377894638,22.62
721,1377894643,22.63
721,1377894648,22.61
721,1377894653,22.61
721,1377894658,22.62
721,1377894663,22.6
721,1377894668,22.61
721,1377894673,22.62
721,1377894678,22.61
721,1377894683,22.61
721,1377894688,22.62
721,1377894693,22.62
721,1377894698,22.62
721,1377894703,22.61
721,1377894708,22.62
721,1377894713,22.62
721,1377894718,22.62
721,1377894723,22.62
721,1377894728,22.62
721,1377894733,22.62
721,1377894738,22.61
721,1377894743,22.62
721,1377894748,22.61
721,1377894753,22.62
721,1377894758,22.63
721,1377894763,22.62
721,1377894768,22.63
721,1377894773,22.62
721,1377894778,22.62
721,1377894783,22.63
721,1377894788,22.63
721,1377894793,22.63
721,1377894798,22.62
721,1377894803,22.62
721,1377894808,22.62
721,1377894813,22.62
721,1377894818,22.63
721,1377894823,22.62
721,1377894828,22.64
721,1377894833,22.62
721,1377894838,22.62
721,1377894843,22.62
721,1377894848,22.62
721,1377894853,22.63
721,1377894858,22.63
721,1377894863,22.62
721,1377894868,22.62
721,1377894873,22.62
721,1377894878,22.63
721,1377894883,22.62
721,1377894888,22.63
721,1377894893,22.62
721,1377894898,22.64
721,1377894903,22.63
721,1377894908,22.62
721,1377894913,22.63
721,1377894918,22.62
721,1377894923,22.63
721,1377894929,22.63
721,1377894933,22.64
721,1377894938,22.63
721,1377894943,22.63
721,1377894948,22.63
721,1377894953,22.62
721,1377894958,22.62
721,1377894963,22.65
721,1377894968,22.63
721,1377894973,22.63
721,1377894978,22.64
721,1377894983,22.64
721,1377894988,22.63
721,1377894993,22.64
721,1377894998,22.64
721,1377895003,22.64
721,1377895008,22.63
721,1377895013,22.63
721,1377895018,22.64
721,1377895023,22.63
721,1377895028,22.63
721,1377895033,22.64
721,1377895038,22.63
721,1377895043,22.64
721,1377895048,22.64
721,1377895053,22.64
721,1377895058,22.64
721,1377895063,22.64
721,1377895068,22.63
721,1377895073,22.64
721,1377895078,22.64
721,1377895083,22.64
721,1377895088,22.64
721,1377895093,22.64
721,1377895098,22.65
721,1377895103,22.64
721,1377895108,22.64
721,1377895113,22.64
721,1377895118,22.64
721,1377895123,22.64
721,1377895128,22.65
721,1377895133,22.64
721,1377895138,22.64
721,1377895143,22.65
721,1377895148,22.65
721,1377895153,22.64
721,1377895158,22.64
721,1377895163,22.65
721,1377895168,22.64
721,1377895173,22.64
721,1377895178,22.64
721,1377895183,22.64
721,1377895188,22.65
721,1377895193,22.64
721,1377895198,22.64
721,1377895203,22.65
721,1377895208,22.65
721,1377895213,22.65
721,1377895218,22.65
721,1377895223,22.66
721,1377895229,22.64
721,1377895233,22.66
721,1377895238,22.66
721,1377895243,22.66
721,1377895248,22.66
721,1377895253,22.64
721,1377895258,22.64
721,1377895263,22.66
721,1377895268,22.65
721,1377895273,22.65
721,1377895278,22.64
721,1377895283,22.64
721,1377895288,22.66
721,1377895293,22.64
721,1377895298,22.65
721,1377895303,22.65
721,1377895308,22.65
721,1377895313,22.65
721,1377895318,22.65
721,1377895323,22.65
721,1377895328,22.65
721,1377895333,22.66
721,1377895338,22.65
721,1377895343,22.65
721,1377895348,22.65
721,1377895353,22.65
721,1377895358,22.65
721,1377895363,22.67
721,1377895368,22.67
721,1377895373,22.67
721,1377895378,22.65
721,1377895383,22.66
721,1377895388,22.65
721,1377895393,22.67
721,1377895398,22.66
721,1377895403,22.65
721,1377895408,22.66
721,1377895413,22.66
721,1377895418,22.66
721,1377895423,22.67
721,1377895428,22.65
721,1377895433,22.66
721,1377895438,22.66
721,1377895443,22.66
721,1377895448,22.64
721,1377895453,22.66
721,1377895458,22.67
721,1377895463,22.65
721,1377895468,22.65
721,1377895473,22.65
721,1377895478,22.66
721,1377895483,22.67
721,1377895488,22.66
721,1377895493,22.66
721,1377895498,22.66
721,1377895503,22.66
721,1377895508,22.66
721,1377895513,22.67
721,1377895518,22.67
721,1377895523,22.66
721,1377895528,22.67
721,1377895533,22.67
721,1377895538,22.67
721,1377895543,22.67
721,1377895548,22.67
721,1377895553,22.67
721,1377895558,22.67
721,1377895563,22.67
721,1377895568,22.66
721,1377895573,22.67
721,1377895578,22.67
721,1377895583,22.68
721,1377895588,22.67
721,1377895593,22.66
721,1377895598,22.67
721,1377895603,22.67
721,1377895608,22.66
721,1377895613,22.68
721,1377895618,22.68
721,1377895623,22.67
721,1377895628,22.67
721,1377895633,22.68
721,1377895638,22.68
721,1377895643,22.69
721,1377895648,22.67
721,1377895653,22.68
721,1377895658,22.68
721,1377895663,22.68
721,1377895668,22.68
721,1377895673,22.68
721,1377895678,22.68
721,1377895683,22.68
721,1377895688,22.69
721,1377895693,22.68
721,1377895698,22.68
721,1377895703,22.7
721,1377895710,22.69
721,1377895713,22.68
721,1377895718,22.68
721,1377895723,22.69
721,1377895728,22.69
721,1377895733,22.68
721,1377895738,22.67
721,1377895743,22.68
721,1377895748,22.68
721,1377895753,22.69
721,1377895758,22.68
721,1377895763,22.68
721,1377895768,22.7
721,1377895773,22.69
721,1377895778,22.68
721,1377895783,22.69
721,1377895788,22.68
721,1377895793,22.7
721,1377895798,22.7
721,1377895803,22.7
721,1377895808,22.69
721,1377895813,22.69
721,1377895818,22.69
721,1377895823,22.69
721,1377895828,22.69
721,1377895833,22.69
721,1377895838,22.68
721,1377895843,22.7
721,1377895848,22.7
721,1377895853,22.69
721,1377895858,22.69
721,1377895863,22.7
721,1377895868,22.7
721,1377895873,22.69
721,1377895878,22.69
721,1377895883,22.69
721,1377895888,22.7
721,1377895893,22.7
721,1377895898,22.69
721,1377895903,22.7
721,1377895908,22.68
721,1377895913,22.69
721,1377895918,22.69
721,1377895923,22.69
721,1377895928,22.69
721,1377895933,22.69
721,1377895938,22.69
721,1377895943,22.7
721,1377895948,22.69
721,1377895953,22.7
721,1377895958,22.7
721,1377895963,22.7
721,1377895968,22.69
721,1377895973,22.69
721,1377895978,22.7
721,1377895983,22.69
721,1377895988,22.69
721,1377895993,22.7
721,1377895998,22.7
721,1377896003,22.69
721,1377896008,22.69
721,1377896013,22.7
721,1377896018,22.7
721,1377896023,22.7
721,1377896028,22.71
721,1377896033,22.7
721,1377896038,22.71
721,1377896043,22.7
721,1377896048,22.71
721,1377896053,22.7
721,1377896058,22.7
721,1377896063,22.7
721,1377896068,22.7
721,1377896073,22.7
721,1377896078,22.7
721,1377896083,22.7
721,1377896088,22.71
721,1377896093,22.7
721,1377896098,22.7
721,1377896103,22.7
721,1377896108,22.71
721,1377896113,22.7
721,1377896118,22.7
721,1377896123,22.7
721,1377896128,22.72
721,1377896133,22.72
721,1377896138,22.7
721,1377896143,22.7
721,1377896148,22.7
721,1377896153,22.7
721,1377896158,22.71
721,1377896163,22.7
721,1377896168,22.71
721,1377896173,22.71
721,1377896178,22.7
721,1377896183,22.72
721,1377896188,22.7
721,1377896193,22.7
721,1377896198,22.7
721,1377896203,22.71
721,1377896208,22.71
721,1377896213,22.7
721,1377896218,22.7
721,1377896223,22.7
721,1377896228,22.7
721,1377896233,22.71
721,1377896238,22.7
721,1377896243,22.7
721,1377896248,22.71
721,1377896253,22.7
721,1377896258,22.7
721,1377896263,22.7
721,1377896268,22.71
721,1377896273,22.71
721,1377896278,22.71
721,1377896283,22.72
721,1377896288,22.72
721,1377896293,22.71
721,1377896298,22.7
721,1377896303,22.71
721,1377896308,22.71
721,1377896313,22.72
721,1377896318,22.71
721,1377896323,22.72
721,1377896328,22.71
721,1377896333,22.71
721,1377896338,22.72
721,1377896343,22.71
721,1377896348,22.71
721,1377896353,22.71
721,1377896358,22.71
721,1377896363,22.72
721,1377896368,22.71
721,1377896373,22.71
721,1377896378,22.71
721,1377896383,22.71
721,1377896388,22.71
721,1377896393,22.72
721,1377896398,22.7
721,1377896403,22.71
721,1377896408,22.72
721,1377896414,22.71
721,1377896418,22.72
721,1377896423,22.72
721,1377896428,22.73
721,1377896433,22.72
721,1377896438,22.71
721,1377896443,22.72
721,1377896448,22.72
721,1377896453,22.71
721,1377896458,22.71
721,1377896463,22.71
721,1377896468,22.72
721,1377896473,22.72
721,1377896478,22.72
721,1377896483,22.72
721,1377896488,22.72
721,1377896493,22.72
721,1377896498,22.72
721,1377896503,22.72
721,1377896508,22.72
721,1377896513,22.72
721,1377896518,22.73
721,1377896523,22.71
721,1377896528,22.72
721,1377896533,22.72
721,1377896538,22.72
721,1377896543,22.72
721,1377896548,22.72
721,1377896553,22.71
721,1377896558,22.72
721,1377896563,22.72
721,1377896568,22.72
721,1377896573,22.72
721,1377896578,22.73
721,1377896583,22.74
721,1377896588,22.73
721,1377896593,22.72
721,1377896598,22.74
721,1377896603,22.72
721,1377896608,22.72
721,1377896613,22.72
721,1377896618,22.73
721,1377896623,22.73
721,1377896628,22.73
721,1377896633,22.73
721,1377896638,22.73
721,1377896643,22.73
721,1377896648,22.72
721,1377896653,22.73
721,1377896658,22.73
721,1377896663,22.74
721,1377896668,22.74
721,1377896673,22.73
721,1377896678,22.74
721,1377896683,22.74
721,1377896688,22.74
721,1377896693,22.74
721,1377896698,22.75
721,1377896703,22.74
721,1377896708,22.74
721,1377896713,22.74
721,1377896718,22.73
721,1377896723,22.74
721,1377896728,22.74
721,1377896733,22.72
721,1377896738,22.73
721,1377896743,22.74
721,1377896748,22.74
721,1377896753,22.75
721,1377896758,22.74
721,1377896763,22.74
721,1377896768,22.73
721,1377896773,22.74
721,1377896778,22.74
721,1377896783,22.74
721,1377896788,22.74
721,1377896793,22.74
721,1377896798,22.73
721,1377896803,22.74
721,1377896808,22.74
721,1377896813,22.74
721,1377896818,22.74
721,1377896823,22.74
721,1377896828,22.74
721,1377896833,22.74
721,1377896838,22.74
721,1377896843,22.74
721,1377896848,22.74
721,1377896853,22.74
721,1377896858,22.74
721,1377896863,22.74
721,1377896868,22.74
721,1377896873,22.74
721,1377896878,22.75
721,1377896883,22.75
721,1377896888,22.75
721,1377896893,22.75
721,1377896898,22.74
721,1377896903,22.74
721,1377896908,22.74
721,1377896913,22.74
721,1377896918,22.74
721,1377896923,22.74
721,1377896928,22.76
721,1377896933,22.74
721,1377896938,22.74
721,1377896943,22.75
721,1377896948,22.75
721,1377896953,22.73
721,1377896958,22.74
721,1377896963,22.74
721,1377896968,22.75
721,1377896973,22.75
721,1377896978,22.74
721,1377896983,22.74
721,1377896988,22.77
721,1377896993,22.76
721,1377896998,22.76
721,1377897003,22.76
721,1377897008,22.74
721,1377897013,22.75
721,1377897018,22.74
721,1377897023,22.75
721,1377897028,22.76
721,1377897033,22.76
721,1377897038,22.75
721,1377897043,22.76
721,1377897048,22.76
721,1377897053,22.74
721,1377897058,22.76
721,1377897063,22.76
721,1377897068,22.76
721,1377897073,22.76
721,1377897078,22.76
721,1377897083,22.75
721,1377897088,22.75
721,1377897093,22.75
721,1377897098,22.75
721,1377897103,22.76
721,1377897108,22.75
721,1377897113,22.76
721,1377897118,22.76
721,1377897123,22.76
721,1377897128,22.75
721,1377897133,22.74
721,1377897138,22.75
721,1377897143,22.76
721,1377897148,22.75
721,1377897153,22.75
721,1377897158,22.76
721,1377897163,22.75
721,1377897168,22.76
721,1377897173,22.75
721,1377897178,22.75
721,1377897183,22.75
721,1377897188,22.76
721,1377897193,22.77
721,1377897198,22.76
721,1377897203,22.77
721,1377897208,22.77
721,1377897213,22.76
721,1377897218,22.75
721,1377897223,22.76
721,1377897228,22.76
721,1377897233,22.76
721,1377897238,22.76
721,1377897243,22.76
721,1377897248,22.76
721,1377897253,22.78
721,1377897258,22.76
721,1377897263,22.75
721,1377897268,22.76
721,1377897273,22.76
721,1377897278,22.76
721,1377897283,22.76
721,1377897288,22.76
721,1377897293,22.75
721,1377897298,22.77
721,1377897303,22.75
721,1377897308,22.76
721,1377897313,22.77
721,1377897318,22.75
721,1377897323,22.76
721,1377897328,22.76
721,1377897333,22.76
721,1377897338,22.76
721,1377897343,22.77
721,1377897348,22.76
721,1377897353,22.76
721,1377897358,22.76
721,1377897363,22.76
721,1377897368,22.76
721,1377897373,22.78
721,1377897378,22.76
721,1377897383,22.76
721,1377897388,22.77
721,1377897393,22.77
721,1377897398,22.76
721,1377897403,22.76
721,1377897408,22.76
721,1377897413,22.76
721,1377897418,22.77
721,1377897423,22.77
721,1377897428,22.76
721,1377897433,22.77
721,1377897438,22.76
721,1377897443,22.77
721,1377897448,22.76
721,1377897453,22.77
721,1377897458,22.77
721,1377897463,22.77
721,1377897468,22.78
721,1377897473,22.78
721,1377897478,22.78
721,1377897483,22.78
721,1377897488,22.77
721,1377897493,22.76
721,1377897498,22.77
721,1377897503,22.76
721,1377897508,22.77
721,1377897513,22.78
721,1377897518,22.77
721,1377897523,22.78
721,1377897528,22.78
721,1377897533,22.78
721,1377897538,22.77
721,1377897543,22.77
721,1377897548,22.78
721,1377897553,22.78
721,1377897558,22.76
721,1377897563,22.78
721,1377897568,22.78
721,1377897573,22.78
721,1377897578,22.78
721,1377897583,22.78
721,1377897588,22.78
721,1377897593,22.77
721,1377897598,22.77
721,1377897603,22.76
721,1377897608,22.78
721,1377897613,22.77
721,1377897618,22.78
721,1377897623,22.78
721,1377897628,22.77
721,1377897633,22.78
721,1377897638,22.77
721,1377897643,22.78
721,1377897648,22.78
721,1377897653,22.78
721,1377897658,22.78
721,1377897663,22.78
721,1377897668,22.79
721,1377897673,22.78
721,1377897678,22.79
721,1377897683,22.79
721,1377897688,22.78
721,1377897693,22.79
721,1377897698,22.78
721,1377897703,22.79
721,1377897708,22.78
721,1377897713,22.78
721,1377897718,22.78
721,1377897723,22.78
721,1377897728,22.79
721,1377897733,22.77
721,1377897738,22.79
721,1377897743,22.78
721,1377897748,22.79
721,1377897753,22.78
721,1377897758,22.78
721,1377897763,22.78
721,1377897768,22.77
721,1377897773,22.78
721,1377897778,22.79
721,1377897783,22.78
721,1377897788,22.79
721,1377897793,22.8
721,1377897798,22.79
721,1377897803,22.78
721,1377897808,22.79
721,1377897813,22.79
721,1377897818,22.78
721,1377897823,22.79
721,1377897828,22.78
721,1377897835,22.8
721,1377897838,22.8
721,1377897843,22.78
721,1377897848,22.79
721,1377897853,22.8
721,1377897858,22.79
721,1377897863,22.8
721,1377897868,22.78
721,1377897873,22.8
721,1377897878,22.8
721,1377897883,22.79
721,1377897888,22.79
721,1377897893,22.8
721,1377897898,22.8
721,1377897903,22.78
721,1377897908,22.8
721,1377897913,22.8
721,1377897918,22.8
721,1377897923,22.8
721,1377897928,22.8
721,1377897933,22.79
721,1377897938,22.8
721,1377897943,22.79
721,1377897948,22.8
721,1377897953,22.8
721,1377897958,22.79
721,1377897963,22.79
721,1377897968,22.79
721,1377897973,22.8
721,1377897978,22.8
721,1377897983,22.8
721,1377897988,22.8
721,1377897993,22.79
721,1377897998,22.8
721,1377898004,22.79
721,1377898008,22.79
721,1377898013,22.78
721,1377898018,22.8
721,1377898023,22.79
721,1377898028,22.8
721,1377898033,22.79
721,1377898038,22.8
721,1377898043,22.79
721,1377898048,22.8
721,1377898053,22.8
721,1377898058,22.79
721,1377898063,22.81
721,1377898068,22.81
721,1377898073,22.79
721,1377898078,22.79
721,1377898083,22.81
721,1377898088,22.8
721,1377898093,22.8
721,1377898098,22.8
721,1377898103,22.81
721,1377898108,22.8
721,1377898113,22.81
721,1377898118,22.8
721,1377898123,22.8
721,1377898128,22.8
721,1377898133,22.8
721,1377898138,22.8
721,1377898143,22.8
721,1377898148,22.81
721,1377898153,22.8
721,1377898158,22.81
721,1377898163,22.8
721,1377898168,22.82
721,1377898173,22.81
721,1377898178,22.8
721,1377898183,22.81
721,1377898188,22.8
721,1377898193,22.82
721,1377898198,22.81
721,1377898203,22.81
721,1377898208,22.81
721,1377898213,22.81
721,1377898218,22.8
721,1377898223,22.81
721,1377898228,22.81
721,1377898233,22.81
721,1377898238,22.82
721,1377898243,22.82
721,1377898248,22.8
721,1377898253,22.8
721,1377898258,22.81
721,1377898263,22.81
721,1377898268,22.8
721,1377898273,22.81
721,1377898278,22.8
721,1377898283,22.8
721,1377898288,22.81
721,1377898293,22.8
721,1377898298,22.81
721,1377898303,22.8
721,1377898308,22.81
721,1377898313,22.8
721,1377898318,22.81
721,1377898323,22.81
721,1377898328,22.81
721,1377898333,22.81
721,1377898338,22.82
721,1377898343,22.81
721,1377898348,22.82
721,1377898353,22.82
721,1377898358,22.8
721,1377898363,22.82
721,1377898368,22.82
721,1377898373,22.82
721,1377898378,22.82
721,1377898383,22.82
721,1377898388,22.82
721,1377898393,22.81
721,1377898398,22.81
721,1377898403,22.82
721,1377898408,22.82
721,1377898413,22.82
721,1377898418,22.82
721,1377898423,22.8
721,1377898428,22.82
721,1377898433,22.81
721,1377898438,22.82
721,1377898443,22.81
721,1377898448,22.82
721,1377898453,22.82
721,1377898458,22.82
721,1377898463,22.82
721,1377898468,22.81
721,1377898473,22.82
721,1377898478,22.82
721,1377898483,22.82
721,1377898488,22.82
721,1377898493,22.82
721,1377898498,22.83
721,1377898503,22.82
721,1377898508,22.82
721,1377898513,22.82
721,1377898518,22.82
721,1377898523,22.82
721,1377898528,22.82
721,1377898533,22.83
721,1377898538,22.82
721,1377898543,22.83
721,1377898548,22.83
721,1377898553,22.82
721,1377898558,22.82
721,1377898563,22.82
721,1377898568,22.82
721,1377898573,22.83
721,1377898578,22.83
721,1377898583,22.83
721,1377898588,22.84
721,1377898593,22.83
721,1377898598,22.83
721,1377898603,22.82
721,1377898608,22.82
721,1377898613,22.83
721,1377898618,22.82
721,1377898623,22.83
721,1377898628,22.82
721,1377898633,22.83
721,1377898638,22.83
721,1377898643,22.83
721,1377898648,22.83
721,1377898653,22.84
721,1377898658,22.84
721,1377898663,22.84
721,1377898668,22.82
721,1377898673,22.82
721,1377898678,22.83
721,1377898683,22.84
721,1377898688,22.84
721,1377898693,22.84
721,1377898698,22.83
721,1377898703,22.83
721,1377898708,22.83
721,1377898713,22.84
721,1377898718,22.85
721,1377898723,22.84
721,1377898728,22.83
721,1377898733,22.84
721,1377898738,22.84
721,1377898743,22.84
721,1377898748,22.84
721,1377898753,22.84
721,1377898758,22.84
721,1377898763,22.84
721,1377898768,22.84
721,1377898773,22.84
721,1377898778,22.85
721,1377898783,22.84
721,1377898788,22.84
721,1377898793,22.84
721,1377898798,22.84
721,1377898803,22.84
721,1377898808,22.84
721,1377898813,22.84
721,1377898818,22.84
721,1377898823,22.83
721,1377898828,22.84
721,1377898833,22.84
721,1377898838,22.84
721,1377898843,22.85
721,1377898848,22.84
721,1377898853,22.84
721,1377898858,22.84
721,1377898863,22.84
721,1377898868,22.85
721,1377898873,22.84
721,1377898878,22.84
721,1377898883,22.84
721,1377898888,22.84
721,1377898893,22.84
721,1377898898,22.84
721,1377898903,22.85
721,1377898908,22.85
721,1377898913,22.84
721,1377898918,22.84
721,1377898923,22.85
721,1377898928,22.85
721,1377898933,22.84
721,1377898938,22.84
721,1377898943,22.84
721,1377898948,22.85
721,1377898953,22.85
721,1377898958,22.84
721,1377898963,22.84
721,1377898968,22.84
721,1377898973,22.84
721,1377898978,22.84
721,1377898983,22.85
721,1377898988,22.86
721,1377898993,22.84
721,1377898998,22.84
721,1377899003,22.85
721,1377899008,22.84
721,1377899013,22.84
721,1377899018,22.85
721,1377899023,22.85
721,1377899028,22.85
721,1377899033,22.84
721,1377899038,22.85
721,1377899043,22.84
721,1377899048,22.84
721,1377899053,22.85
721,1377899058,22.85
721,1377899063,22.85
721,1377899068,22.84
721,1377899073,22.85
721,1377899078,22.86
721,1377899083,22.85
721,1377899088,22.85
721,1377899093,22.86
721,1377899098,22.86
721,1377899103,22.84
721,1377899108,22.85
721,1377899113,22.84
721,1377899118,22.86
721,1377899123,22.86
721,1377899128,22.85
721,1377899133,22.85
721,1377899138,22.85
721,1377899143,22.86
721,1377899148,22.85
721,1377899153,22.86
721,1377899158,22.85
721,1377899163,22.84
721,1377899168,22.85
721,1377899173,22.86
721,1377899178,22.85
721,1377899183,22.85
721,1377899188,22.86
721,1377899193,22.86
721,1377899198,22.86
721,1377899203,22.87
721,1377899208,22.86
721,1377899213,22.86
721,1377899218,22.86
721,1377899223,22.86
721,1377899228,22.86
721,1377899233,22.85
721,1377899238,22.86
721,1377899243,22.85
721,1377899248,22.85
721,1377899253,22.86
721,1377899258,22.85
721,1377899263,22.86
721,1377899268,22.86
721,1377899273,22.86
721,1377899278,22.86
721,1377899283,22.86
721,1377899288,22.85
721,1377899293,22.86
721,1377899298,22.86
721,1377899303,22.86
721,1377899308,22.86
721,1377899313,22.86
721,1377899318,22.87
721,1377899323,22.86
721,1377899328,22.87
721,1377899333,22.86
721,1377899338,22.86
721,1377899343,22.85
721,1377899348,22.86
721,1377899353,22.86
721,1377899358,22.86
721,1377899363,22.86
721,1377899368,22.85
721,1377899373,22.85
721,1377899378,22.87
721,1377899383,22.85
721,1377899388,22.86
721,1377899393,22.87
721,1377899398,22.86
721,1377899403,22.86
721,1377899408,22.86
721,1377899413,22.87
721,1377899418,22.85
721,1377899423,22.87
721,1377899428,22.86
721,1377899433,22.87
721,1377899438,22.88
721,1377899443,22.87
721,1377899448,22.87
721,1377899453,22.87
721,1377899458,22.86
721,1377899463,22.86
721,1377899468,22.87
721,1377899473,22.87
721,1377899478,22.86
721,1377899483,22.87
721,1377899488,22.87
721,1377899493,22.87
721,1377899498,22.87
721,1377899503,22.86
721,1377899508,22.87
721,1377899513,22.86
721,1377899518,22.87
721,1377899523,22.88
721,1377899528,22.88
721,1377899533,22.87
721,1377899538,22.86
721,1377899543,22.87
721,1377899548,22.88
721,1377899553,22.88
721,1377899558,22.86
721,1377899563,22.87
721,1377899568,22.86
721,1377899573,22.87
721,1377899578,22.87
721,1377899583,22.87
721,1377899588,22.87
721,1377899593,22.87
721,1377899598,22.88
721,1377899603,22.88
721,1377899608,22.87
721,1377899613,22.86
721,1377899618,22.87
721,1377899623,22.88
721,1377899628,22.88
721,1377899633,22.87
721,1377899638,22.88
721,1377899643,22.88
721,1377899648,22.88
721,1377899653,22.88
721,1377899658,22.89
721,1377899663,22.88
721,1377899668,22.87
721,1377899673,22.87
721,1377899678,22.88
721,1377899683,22.87
721,1377899688,22.87
721,1377899693,22.88
721,1377899698,22.87
721,1377899703,22.88
721,1377899708,22.88
721,1377899713,22.87
721,1377899718,22.87
721,1377899723,22.88
721,1377899728,22.88
721,1377899733,22.87
721,1377899738,22.88
721,1377899743,22.88
721,1377899748,22.89
721,1377899753,22.88
721,1377899758,22.87
721,1377899763,22.88
721,1377899768,22.89
721,1377899773,22.89
721,1377899778,22.88
721,1377899783,22.88
721,1377899788,22.88
721,1377899793,22.89
721,1377899798,22.9
721,1377899803,22.88
721,1377899808,22.88
721,1377899813,22.89
721,1377899818,22.88
721,1377899823,22.89
721,1377899828,22.89
721,1377899833,22.89
721,1377899838,22.88
721,1377899843,22.88
721,1377899848,22.88
721,1377899853,22.88
721,1377899858,22.9
721,1377899863,22.9
721,1377899868,22.89
721,1377899873,22.89
721,1377899878,22.89
721,1377899883,22.89
721,1377899888,22.88
721,1377899893,22.89
721,1377899898,22.88
721,1377899903,22.89
721,1377899908,22.89
721,1377899913,22.89
721,1377899918,22.89
721,1377899923,22.9
721,1377899928,22.9
721,1377899933,22.89
721,1377899938,22.89
721,1377899943,22.89
721,1377899948,22.89
721,1377899953,22.9
721,1377899958,22.89
721,1377899963,22.9
721,1377899968,22.88
721,1377899974,22.9
721,1377899978,22.88
721,1377899983,22.89
721,1377899988,22.9
721,1377899993,22.88
721,1377899998,22.9
721,1377900003,22.89
721,1377900008,22.9
721,1377900013,22.89
721,1377900018,22.9
721,1377900023,22.9
721,1377900028,22.9
721,1377900033,22.89
721,1377900038,22.91
721,1377900043,22.9
721,1377900048,22.91
721,1377900053,22.89
721,1377900058,22.9
721,1377900063,22.89
721,1377900068,22.9
721,1377900073,22.89
721,1377900078,22.9
721,1377900083,22.9
721,1377900088,22.9
721,1377900093,22.9
721,1377900098,22.89
721,1377900103,22.9
721,1377900108,22.9
721,1377900113,22.9
721,1377900118,22.9
721,1377900123,22.89
721,1377900128,22.91
721,1377900133,22.92
721,1377900138,22.9
721,1377900143,22.9
721,1377900148,22.9
721,1377900153,22.9
721,1377900158,22.9
721,1377900163,22.89
721,1377900168,22.9
721,1377900173,22.9
721,1377900178,22.9
721,1377900183,22.9
721,1377900188,22.88
721,1377900193,22.9
721,1377900198,22.9
721,1377900203,22.9
721,1377900208,22.9
721,1377900213,22.92
721,1377900218,22.91
721,1377900223,22.9
721,1377900228,22.92
721,1377900233,22.9
721,1377900238,22.9
721,1377900243,22.91
721,1377900248,22.9
721,1377900253,22.91
721,1377900258,22.9
721,1377900263,22.91
721,1377900268,22.92
721,1377900273,22.9
721,1377900278,22.9
721,1377900283,22.9
721,1377900288,22.9
721,1377900293,22.9
721,1377900298,22.91
721,1377900303,22.9
721,1377900308,22.92
721,1377900313,22.91
721,1377900318,22.9
721,1377900323,22.91
721,1377900328,22.91
721,1377900333,22.91
721,1377900338,22.91
721,1377900343,22.9
721,1377900348,22.9
721,1377900353,22.92
721,1377900358,22.91
721,1377900363,22.92
721,1377900368,22.91
721,1377900373,22.92
721,1377900378,22.91
721,1377900383,22.9
721,1377900388,22.92
721,1377900393,22.9
721,1377900398,22.91
721,1377900403,22.92
721,1377900408,22.91
721,1377900413,22.92
721,1377900418,22.92
721,1377900423,22.91
721,1377900428,22.92
721,1377900433,22.91
721,1377900438,22.91
721,1377900443,22.92
721,1377900448,22.91
721,1377900453,22.91
721,1377900458,22.92
721,1377900463,22.91
721,1377900468,22.91
721,1377900473,22.92
721,1377900478,22.91
721,1377900483,22.92
721,1377900488,22.9
721,1377900493,22.91
721,1377900498,22.92
721,1377900503,22.91
721,1377900508,22.92
721,1377900513,22.92
721,1377900518,22.91
721,1377900523,22.92
721,1377900528,22.91
721,1377900533,22.92
721,1377900538,22.92
721,1377900543,22.92
721,1377900548,22.92
721,1377900553,22.92
721,1377900558,22.92
721,1377900563,22.93
721,1377900568,22.92
721,1377900573,22.92
721,1377900578,22.92
721,1377900583,22.92
721,1377900588,22.92
721,1377900593,22.91
721,1377900598,22.91
721,1377900603,22.91
721,1377900608,22.92
721,1377900613,22.91
721,1377900618,22.92
721,1377900623,22.93
721,1377900628,22.91
721,1377900633,22.9
721,1377900638,22.91
721,1377900643,22.93
721,1377900648,22.92
721,1377900653,22.92
721,1377900658,22.92
721,1377900663,22.92
721,1377900668,22.92
721,1377900675,22.93
721,1377900678,22.92
721,1377900683,22.93
721,1377900688,22.92
721,1377900693,22.93
721,1377900698,22.93
721,1377900703,22.93
721,1377900708,22.93
721,1377900713,22.94
721,1377900718,22.92
721,1377900723,22.94
721,1377900728,22.92
721,1377900733,22.92
721,1377900738,22.92
721,1377900743,22.92
721,1377900748,22.92
721,1377900753,22.92
721,1377900758,22.93
721,1377900763,22.93
721,1377900768,22.92
721,1377900773,22.93
721,1377900778,22.92
721,1377900783,22.92
721,1377900788,22.94
721,1377900793,22.92
721,1377900798,22.93
721,1377900803,22.92
721,1377900808,22.92
721,1377900813,22.92
721,1377900818,22.92
721,1377900823,22.92
721,1377900828,22.92
721,1377900833,22.94
721,1377900838,22.93
721,1377900843,22.94
721,1377900848,22.92
721,1377900853,22.93
721,1377900858,22.92
721,1377900863,22.93
721,1377900868,22.93
721,1377900873,22.94
721,1377900878,22.94
721,1377900883,22.92
721,1377900888,22.92
721,1377900893,22.93
721,1377900898,22.92
721,1377900903,22.92
721,1377900908,22.93
721,1377900913,22.92
721,1377900918,22.93
721,1377900923,22.92
721,1377900928,22.94
721,1377900933,22.94
721,1377900938,22.93
721,1377900943,22.93
721,1377900948,22.93
721,1377900953,22.93
721,1377900958,22.92
721,1377900963,22.92
721,1377900968,22.92
721,1377900973,22.92
721,1377900978,22.92
721,1377900983,22.93
721,1377900988,22.94
721,1377900993,22.92
721,1377900998,22.93
721,1377901003,22.93
721,1377901008,22.93
721,1377901013,22.93
721,1377901018,22.92
721,1377901023,22.93
721,1377901028,22.93
721,1377901033,22.93
721,1377901038,22.93
721,1377901043,22.92
721,1377901048,22.94
721,1377901053,22.93
721,1377901058,22.93
721,1377901063,22.93
721,1377901068,22.93
721,1377901073,22.93
721,1377901078,22.93
721,1377901083,22.94
721,1377901088,22.94
721,1377901093,22.93
721,1377901098,22.93
721,1377901103,22.93
721,1377901108,22.93
721,1377901113,22.93
721,1377901118,22.93
721,1377901123,22.94
721,1377901128,22.92
721,1377901133,22.94
721,1377901138,22.93
721,1377901143,22.93
721,1377901148,22.94
721,1377901153,22.94
721,1377901158,22.93
721,1377901163,22.94
721,1377901168,22.94
721,1377901173,22.94
721,1377901178,22.93
721,1377901183,22.94
721,1377901188,22.93
721,1377901193,22.94
721,1377901198,22.94
721,1377901203,22.93
721,1377901208,22.93
721,1377901213,22.95
721,1377901218,22.94
721,1377901223,22.94
721,1377901228,22.94
721,1377901233,22.94
721,1377901238,22.94
721,1377901243,22.94
721,1377901248,22.94
721,1377901253,22.94
721,1377901258,22.93
721,1377901263,22.94
721,1377901268,22.94
721,1377901273,22.94
721,1377901278,22.95
721,1377901283,22.94
721,1377901288,22.94
721,1377901293,22.94
721,1377901298,22.94
721,1377901303,22.94
721,1377901308,22.96
721,1377901313,22.94
721,1377901318,22.94
721,1377901323,22.95
721,1377901328,22.93
721,1377901333,22.94
721,1377901338,22.94
721,1377901343,22.94
721,1377901348,22.94
721,1377901353,22.96
721,1377901358,22.95
721,1377901363,22.95
721,1377901368,22.96
721,1377901373,22.96
721,1377901378,22.95
721,1377901383,22.95
721,1377901391,22.95
721,1377901393,22.95
721,1377901398,22.96
721,1377901403,22.96
721,1377901408,22.96
721,1377901413,22.96
721,1377901418,22.96
721,1377901423,22.97
721,1377901428,22.96
721,1377901433,22.98
721,1377901438,22.97
721,1377901443,22.97
721,1377901448,22.97
721,1377901453,22.97
721,1377901458,22.96
721,1377901463,22.97
721,1377901468,22.97
721,1377901473,22.98
721,1377901478,22.96
721,1377901483,22.98
721,1377901488,22.97
721,1377901493,22.98
721,1377901498,22.96
721,1377901503,22.97
721,1377901508,22.98
721,1377901513,22.98
721,1377901518,22.98
721,1377901523,22.98
721,1377901528,22.98
721,1377901533,22.98
721,1377901538,22.98
721,1377901543,22.98
721,1377901548,22.98
721,1377901553,22.97
721,1377901558,22.98
721,1377901563,22.97
721,1377901568,22.98
721,1377901573,22.98
721,1377901578,22.98
721,1377901583,22.98
721,1377901588,22.99
721,1377901593,22.98
721,1377901598,22.99
721,1377901603,22.98
721,1377901608,23.0
721,1377901613,22.99
721,1377901618,22.98
721,1377901623,22.98
721,1377901628,22.98
721,1377901633,22.99
721,1377901638,22.98
721,1377901643,22.98
721,1377901648,23.0
721,1377901653,22.99
721,1377901658,22.99
721,1377901663,22.98
721,1377901668,22.99
721,1377901673,23.0
721,1377901678,22.99
721,1377901683,22.99
721,1377901688,22.98
721,1377901693,22.98
721,1377901698,23.0
721,1377901703,23.0
721,1377901708,23.0
721,1377901713,23.0
721,1377901718,22.99
721,1377901723,23.0
721,1377901728,23.0
721,1377901733,23.0
721,1377901738,23.0
721,1377901743,23.0
721,1377901748,23.0
721,1377901753,23.0
721,1377901758,23.0
721,1377901763,23.0
721,1377901768,23.0
721,1377901773,23.0
721,1377901778,23.0
721,1377901783,23.0
721,1377901788,23.0
721,1377901793,23.0
721,1377901798,23.0
721,1377901803,23.01
721,1377901808,23.0
721,1377901813,23.0
721,1377901818,23.0
721,1377901823,23.0
721,1377901828,23.0
721,1377901833,23.0
721,1377901838,23.01
721,1377901843,23.0
721,1377901848,23.0
721,1377901853,23.0
721,1377901858,23.01
721,1377901863,23.0
721,1377901868,23.0
721,1377901873,23.01
721,1377901878,23.0
721,1377901883,23.01
721,1377901888,23.01
721,1377901893,23.01
721,1377901898,23.02
721,1377901903,23.02
721,1377901908,23.0
721,1377901913,23.0
721,1377901918,23.01
721,1377901923,23.01
721,1377901928,23.01
721,1377901933,23.01
721,1377901938,23.02
721,1377901943,23.01
721,1377901948,23.01
721,1377901953,23.0
721,1377901958,23.0
721,1377901963,23.01
721,1377901968,23.0
721,1377901973,23.02
721,1377901978,23.02
721,1377901983,23.02
721,1377901988,23.02
721,1377901993,23.02
721,1377901998,23.03
721,1377902003,23.02
721,1377902008,23.01
721,1377902013,23.0
721,1377902018,23.02
721,1377902023,23.02
721,1377902028,23.02
721,1377902033,23.01
721,1377902038,23.02
721,1377902043,23.02
721,1377902048,23.02
721,1377902053,23.02
721,1377902058,23.02
721,1377902063,23.02
721,1377902068,23.02
721,1377902073,23.01
721,1377902078,23.02
721,1377902083,23.01
721,1377902088,23.02
721,1377902093,23.01
721,1377902098,23.03
721,1377902103,23.02
721,1377902108,23.02
721,1377902113,23.02
721,1377902118,23.02
721,1377902123,23.03
721,1377902128,23.02
721,1377902133,23.02
721,1377902138,23.02
721,1377902143,23.02
721,1377902150,23.03
721,1377902153,23.03
721,1377902158,23.03
721,1377902163,23.03
721,1377902168,23.04
721,1377902173,23.03
721,1377902178,23.02
721,1377902183,23.02
721,1377902188,23.03
721,1377902193,23.03
721,1377902198,23.02
721,1377902203,23.03
721,1377902208,23.04
721,1377902213,23.03
721,1377902218,23.02
721,1377902223,23.02
721,1377902228,23.03
721,1377902233,23.04
721,1377902238,23.02
721,1377902243,23.04
721,1377902248,23.04
721,1377902253,23.04
721,1377902258,23.04
721,1377902264,23.03
721,1377902268,23.03
721,1377902273,23.04
721,1377902278,23.04
721,1377902283,23.02
721,1377902288,23.03
721,1377902293,23.04
721,1377902298,23.03
721,1377902303,23.04
721,1377902308,23.04
721,1377902313,23.03
721,1377902318,23.03
721,1377902323,23.04
721,1377902328,23.04
721,1377902333,23.04
721,1377902338,23.04
721,1377902343,23.03
721,1377902348,23.03
721,1377902353,23.03
721,1377902358,23.04
721,1377902363,23.03
721,1377902368,23.03
721,1377902373,23.04
721,1377902378,23.03
721,1377902383,23.04
721,1377902388,23.04
721,1377902393,23.04
721,1377902398,23.03
721,1377902403,23.06
721,1377902408,23.04
721,1377902413,23.04
721,1377902418,23.04
721,1377902423,23.04
721,1377902428,23.04
721,1377902433,23.04
721,1377902438,23.04
721,1377902443,23.04
721,1377902448,23.05
721,1377902453,23.05
721,1377902458,23.04
721,1377902463,23.04
721,1377902468,23.06
721,1377902473,23.03
721,1377902478,23.04
721,1377902483,23.04
721,1377902488,23.04
721,1377902493,23.05
721,1377902498,23.04
721,1377902503,23.05
721,1377902508,23.04
721,1377902513,23.04
721,1377902518,23.05
721,1377902523,23.05
721,1377902528,23.04
721,1377902533,23.04
721,1377902538,23.04
721,1377902543,23.04
721,1377902548,23.06
721,1377902553,23.04
721,1377902558,23.05
721,1377902563,23.05
721,1377902568,23.05
721,1377902573,23.06
721,1377902578,23.05
721,1377902583,23.05
721,1377902588,23.05
721,1377902593,23.06
721,1377902598,23.04
721,1377902603,23.04
721,1377902608,23.05
721,1377902613,23.05
721,1377902618,23.05
721,1377902623,23.05
721,1377902628,23.05
721,1377902633,23.04
721,1377902638,23.04
721,1377902643,23.04
721,1377902648,23.05
721,1377902653,23.05
721,1377902658,23.06
721,1377902663,23.06
721,1377902668,23.05
721,1377902673,23.05
721,1377902678,23.06
721,1377902683,23.05
721,1377902688,23.04
721,1377902693,23.05
721,1377902698,23.05
721,1377902703,23.05
721,1377902708,23.07
721,1377902713,23.04
721,1377902718,23.04
721,1377902723,23.06
721,1377902728,23.04
721,1377902733,23.06
721,1377902738,23.06
721,1377902743,23.06
721,1377902748,23.06
721,1377902753,23.06
721,1377902758,23.06
721,1377902763,23.06
721,1377902768,23.06
721,1377902773,23.07
721,1377902778,23.06
721,1377902783,23.06
721,1377902788,23.06
721,1377902793,23.06
721,1377902798,23.06
721,1377902803,23.06
721,1377902808,23.06
721,1377902813,23.05
721,1377902818,23.06
721,1377902824,23.06
721,1377902828,23.06
721,1377902833,23.06
721,1377902838,23.06
721,1377902843,23.06
721,1377902848,23.06
721,1377902853,23.06
721,1377902858,23.06
721,1377902863,23.07
721,1377902868,23.06
721,1377902873,23.07
721,1377902878,23.06
721,1377902883,23.07
721,1377902888,23.06
721,1377902893,23.06
721,1377902898,23.06
721,1377902903,23.06
721,1377902908,23.06
721,1377902913,23.06
721,1377902920,23.07
721,1377902923,23.07
721,1377902928,23.07
721,1377902933,23.06
721,1377902938,23.08
721,1377902943,23.06
721,1377902948,23.06
721,1377902953,23.06
721,1377902958,23.07
721,1377902963,23.06
721,1377902968,23.06
721,1377902973,23.07
721,1377902978,23.07
721,1377902983,23.08
721,1377902988,23.07
721,1377902993,23.06
721,1377902998,23.07
721,1377903003,23.06
721,1377903008,23.08
721,1377903013,23.07
721,1377903018,23.08
721,1377903023,23.07
721,1377903028,23.08
721,1377903033,23.07
721,1377903038,23.06
721,1377903043,23.06
721,1377903048,23.08
721,1377903053,23.07
721,1377903058,23.06
721,1377903063,23.07
721,1377903068,23.07
721,1377903073,23.07
721,1377903078,23.07
721,1377903083,23.08
721,1377903088,23.08
721,1377903093,23.06
721,1377903098,23.07
721,1377903103,23.07
721,1377903108,23.06
721,1377903113,23.07
721,1377903118,23.07
721,1377903123,23.08
721,1377903128,23.08
721,1377903133,23.08
721,1377903138,23.07
721,1377903143,23.08
721,1377903148,23.08
721,1377903153,23.08
721,1377903158,23.07
721,1377903163,23.07
721,1377903168,23.08
721,1377903173,23.07
721,1377903178,23.07
721,1377903183,23.08
721,1377903188,23.08
721,1377903193,23.08
721,1377903198,23.08
721,1377903203,23.08
721,1377903208,23.07
721,1377903213,23.08
721,1377903218,23.07
721,1377903223,23.08
721,1377903228,23.08
721,1377903233,23.08
721,1377903238,23.08
721,1377903243,23.08
721,1377903248,23.08
721,1377903253,23.07
721,1377903258,23.08
721,1377903263,23.08
721,1377903268,23.07
721,1377903273,23.08
721,1377903278,23.08
721,1377903283,23.08
721,1377903288,23.08
721,1377903293,23.08
721,1377903298,23.07
721,1377903303,23.08
721,1377903308,23.08
721,1377903313,23.08
721,1377903318,23.1
721,1377903323,23.08
721,1377903328,23.08
721,1377903333,23.08
721,1377903338,23.08
721,1377903343,23.08
721,1377903348,23.08
721,1377903353,23.08
721,1377903358,23.09
721,1377903363,23.08
721,1377903368,23.08
721,1377903373,23.08
721,1377903378,23.09
721,1377903383,23.09
721,1377903388,23.09
721,1377903393,23.08
721,1377903398,23.08
721,1377903403,23.09
721,1377903408,23.08
721,1377903413,23.09
721,1377903418,23.09
721,1377903423,23.09
721,1377903428,23.09
721,1377903433,23.08
721,1377903438,23.08
721,1377903443,23.08
721,1377903448,23.08
721,1377903453,23.09
721,1377903458,23.08
721,1377903463,23.09
721,1377903468,23.08
721,1377903473,23.09
721,1377903478,23.09
721,1377903483,23.08
721,1377903488,23.09
721,1377903493,23.09
721,1377903498,23.1
721,1377903503,23.1
721,1377903508,23.09
721,1377903513,23.09
721,1377903518,23.09
721,1377903523,23.1
721,1377903528,23.09
721,1377903533,23.08
721,1377903538,23.1
721,1377903543,23.09
721,1377903548,23.09
721,1377903553,23.1
721,1377903558,23.08
721,1377903563,23.09
721,1377903568,23.09
721,1377903573,23.08
721,1377903578,23.09
721,1377903583,23.09
721,1377903588,23.09
721,1377903593,23.1
721,1377903598,23.1
721,1377903603,23.08
721,1377903608,23.09
721,1377903613,23.08
721,1377903618,23.09
721,1377903623,23.09
721,1377903628,23.1
721,1377903633,23.1
721,1377903638,23.08
721,1377903643,23.1
721,1377903648,23.1
721,1377903654,23.08
721,1377903658,23.09
721,1377903663,23.1
721,1377903668,23.09
721,1377903673,23.09
721,1377903678,23.1
721,1377903683,23.1
721,1377903688,23.09
721,1377903693,23.1
721,1377903698,23.08
721,1377903703,23.08
721,1377903708,23.1
721,1377903713,23.1
721,1377903718,23.1
721,1377903723,23.1
721,1377903728,23.1
721,1377903733,23.1
721,1377903738,23.09
721,1377903743,23.09
721,1377903748,23.1
721,1377903753,23.1
721,1377903758,23.1
721,1377903763,23.1
721,1377903768,23.1
721,1377903773,23.1
721,1377903778,23.1
721,1377903783,23.09
721,1377903788,23.1
721,1377903793,23.1
721,1377903798,23.1
721,1377903803,23.1
721,1377903808,23.09
721,1377903813,23.09
721,1377903818,23.1
721,1377903823,23.1
721,1377903828,23.1
721,1377903833,23.1
721,1377903838,23.1
721,1377903843,23.09
721,1377903848,23.1
721,1377903853,23.1
721,1377903858,23.09
721,1377903863,23.09
721,1377903868,23.09
721,1377903873,23.11
721,1377903878,23.09
721,1377903883,23.1
721,1377903888,23.11
721,1377903893,23.1
721,1377903898,23.1
721,1377903903,23.09
721,1377903908,23.09
721,1377903913,23.1
721,1377903918,23.11
721,1377903923,23.1
721,1377903928,23.1
721,1377903933,23.11
721,1377903938,23.1
721,1377903943,23.1
721,1377903948,23.1
721,1377903953,23.11
721,1377903958,23.1
721,1377903963,23.11
721,1377903968,23.11
721,1377903973,23.11
721,1377903978,23.1
721,1377903983,23.1
721,1377903988,23.1
721,1377903993,23.11
721,1377903998,23.12
721,1377904003,23.1
721,1377904008,23.1
721,1377904013,23.1
721,1377904018,23.1
721,1377904023,23.11
721,1377904028,23.09
721,1377904033,23.11
721,1377904038,23.1
721,1377904043,23.1
721,1377904048,23.12
721,1377904053,23.11
721,1377904058,23.11
721,1377904063,23.1
721,1377904068,23.11
721,1377904073,23.12
721,1377904078,23.12
721,1377904083,23.12
721,1377904088,23.12
721,1377904093,23.12
721,1377904098,23.11
721,1377904103,23.11
721,1377904108,23.11
721,1377904113,23.12
721,1377904118,23.12
721,1377904123,23.1
721,1377904128,23.11
721,1377904133,23.12
721,1377904138,23.12
721,1377904143,23.11
721,1377904148,23.11
721,1377904153,23.11
721,1377904158,23.11
721,1377904163,23.1
721,1377904168,23.12
721,1377904173,23.12
721,1377904178,23.11
721,1377904183,23.12
721,1377904188,23.12
721,1377904193,23.12
721,1377904198,23.11
721,1377904203,23.12
721,1377904208,23.12
721,1377904213,23.13
721,1377904218,23.13
721,1377904223,23.12
721,1377904228,23.11
721,1377904233,23.12
721,1377904238,23.12
721,1377904243,23.12
721,1377904248,23.12
721,1377904253,23.12
721,1377904258,23.11
721,1377904263,23.12
721,1377904268,23.12
721,1377904273,23.12
721,1377904278,23.13
721,1377904283,23.12
721,1377904288,23.11
721,1377904293,23.12
721,1377904298,23.12
721,1377904303,23.12
721,1377904308,23.12
721,1377904313,23.12
721,1377904318,23.13
721,1377904323,23.12
721,1377904328,23.12
721,1377904333,23.13
721,1377904338,23.12
721,1377904343,23.12
721,1377904348,23.12
721,1377904353,23.11
721,1377904358,23.12
721,1377904363,23.12
721,1377904368,23.12
721,1377904374,23.12
721,1377904378,23.13
721,1377904383,23.13
721,1377904388,23.12
721,1377904393,23.12
721,1377904398,23.12
721,1377904403,23.12
721,1377904408,23.12
721,1377904413,23.12
721,1377904418,23.11
721,1377904423,23.12
721,1377904428,23.12
721,1377904433,23.12
721,1377904438,23.12
721,1377904443,23.12
721,1377904448,23.13
721,1377904453,23.11
721,1377904458,23.13
721,1377904463,23.12
721,1377904468,23.12
721,1377904473,23.13
721,1377904478,23.14
721,1377904483,23.13
721,1377904488,23.12
721,1377904493,23.12
721,1377904498,23.13
721,1377904503,23.12
721,1377904508,23.12
721,1377904513,23.12
721,1377904518,23.12
721,1377904523,23.13
721,1377904528,23.13
721,1377904533,23.13
721,1377904538,23.12
721,1377904543,23.12
721,1377904548,23.12
721,1377904553,23.12
721,1377904558,23.12
721,1377904563,23.12
721,1377904568,23.12
721,1377904573,23.12
721,1377904578,23.13
721,1377904583,23.12
721,1377904588,23.12
721,1377904593,23.12
721,1377904598,23.13
721,1377904603,23.13
721,1377904608,23.13
721,1377904613,23.13
721,1377904618,23.12
721,1377904622,23.12
721,1377904628,23.12
721,1377904633,23.13
721,1377904638,23.13
721,1377904643,23.13
721,1377904648,23.14
721,1377904653,23.12
721,1377904658,23.13
721,1377904663,23.14
721,1377904668,23.13
721,1377904673,23.14
721,1377904678,23.13
721,1377904683,23.14
721,1377904688,23.14
721,1377904693,23.14
721,1377904698,23.13
721,1377904703,23.13
721,1377904708,23.12
721,1377904713,23.13
721,1377904718,23.13
721,1377904723,23.13
721,1377904728,23.12
721,1377904733,23.12
721,1377904738,23.13
721,1377904743,23.13
721,1377904748,23.12
721,1377904753,23.14
721,1377904758,23.13
721,1377904763,23.14
721,1377904768,23.14
721,1377904773,23.13
721,1377904778,23.13
721,1377904783,23.14
721,1377904788,23.14
721,1377904793,23.14
721,1377904798,23.15
721,1377904803,23.13
721,1377904808,23.12
721,1377904813,23.13
721,1377904818,23.12
721,1377904823,23.14
721,1377904828,23.12
721,1377904833,23.14
721,1377904838,23.14
721,1377904843,23.12
721,1377904848,23.13
721,1377904853,23.14
721,1377904858,23.13
721,1377904863,23.13
721,1377904868,23.13
721,1377904873,23.13
721,1377904878,23.14
721,1377904883,23.14
721,1377904888,23.13
721,1377904893,23.15
721,1377904898,23.14
721,1377904903,23.13
721,1377904908,23.12
721,1377904913,23.14
721,1377904918,23.13
721,1377904923,23.14
721,1377904928,23.15
721,1377904933,23.14
721,1377904938,23.14
721,1377904943,23.14
721,1377904948,23.13
721,1377904953,23.13
721,1377904958,23.13
721,1377904963,23.14
721,1377904968,23.14
721,1377904973,23.14
721,1377904978,23.13
721,1377904983,23.14
721,1377904988,23.14
721,1377904993,23.14
721,1377904998,23.13
721,1377905003,23.12
721,1377905008,23.13
721,1377905013,23.14
721,1377905018,23.14
721,1377905023,23.14
721,1377905028,23.14
721,1377905033,23.14
721,1377905038,23.14
721,1377905043,23.14
721,1377905048,23.14
721,1377905053,23.14
721,1377905058,23.15
721,1377905063,23.14
721,1377905068,23.15
721,1377905073,23.14
721,1377905078,23.14
721,1377905083,23.14
721,1377905088,23.14
721,1377905093,23.14
721,1377905098,23.14
721,1377905103,23.14
721,1377905108,23.14
721,1377905113,23.15
721,1377905118,23.14
721,1377905123,23.14
721,1377905128,23.14
721,1377905133,23.15
721,1377905138,23.14
721,1377905143,23.14
721,1377905148,23.14
721,1377905153,23.14
721,1377905158,23.14
721,1377905163,23.14
721,1377905168,23.14
721,1377905173,23.15
721,1377905178,23.15
721,1377905183,23.16
721,1377905188,23.13
721,1377905193,23.15
721,1377905198,23.16
721,1377905203,23.14
721,1377905208,23.14
721,1377905213,23.15
721,1377905218,23.15
721,1377905223,23.14
721,1377905228,23.15
721,1377905233,23.14
721,1377905238,23.14
721,1377905243,23.15
721,1377905248,23.14
721,1377905253,23.16
721,1377905258,23.16
721,1377905263,23.15
721,1377905268,23.15
721,1377905273,23.15
721,1377905278,23.14
721,1377905283,23.14
721,1377905288,23.16
721,1377905293,23.14
721,1377905298,23.16
721,1377905303,23.14
721,1377905308,23.15
721,1377905313,23.16
721,1377905318,23.15
721,1377905323,23.14
721,1377905328,23.15
721,1377905333,23.15
721,1377905338,23.15
721,1377905343,23.15
721,1377905348,23.15
721,1377905353,23.15
721,1377905358,23.16
721,1377905363,23.15
721,1377905368,23.16
721,1377905373,23.15
721,1377905378,23.15
721,1377905383,23.16
721,1377905388,23.16
721,1377905393,23.16
721,1377905398,23.15
721,1377905403,23.14
721,1377905408,23.16
721,1377905413,23.16
721,1377905418,23.15
721,1377905423,23.16
721,1377905428,23.16
721,1377905433,23.16
721,1377905438,23.17
721,1377905443,23.16
721,1377905448,23.15
721,1377905453,23.16
721,1377905458,23.16
721,1377905463,23.16
721,1377905468,23.16
721,1377905473,23.16
721,1377905478,23.15
721,1377905483,23.16
721,1377905488,23.16
721,1377905493,23.16
721,1377905498,23.16
721,1377905503,23.17
721,1377905508,23.16
721,1377905513,23.16
721,1377905518,23.16
721,1377905523,23.17
721,1377905528,23.16
721,1377905533,23.16
721,1377905538,23.16
721,1377905543,23.16
721,1377905548,23.16
721,1377905553,23.16
721,1377905558,23.18
721,1377905563,23.17
721,1377905568,23.17
721,1377905573,23.16
721,1377905578,23.16
721,1377905583,23.17
721,1377905588,23.15
721,1377905593,23.16
721,1377905598,23.16
721,1377905603,23.16
721,1377905608,23.16
721,1377905613,23.16
721,1377905618,23.17
721,1377905623,23.16
721,1377905628,23.17
721,1377905633,23.17
721,1377905638,23.16
721,1377905643,23.16
721,1377905648,23.16
721,1377905653,23.17
721,1377905658,23.16
721,1377905663,23.16
721,1377905668,23.17
721,1377905673,23.17
721,1377905678,23.16
721,1377905683,23.16
721,1377905688,23.16
721,1377905693,23.16
721,1377905698,23.17
721,1377905703,23.16
721,1377905708,23.16
721,1377905713,23.16
721,1377905718,23.17
721,1377905723,23.17
721,1377905728,23.16
721,1377905733,23.16
721,1377905738,23.17
721,1377905743,23.17
721,1377905748,23.18
721,1377905753,23.17
721,1377905758,23.16
721,1377905763,23.17
721,1377905768,23.17
721,1377905773,23.16
721,1377905778,23.18
721,1377905783,23.18
721,1377905788,23.18
721,1377905793,23.18
721,1377905798,23.18
721,1377905803,23.17
721,1377905808,23.18
721,1377905813,23.17
721,1377905818,23.17
721,1377905823,23.16
721,1377905829,23.16
721,1377905833,23.18
721,1377905838,23.18
721,1377905843,23.17
721,1377905848,23.17
721,1377905853,23.17
721,1377905858,23.18
721,1377905863,23.17
721,1377905868,23.18
721,1377905873,23.18
721,1377905878,23.17
721,1377905883,23.17
721,1377905888,23.16
721,1377905893,23.17
721,1377905898,23.18
721,1377905903,23.18
721,1377905908,23.18
721,1377905913,23.17
721,1377905918,23.17
721,1377905923,23.18
721,1377905928,23.18
721,1377905933,23.18
721,1377905938,23.18
721,1377905943,23.16
721,1377905948,23.18
721,1377905953,23.18
721,1377905958,23.17
721,1377905963,23.18
721,1377905968,23.18
721,1377905973,23.18
721,1377905978,23.18
721,1377905983,23.18
721,1377905988,23.19
721,1377905993,23.18
721,1377905998,23.18
721,1377906003,23.18
721,1377906008,23.18
721,1377906013,23.18
721,1377906018,23.18
721,1377906022,23.18
721,1377906028,23.18
721,1377906033,23.19
721,1377906038,23.18
721,1377906043,23.18
721,1377906048,23.17
721,1377906053,23.18
721,1377906058,23.2
721,1377906063,23.18
721,1377906068,23.19
721,1377906073,23.18
721,1377906078,23.19
721,1377906083,23.18
721,1377906088,23.18
721,1377906093,23.18
721,1377906097,23.19
721,1377906103,23.19
721,1377906108,23.18
721,1377906113,23.2
721,1377906118,23.19
721,1377906123,23.19
721,1377906128,23.18
721,1377906133,23.2
721,1377906138,23.18
721,1377906143,23.19
721,1377906148,23.19
721,1377906153,23.19
721,1377906158,23.18
721,1377906163,23.18
721,1377906168,23.18
721,1377906173,23.2
721,1377906178,23.19
721,1377906183,23.19
721,1377906188,23.21
721,1377906193,23.19
721,1377906198,23.19
721,1377906203,23.21
721,1377906208,23.2
721,1377906213,23.19
721,1377906218,23.2
721,1377906223,23.18
721,1377906228,23.2
721,1377906232,23.19
721,1377906238,23.2
721,1377906243,23.18
721,1377906248,23.18
721,1377906253,23.19
721,1377906258,23.19
721,1377906263,23.2
721,1377906268,23.18
721,1377906273,23.2
721,1377906278,23.2
721,1377906283,23.2
721,1377906288,23.19
721,1377906293,23.19
721,1377906298,23.19
721,1377906303,23.2
721,1377906308,23.2
721,1377906313,23.2
721,1377906318,23.2
721,1377906323,23.2
721,1377906328,23.2
721,1377906333,23.19
721,1377906338,23.19
721,1377906343,23.2
721,1377906348,23.21
721,1377906353,23.2
721,1377906358,23.2
721,1377906363,23.2
721,1377906367,23.19
721,1377906372,23.2
721,1377906378,23.2
721,1377906383,23.2
721,1377906388,23.2
721,1377906392,23.21
721,1377906397,23.2
721,1377906403,23.2
721,1377906408,23.19
721,1377906412,23.2
721,1377906417,23.2
721,1377906422,23.19
721,1377906428,23.2
721,1377906433,23.2
721,1377906438,23.2
721,1377906443,23.19
721,1377906448,23.19
721,1377906453,23.19
721,1377906458,23.2
721,1377906463,23.2
721,1377906468,23.2
721,1377906472,23.21
721,1377906478,23.2
721,1377906483,23.2
721,1377906488,23.2
721,1377906493,23.2
721,1377906498,23.2
721,1377906502,23.21
721,1377906507,23.2
721,1377906513,23.2
721,1377906518,23.2
721,1377906523,23.2
721,1377906528,23.2
721,1377906533,23.2
721,1377906538,23.2
721,1377906543,23.19
721,1377906548,23.19
721,1377906552,23.2
721,1377906557,23.2
721,1377906563,23.2
721,1377906568,23.2
721,1377906573,23.21
721,1377906578,23.2
721,1377906582,23.2
721,1377906588,23.2
721,1377906592,23.19
721,1377906598,23.21
721,1377906603,23.2
721,1377906607,23.19
721,1377906613,23.19
721,1377906617,23.2
721,1377906622,23.21
721,1377906627,23.2
721,1377906633,23.2
721,1377906637,23.2
721,1377906642,23.2
721,1377906647,23.2
721,1377906652,23.21
721,1377906657,23.2
721,1377906662,23.2
721,1377906667,23.21
721,1377906673,23.2
721,1377906678,23.2
721,1377906683,23.2
721,1377906688,23.2
721,1377906692,23.21
721,1377906697,23.21
721,1377906702,23.2
721,1377906708,23.2
721,1377906712,23.2
721,1377906718,23.21
721,1377906722,23.2
721,1377906728,23.21
721,1377906732,23.2
721,1377906737,23.22
721,1377906742,23.21
721,1377906748,23.2
721,1377906752,23.21
721,1377906757,23.2
721,1377906762,23.2
721,1377906767,23.2
721,1377906773,23.2
721,1377906777,23.22
721,1377906782,23.2
721,1377906787,23.21
721,1377906792,23.21
721,1377906798,23.21
721,1377906802,23.22
721,1377906807,23.2
721,1377906812,23.22
721,1377906817,23.2
721,1377906822,23.22
721,1377906827,23.22
721,1377906832,23.2
721,1377906837,23.21
721,1377906843,23.21
721,1377906847,23.22
721,1377906852,23.2
721,1377906858,23.2
721,1377906862,23.2
721,1377906867,23.2
721,1377906872,23.21
721,1377906877,23.22
721,1377906882,23.2
721,1377906887,23.2
721,1377906892,23.21
721,1377906897,23.22
721,1377906902,23.21
721,1377906907,23.2
721,1377906912,23.21
721,1377906917,23.21
721,1377906922,23.21
721,1377906927,23.21
721,1377906932,23.22
721,1377906937,23.21
721,1377906942,23.2
721,1377906947,23.21
721,1377906952,23.21
721,1377906957,23.21
721,1377906962,23.21
721,1377906967,23.22
721,1377906973,23.22
721,1377906977,23.22
721,1377906982,23.21
721,1377906987,23.21
721,1377906992,23.22
721,1377906997,23.21
721,1377907002,23.21
721,1377907007,23.22
721,1377907012,23.21
721,1377907017,23.21
721,1377907022,23.21
721,1377907027,23.2
721,1377907032,23.21
721,1377907037,23.21
721,1377907042,23.21
721,1377907047,23.2
721,1377907052,23.21
721,1377907057,23.21
721,1377907062,23.22
721,1377907067,23.21
721,1377907072,23.22
721,1377907077,23.22
721,1377907082,23.21
721,1377907087,23.22
721,1377907092,23.22
721,1377907097,23.21
721,1377907102,23.22
721,1377907107,23.22
721,1377907112,23.24
721,1377907117,23.2
721,1377907122,23.2
721,1377907127,23.22
721,1377907132,23.21
721,1377907137,23.22
721,1377907142,23.2
721,1377907147,23.21
721,1377907152,23.22
721,1377907157,23.22
721,1377907162,23.22
721,1377907167,23.21
721,1377907172,23.21
721,1377907177,23.21
721,1377907182,23.22
721,1377907187,23.21
721,1377907192,23.22
721,1377907197,23.21
721,1377907202,23.22
721,1377907207,23.21
721,1377907212,23.22
721,1377907217,23.21
721,1377907222,23.2
721,1377907227,23.21
721,1377907232,23.22
721,1377907237,23.21
721,1377907242,23.22
721,1377907247,23.2
721,1377907252,23.23
721,1377907257,23.21
721,1377907262,23.22
721,1377907267,23.22
721,1377907272,23.22
721,1377907277,23.22
721,1377907282,23.21
721,1377907287,23.2
721,1377907292,23.22
721,1377907298,23.21
721,1377907302,23.23
721,1377907307,23.21
721,1377907312,23.2
721,1377907317,23.22
721,1377907322,23.22
721,1377907327,23.21
721,1377907332,23.22
721,1377907337,23.2
721,1377907342,23.22
721,1377907347,23.21
721,1377907352,23.22
721,1377907357,23.21
721,1377907362,23.22
721,1377907367,23.22
721,1377907372,23.22
721,1377907377,23.22
721,1377907382,23.22
721,1377907387,23.22
721,1377907392,23.22
721,1377907397,23.22
721,1377907402,23.22
721,1377907407,23.21
721,1377907412,23.21
721,1377907417,23.22
721,1377907422,23.21
721,1377907427,23.22
721,1377907432,23.22
721,1377907437,23.21
721,1377907442,23.22
721,1377907447,23.22
721,1377907452,23.21
721,1377907457,23.21
721,1377907462,23.22
721,1377907467,23.22
721,1377907472,23.22
721,1377907477,23.22
721,1377907482,23.21
721,1377907487,23.22
721,1377907492,23.22
721,1377907497,23.21
721,1377907502,23.22
721,1377907507,23.21
721,1377907512,23.22
721,1377907517,23.22
721,1377907522,23.22
721,1377907527,23.22
721,1377907532,23.22
721,1377907537,23.22
721,1377907542,23.22
721,1377907547,23.22
721,1377907552,23.22
721,1377907558,23.23
721,1377907562,23.23
721,1377907567,23.22
721,1377907572,23.22
721,1377907577,23.22
721,1377907582,23.22
721,1377907587,23.22
721,1377907592,23.22
721,1377907597,23.23
721,1377907602,23.22
721,1377907607,23.23
721,1377907612,23.23
721,1377907617,23.22
721,1377907622,23.22
721,1377907627,23.23
721,1377907632,23.23
721,1377907637,23.23
721,1377907642,23.22
721,1377907647,23.23
721,1377907652,23.22
721,1377907657,23.22
721,1377907662,23.22
721,1377907667,23.22
721,1377907672,23.23
721,1377907677,23.23
721,1377907682,23.22
721,1377907687,23.22
721,1377907692,23.23
721,1377907697,23.22
721,1377907702,23.24
721,1377907707,23.23
721,1377907712,23.23
721,1377907717,23.22
721,1377907722,23.23
721,1377907727,23.23
721,1377907732,23.24
721,1377907737,23.23
721,1377907742,23.22
721,1377907747,23.24
721,1377907752,23.22
721,1377907757,23.23
721,1377907762,23.22
721,1377907767,23.23
721,1377907772,23.22
721,1377907777,23.22
721,1377907782,23.22
721,1377907787,23.23
721,1377907792,23.23
721,1377907797,23.23
721,1377907802,23.23
721,1377907807,23.23
721,1377907812,23.22
721,1377907817,23.22
721,1377907822,23.22
721,1377907827,23.22
721,1377907832,23.22
721,1377907837,23.23
721,1377907842,23.23
721,1377907847,23.23
721,1377907852,23.22
721,1377907857,23.23
721,1377907862,23.24
721,1377907867,23.22
721,1377907872,23.22
721,1377907877,23.23
721,1377907882,23.22
721,1377907887,23.23
721,1377907892,23.24
721,1377907897,23.23
721,1377907902,23.24
721,1377907907,23.22
721,1377907912,23.23
721,1377907917,23.22
721,1377907922,23.23
721,1377907927,23.23
721,1377907932,23.22
721,1377907937,23.23
721,1377907942,23.23
721,1377907947,23.22
721,1377907952,23.24
721,1377907957,23.23
721,1377907962,23.22
721,1377907967,23.23
721,1377907972,23.22
721,1377907977,23.24
721,1377907982,23.23
721,1377907987,23.23
721,1377907992,23.23
721,1377907997,23.24
721,1377908002,23.22
721,1377908007,23.22
721,1377908012,23.24
721,1377908017,23.22
721,1377908023,23.24
721,1377908027,23.24
721,1377908032,23.23
721,1377908037,23.23
721,1377908042,23.24
721,1377908047,23.22
721,1377908052,23.22
721,1377908057,23.24
721,1377908062,23.24
721,1377908067,23.24
721,1377908072,23.24
721,1377908077,23.23
721,1377908082,23.23
721,1377908087,23.23
721,1377908092,23.23
721,1377908097,23.23
721,1377908102,23.22
721,1377908107,23.24
721,1377908112,23.22
721,1377908117,23.24
721,1377908122,23.24
721,1377908127,23.24
721,1377908132,23.23
721,1377908137,23.24
721,1377908142,23.24
721,1377908147,23.23
721,1377908152,23.24
721,1377908157,23.23
721,1377908162,23.24
721,1377908167,23.24
721,1377908172,23.23
721,1377908177,23.24
721,1377908182,23.24
721,1377908187,23.23
721,1377908192,23.23
721,1377908197,23.23
721,1377908202,23.22
721,1377908207,23.23
721,1377908212,23.24
721,1377908217,23.23
721,1377908222,23.23
721,1377908227,23.24
721,1377908232,23.24
721,1377908237,23.23
721,1377908242,23.24
721,1377908247,23.24
721,1377908252,23.24
721,1377908257,23.23
721,1377908262,23.25
721,1377908267,23.24
721,1377908272,23.24
721,1377908277,23.24
721,1377908282,23.24
721,1377908287,23.24
721,1377908292,23.23
721,1377908297,23.24
721,1377908302,23.24
721,1377908307,23.24
721,1377908312,23.23
721,1377908317,23.24
721,1377908322,23.24
721,1377908327,23.24
721,1377908332,23.23
721,1377908337,23.24
721,1377908342,23.24
721,1377908347,23.24
721,1377908352,23.24
721,1377908357,23.24
721,1377908362,23.24
721,1377908367,23.24
721,1377908372,23.24
721,1377908377,23.25
721,1377908382,23.23
721,1377908387,23.25
721,1377908392,23.25
721,1377908397,23.25
721,1377908402,23.24
721,1377908407,23.24
721,1377908412,23.24
721,1377908417,23.24
721,1377908422,23.24
721,1377908427,23.24
721,1377908432,23.24
721,1377908437,23.24
721,1377908442,23.25
721,1377908447,23.23
721,1377908452,23.25
721,1377908457,23.25
721,1377908462,23.25
721,1377908467,23.24
721,1377908472,23.26
721,1377908477,23.25
721,1377908482,23.24
721,1377908487,23.24
721,1377908492,23.25
721,1377908497,23.24
721,1377908502,23.24
721,1377908507,23.24
721,1377908512,23.25
721,1377908517,23.25
721,1377908522,23.24
721,1377908527,23.25
721,1377908532,23.24
721,1377908537,23.25
721,1377908542,23.24
721,1377908547,23.24
721,1377908552,23.25
721,1377908557,23.24
721,1377908562,23.23
721,1377908567,23.26
721,1377908572,23.24
721,1377908577,23.25
721,1377908582,23.25
721,1377908587,23.25
721,1377908592,23.24
721,1377908597,23.25
721,1377908602,23.24
721,1377908607,23.24
721,1377908612,23.24
721,1377908617,23.24
721,1377908622,23.24
721,1377908627,23.25
721,1377908632,23.24
721,1377908637,23.25
721,1377908642,23.24
721,1377908647,23.25
721,1377908652,23.24
721,1377908657,23.23
721,1377908662,23.24
721,1377908667,23.25
721,1377908672,23.24
721,1377908677,23.24
721,1377908682,23.24
721,1377908687,23.24
721,1377908692,23.24
721,1377908697,23.25
721,1377908702,23.24
721,1377908707,23.24
721,1377908712,23.24
721,1377908717,23.25
721,1377908722,23.24
721,1377908727,23.25
721,1377908732,23.24
721,1377908737,23.25
721,1377908742,23.24
721,1377908747,23.24
721,1377908752,23.25
721,1377908757,23.25
721,1377908762,23.23
721,1377908767,23.25
721,1377908772,23.24
721,1377908778,23.25
721,1377908782,23.25
721,1377908787,23.25
721,1377908792,23.24
721,1377908797,23.24
721,1377908802,23.24
721,1377908807,23.24
721,1377908812,23.25
721,1377908817,23.25
721,1377908822,23.24
721,1377908827,23.24
721,1377908832,23.24
721,1377908837,23.24
721,1377908842,23.24
721,1377908847,23.24
721,1377908852,23.24
721,1377908857,23.24
721,1377908862,23.25
721,1377908867,23.25
721,1377908872,23.25
721,1377908877,23.25
721,1377908882,23.25
721,1377908887,23.25
721,1377908892,23.25
721,1377908897,23.24
721,1377908902,23.24
721,1377908907,23.24
721,1377908912,23.24
721,1377908917,23.24
721,1377908922,23.24
721,1377908927,23.24
721,1377908932,23.24
721,1377908937,23.24
721,1377908942,23.24
721,1377908947,23.24
721,1377908952,23.24
721,1377908957,23.24
721,1377908962,23.23
721,1377908967,23.25
721,1377908972,23.24
721,1377908977,23.26
721,1377908982,23.24
721,1377908987,23.24
721,1377908992,23.25
721,1377908997,23.25
721,1377909002,23.25
721,1377909007,23.25
721,1377909012,23.24
721,1377909017,23.25
721,1377909022,23.24
721,1377909027,23.24
721,1377909032,23.24
721,1377909037,23.24
721,1377909042,23.25
721,1377909047,23.25
721,1377909052,23.24
721,1377909057,23.25
721,1377909062,23.24
721,1377909067,23.24
721,1377909072,23.25
721,1377909077,23.24
721,1377909082,23.25
721,1377909087,23.24
721,1377909092,23.24
721,1377909097,23.25
721,1377909102,23.24
721,1377909107,23.25
721,1377909112,23.24
721,1377909117,23.24
721,1377909122,23.25
721,1377909127,23.24
721,1377909132,23.25
721,1377909137,23.24
721,1377909142,23.24
721,1377909147,23.24
721,1377909152,23.24
721,1377909157,23.24
721,1377909162,23.25
721,1377909167,23.24
721,1377909172,23.25
721,1377909177,23.25
721,1377909182,23.24
721,1377909187,23.25
721,1377909192,23.25
721,1377909197,23.24
721,1377909202,23.24
721,1377909207,23.25
721,1377909212,23.24
721,1377909217,23.24
721,1377909222,23.24
721,1377909227,23.24
721,1377909232,23.25
721,1377909237,23.24
721,1377909242,23.26
721,1377909247,23.26
721,1377909252,23.25
721,1377909257,23.26
721,1377909262,23.25
721,1377909267,23.25
721,1377909272,23.24
721,1377909277,23.25
721,1377909282,23.25
721,1377909287,23.25
721,1377909292,23.24
721,1377909297,23.26
721,1377909302,23.25
721,1377909307,23.24
721,1377909312,23.25
721,1377909317,23.24
721,1377909322,23.26
721,1377909327,23.24
721,1377909332,23.25
721,1377909337,23.25
721,1377909343,23.25
721,1377909347,23.26
721,1377909352,23.25
721,1377909357,23.25
721,1377909362,23.25
721,1377909367,23.25
721,1377909372,23.24
721,1377909377,23.25
721,1377909382,23.24
721,1377909387,23.25
721,1377909392,23.25
721,1377909397,23.25
721,1377909402,23.24
721,1377909407,23.24
721,1377909412,23.25
721,1377909417,23.25
721,1377909422,23.24
721,1377909427,23.26
721,1377909432,23.26
721,1377909437,23.24
721,1377909442,23.24
721,1377909447,23.24
721,1377909452,23.25
721,1377909457,23.25
721,1377909462,23.25
721,1377909467,23.25
721,1377909472,23.25
721,1377909477,23.24
721,1377909482,23.25
721,1377909487,23.25
721,1377909492,23.25
721,1377909497,23.26
721,1377909502,23.24
721,1377909507,23.26
721,1377909512,23.27
721,1377909517,23.25
721,1377909525,23.25
721,1377909527,23.26
721,1377909532,23.26
721,1377909537,23.25
721,1377909542,23.25
721,1377909547,23.26
721,1377909552,23.26
721,1377909557,23.25
721,1377909562,23.24
721,1377909567,23.24
721,1377909572,23.26
721,1377909577,23.24
721,1377909582,23.25
721,1377909587,23.24
721,1377909592,23.26
721,1377909597,23.24
721,1377909602,23.25
721,1377909607,23.25
721,1377909612,23.24
721,1377909617,23.24
721,1377909622,23.24
721,1377909627,23.25
721,1377909632,23.25
721,1377909637,23.25
721,1377909642,23.25
721,1377909647,23.24
721,1377909652,23.25
721,1377909657,23.25
721,1377909662,23.25
721,1377909667,23.25
721,1377909672,23.24
721,1377909677,23.24
721,1377909682,23.23
721,1377909687,23.24
721,1377909692,23.26
721,1377909697,23.26
721,1377909702,23.26
721,1377909707,23.24
721,1377909712,23.24
721,1377909717,23.24
721,1377909722,23.25
721,1377909727,23.24
721,1377909732,23.25
721,1377909737,23.25
721,1377909742,23.25
721,1377909747,23.24
721,1377909752,23.25
721,1377909757,23.24
721,1377909762,23.24
721,1377909767,23.24
721,1377909772,23.24
721,1377909777,23.25
721,1377909782,23.24
721,1377909787,23.25
721,1377909792,23.26
721,1377909797,23.25
721,1377909802,23.25
721,1377909807,23.23
721,1377909812,23.26
721,1377909817,23.24
721,1377909822,23.24
721,1377909827,23.24
721,1377909832,23.24
721,1377909837,23.25
721,1377909842,23.25
721,1377909847,23.24
721,1377909852,23.24
721,1377909857,23.24
721,1377909862,23.26
721,1377909867,23.24
721,1377909872,23.25
721,1377909877,23.24
721,1377909882,23.25
721,1377909887,23.25
721,1377909892,23.25
721,1377909897,23.24
721,1377909902,23.24
721,1377909907,23.24
721,1377909912,23.24
721,1377909917,23.25
721,1377909922,23.24
721,1377909927,23.25
721,1377909932,23.26
721,1377909937,23.26
721,1377909942,23.26
721,1377909947,23.25
721,1377909952,23.25
721,1377909957,23.25
721,1377909962,23.26
721,1377909967,23.25
721,1377909972,23.26
721,1377909977,23.26
721,1377909982,23.26
721,1377909987,23.25
721,1377909992,23.26
721,1377909997,23.26
721,1377910002,23.26
721,1377910007,23.26
721,1377910012,23.26
721,1377910017,23.26
721,1377910022,23.26
721,1377910027,23.25
721,1377910032,23.25
721,1377910037,23.26
721,1377910042,23.25
721,1377910047,23.25
721,1377910052,23.25
721,1377910057,23.25
721,1377910062,23.26
721,1377910067,23.26
721,1377910072,23.25
721,1377910077,23.25
721,1377910082,23.26
721,1377910087,23.26
721,1377910092,23.26
721,1377910097,23.26
721,1377910102,23.26
721,1377910107,23.26
721,1377910112,23.26
721,1377910117,23.26
721,1377910122,23.27
721,1377910127,23.26
721,1377910132,23.27
721,1377910137,23.26
721,1377910142,23.27
721,1377910147,23.26
721,1377910152,23.26
721,1377910157,23.26
721,1377910162,23.27
721,1377910167,23.26
721,1377910172,23.26
721,1377910177,23.26
721,1377910182,23.27
721,1377910187,23.26
721,1377910192,23.26
721,1377910197,23.27
721,1377910202,23.26
721,1377910207,23.26
721,1377910212,23.26
721,1377910217,23.26
721,1377910222,23.27
721,1377910227,23.27
721,1377910233,23.28
721,1377910237,23.27
721,1377910242,23.27
721,1377910247,23.27
721,1377910252,23.27
721,1377910257,23.26
721,1377910263,23.27
721,1377910267,23.27
721,1377910272,23.27
721,1377910277,23.28
721,1377910282,23.28
721,1377910287,23.28
721,1377910292,23.26
721,1377910297,23.27
721,1377910302,23.26
721,1377910307,23.27
721,1377910312,23.26
721,1377910317,23.26
721,1377910322,23.27
721,1377910327,23.28
721,1377910332,23.27
721,1377910337,23.27
721,1377910342,23.28
721,1377910347,23.28
721,1377910352,23.27
721,1377910357,23.28
721,1377910362,23.28
721,1377910367,23.27
721,1377910372,23.27
721,1377910377,23.27
721,1377910382,23.27
721,1377910387,23.28
721,1377910392,23.28
721,1377910397,23.26
721,1377910402,23.28
721,1377910407,23.27
721,1377910412,23.28
721,1377910417,23.28
721,1377910422,23.28
721,1377910427,23.28
721,1377910432,23.28
721,1377910437,23.26
721,1377910442,23.28
721,1377910447,23.27
721,1377910452,23.28
721,1377910457,23.28
721,1377910462,23.28
721,1377910467,23.28
721,1377910472,23.29
721,1377910477,23.28
721,1377910482,23.27
721,1377910487,23.28
721,1377910492,23.28
721,1377910497,23.27
721,1377910502,23.28
721,1377910507,23.28
721,1377910512,23.28
721,1377910517,23.28
721,1377910522,23.28
721,1377910527,23.27
721,1377910532,23.29
721,1377910537,23.29
721,1377910542,23.29
721,1377910547,23.29
721,1377910552,23.28
721,1377910557,23.29
721,1377910562,23.27
721,1377910567,23.3
721,1377910572,23.28
721,1377910577,23.3
721,1377910582,23.28
721,1377910587,23.28
721,1377910592,23.28
721,1377910597,23.29
721,1377910602,23.28
721,1377910607,23.28
721,1377910612,23.29
721,1377910617,23.29
721,1377910622,23.28
721,1377910627,23.29
721,1377910632,23.29
721,1377910637,23.29
721,1377910642,23.29
721,1377910647,23.29
721,1377910652,23.29
721,1377910657,23.28
721,1377910662,23.29
721,1377910667,23.3
721,1377910672,23.3
721,1377910677,23.29
721,1377910682,23.29
721,1377910687,23.29
721,1377910692,23.3
721,1377910697,23.31
721,1377910702,23.28
721,1377910707,23.28
721,1377910712,23.3
721,1377910717,23.3
721,1377910722,23.28
721,1377910727,23.29
721,1377910732,23.29
721,1377910737,23.29
721,1377910742,23.3
721,1377910747,23.3
721,1377910752,23.3
721,1377910757,23.3
721,1377910762,23.3
721,1377910767,23.3
721,1377910772,23.3
721,1377910777,23.3
721,1377910782,23.3
721,1377910787,23.3
721,1377910792,23.31
721,1377910797,23.31
721,1377910802,23.31
721,1377910807,23.31
721,1377910812,23.3
721,1377910817,23.3
721,1377910822,23.31
721,1377910827,23.31
721,1377910832,23.3
721,1377910837,23.3
721,1377910842,23.3
721,1377910847,23.3
721,1377910852,23.3
721,1377910857,23.32
721,1377910862,23.31
721,1377910867,23.3
721,1377910872,23.29
721,1377910877,23.3
721,1377910882,23.3
721,1377910887,23.31
721,1377910892,23.3
721,1377910897,23.31
721,1377910902,23.31
721,1377910907,23.3
721,1377910912,23.31
721,1377910917,23.3
721,1377910922,23.31
721,1377910927,23.31
721,1377910932,23.3
721,1377910937,23.3
721,1377910942,23.31
721,1377910947,23.32
721,1377910952,23.31
721,1377910957,23.32
721,1377910962,23.3
721,1377910967,23.31
721,1377910972,23.31
721,1377910977,23.33
721,1377910985,23.31
721,1377910987,23.32
721,1377910992,23.31
721,1377910997,23.32
721,1377911002,23.32
721,1377911007,23.32
721,1377911012,23.32
721,1377911017,23.32
721,1377911022,23.31
721,1377911027,23.32
721,1377911032,23.31
721,1377911037,23.32
721,1377911042,23.32
721,1377911047,23.32
721,1377911052,23.32
721,1377911057,23.32
721,1377911062,23.32
721,1377911067,23.32
721,1377911072,23.32
721,1377911077,23.32
721,1377911082,23.32
721,1377911087,23.32
721,1377911092,23.33
721,1377911097,23.33
721,1377911102,23.32
721,1377911107,23.32
721,1377911112,23.34
721,1377911117,23.33
721,1377911122,23.34
721,1377911127,23.33
721,1377911132,23.33
721,1377911137,23.32
721,1377911142,23.32
721,1377911147,23.33
721,1377911152,23.33
721,1377911157,23.33
721,1377911162,23.33
721,1377911167,23.34
721,1377911172,23.33
721,1377911177,23.32
721,1377911182,23.32
721,1377911187,23.33
721,1377911192,23.34
721,1377911197,23.34
721,1377911202,23.33
721,1377911207,23.34
721,1377911212,23.34
721,1377911217,23.32
721,1377911222,23.34
721,1377911227,23.33
721,1377911232,23.32
721,1377911237,23.33
721,1377911242,23.34
721,1377911247,23.34
721,1377911252,23.34
721,1377911257,23.34
721,1377911262,23.34
721,1377911267,23.34
721,1377911272,23.34
721,1377911277,23.33
721,1377911283,23.34
721,1377911287,23.34
721,1377911292,23.34
721,1377911297,23.33
721,1377911302,23.34
721,1377911307,23.34
721,1377911312,23.34
721,1377911317,23.34
721,1377911322,23.36
721,1377911327,23.34
721,1377911332,23.34
721,1377911337,23.34
721,1377911342,23.34
721,1377911347,23.34
721,1377911352,23.34
721,1377911357,23.34
721,1377911362,23.34
721,1377911367,23.35
721,1377911372,23.35
721,1377911377,23.34
721,1377911382,23.35
721,1377911387,23.36
721,1377911392,23.35
721,1377911397,23.35
721,1377911402,23.35
721,1377911407,23.34
721,1377911412,23.34
721,1377911417,23.36
721,1377911422,23.36
721,1377911427,23.35
721,1377911432,23.35
721,1377911437,23.35
721,1377911442,23.35
721,1377911447,23.35
721,1377911452,23.35
721,1377911457,23.36
721,1377911462,23.35
721,1377911467,23.36
721,1377911472,23.36
721,1377911477,23.36
721,1377911482,23.36
721,1377911487,23.36
721,1377911492,23.36
721,1377911497,23.36
721,1377911502,23.36
721,1377911507,23.36
721,1377911512,23.36
721,1377911517,23.36
721,1377911522,23.37
721,1377911527,23.36
721,1377911532,23.36
721,1377911537,23.37
721,1377911542,23.36
721,1377911547,23.36
721,1377911552,23.36
721,1377911557,23.37
721,1377911562,23.37
721,1377911567,23.38
721,1377911572,23.37
721,1377911577,23.36
721,1377911582,23.37
721,1377911587,23.37
721,1377911592,23.36
721,1377911597,23.36
721,1377911602,23.37
721,1377911607,23.36
721,1377911612,23.37
721,1377911617,23.37
721,1377911622,23.37
721,1377911627,23.37
721,1377911632,23.38
721,1377911637,23.38
721,1377911642,23.38
721,1377911647,23.37
721,1377911652,23.37
721,1377911657,23.38
721,1377911662,23.38
721,1377911667,23.37
721,1377911672,23.37
721,1377911677,23.38
721,1377911682,23.38
721,1377911687,23.38
721,1377911692,23.38
721,1377911697,23.38
721,1377911702,23.38
721,1377911707,23.38
721,1377911712,23.37
721,1377911717,23.39
721,1377911722,23.38
721,1377911727,23.38
721,1377911733,23.38
721,1377911741,23.38
721,1377911742,23.38
721,1377911747,23.38
721,1377911752,23.38
721,1377911757,23.38
721,1377911762,23.39
721,1377911767,23.39
721,1377911772,23.39
721,1377911777,23.39
721,1377911782,23.38
721,1377911787,23.39
721,1377911792,23.38
721,1377911797,23.38
721,1377911802,23.39
721,1377911807,23.39
721,1377911812,23.4
721,1377911817,23.39
721,1377911822,23.39
721,1377911827,23.38
721,1377911832,23.39
721,1377911837,23.39
721,1377911842,23.39
721,1377911847,23.39
721,1377911852,23.4
721,1377911857,23.39
721,1377911862,23.39
721,1377911867,23.39
721,1377911872,23.42
721,1377911877,23.4
721,1377911882,23.4
721,1377911887,23.4
721,1377911892,23.4
721,1377911897,23.4
721,1377911902,23.4
721,1377911907,23.42
721,1377911912,23.41
721,1377911917,23.4
721,1377911922,23.39
721,1377911927,23.4
721,1377911932,23.4
721,1377911937,23.41
721,1377911942,23.41
721,1377911947,23.4
721,1377911952,23.4
721,1377911957,23.41
721,1377911962,23.4
721,1377911967,23.42
721,1377911972,23.41
721,1377911977,23.4
721,1377911982,23.42
721,1377911987,23.41
721,1377911992,23.4
721,1377911997,23.4
721,1377912002,23.41
721,1377912007,23.41
721,1377912012,23.41
721,1377912017,23.42
721,1377912022,23.43
721,1377912027,23.42
721,1377912032,23.41
721,1377912037,23.42
721,1377912042,23.42
721,1377912047,23.4
721,1377912052,23.42
721,1377912057,23.42
721,1377912062,23.42
721,1377912067,23.42
721,1377912072,23.42
721,1377912077,23.43
721,1377912082,23.42
721,1377912087,23.42
721,1377912092,23.42
721,1377912097,23.43
721,1377912102,23.43
721,1377912107,23.43
721,1377912112,23.42
721,1377912117,23.42
721,1377912122,23.43
721,1377912127,23.42
721,1377912132,23.43
721,1377912137,23.42
721,1377912142,23.43
721,1377912147,23.42
721,1377912152,23.43
721,1377912157,23.43
721,1377912162,23.43
721,1377912167,23.44
721,1377912172,23.44
721,1377912177,23.42
721,1377912182,23.44
721,1377912187,23.43
721,1377912192,23.44
721,1377912197,23.44
721,1377912202,23.44
721,1377912207,23.43
721,1377912212,23.44
721,1377912217,23.43
721,1377912222,23.43
721,1377912227,23.44
721,1377912232,23.44
721,1377912237,23.44
721,1377912242,23.44
721,1377912247,23.45
721,1377912252,23.44
721,1377912257,23.44
721,1377912262,23.44
721,1377912267,23.44
721,1377912272,23.44
721,1377912277,23.45
721,1377912282,23.45
721,1377912287,23.44
721,1377912292,23.45
721,1377912297,23.44
721,1377912302,23.45
721,1377912307,23.45
721,1377912312,23.45
721,1377912317,23.45
721,1377912322,23.44
721,1377912327,23.45
721,1377912332,23.45
721,1377912337,23.44
721,1377912342,23.44
721,1377912347,23.45
721,1377912352,23.46
721,1377912357,23.45
721,1377912362,23.46
721,1377912367,23.46
721,1377912372,23.46
721,1377912377,23.46
721,1377912382,23.45
721,1377912387,23.45
721,1377912392,23.47
721,1377912397,23.47
721,1377912402,23.46
721,1377912407,23.46
721,1377912412,23.46
721,1377912417,23.46
721,1377912422,23.47
721,1377912427,23.46
721,1377912432,23.46
721,1377912437,23.47
721,1377912442,23.46
721,1377912447,23.47
721,1377912452,23.47
721,1377912457,23.48
721,1377912462,23.47
721,1377912467,23.47
721,1377912472,23.48
721,1377912482,23.47
721,1377912487,23.47
721,1377912492,23.47
721,1377912497,23.48
721,1377912502,23.46
721,1377912507,23.48
721,1377912512,23.48
721,1377912517,23.48
721,1377912522,23.48
721,1377912527,23.48
721,1377912532,23.48
721,1377912537,23.48
721,1377912542,23.48
721,1377912547,23.48
721,1377912552,23.49
721,1377912557,23.49
721,1377912562,23.48
721,1377912567,23.48
721,1377912572,23.48
721,1377912577,23.48
721,1377912582,23.49
721,1377912587,23.48
721,1377912592,23.49
721,1377912597,23.5
721,1377912602,23.49
721,1377912607,23.49
721,1377912612,23.48
721,1377912617,23.49
721,1377912622,23.49
721,1377912627,23.49
721,1377912632,23.49
721,1377912637,23.5
721,1377912642,23.5
721,1377912647,23.5
721,1377912652,23.5
721,1377912657,23.5
721,1377912662,23.5
721,1377912667,23.5
721,1377912672,23.5
721,1377912677,23.5
721,1377912682,23.49
721,1377912687,23.49
721,1377912692,23.51
721,1377912697,23.5
721,1377912702,23.5
721,1377912707,23.5
721,1377912712,23.5
721,1377912717,23.5
721,1377912722,23.49
721,1377912727,23.5
721,1377912732,23.5
721,1377912737,23.51
721,1377912742,23.5
721,1377912747,23.51
721,1377912752,23.5
721,1377912757,23.51
721,1377912762,23.5
721,1377912767,23.5
721,1377912772,23.51
721,1377912777,23.51
721,1377912782,23.51
721,1377912787,23.51
721,1377912792,23.51
721,1377912797,23.51
721,1377912802,23.51
721,1377912807,23.5
721,1377912812,23.51
721,1377912817,23.52
721,1377912822,23.51
721,1377912827,23.52
721,1377912832,23.51
721,1377912837,23.51
721,1377912842,23.51
721,1377912847,23.5
721,1377912852,23.52
721,1377912857,23.52
721,1377912862,23.51
721,1377912867,23.51
721,1377912872,23.52
721,1377912877,23.53
721,1377912882,23.52
721,1377912887,23.51
721,1377912892,23.51
721,1377912897,23.52
721,1377912902,23.52
721,1377912907,23.52
721,1377912912,23.53
721,1377912917,23.52
721,1377912922,23.51
721,1377912927,23.52
721,1377912932,23.52
721,1377912937,23.53
721,1377912942,23.52
721,1377912947,23.52
721,1377912952,23.52
721,1377912957,23.52
721,1377912962,23.52
721,1377912967,23.53
721,1377912972,23.53
721,1377912977,23.53
721,1377912982,23.54
721,1377912987,23.52
721,1377912992,23.53
721,1377912997,23.54
721,1377913002,23.53
721,1377913007,23.53
721,1377913012,23.53
721,1377913017,23.53
721,1377913022,23.53
721,1377913027,23.54
721,1377913032,23.54
721,1377913037,23.55
721,1377913042,23.55
721,1377913047,23.54
721,1377913052,23.54
721,1377913057,23.54
721,1377913062,23.54
721,1377913067,23.54
721,1377913072,23.55
721,1377913077,23.55
721,1377913082,23.54
721,1377913087,23.53
721,1377913092,23.54
721,1377913097,23.54
721,1377913102,23.54
721,1377913107,23.53
721,1377913112,23.55
721,1377913117,23.53
721,1377913122,23.55
721,1377913127,23.54
721,1377913132,23.55
721,1377913137,23.55
721,1377913142,23.55
721,1377913147,23.55
721,1377913152,23.54
721,1377913157,23.56
721,1377913162,23.56
721,1377913167,23.56
721,1377913172,23.55
721,1377913177,23.56
721,1377913182,23.56
721,1377913187,23.56
721,1377913194,23.55
721,1377913197,23.56
721,1377913202,23.56
721,1377913207,23.56
721,1377913212,23.56
721,1377913217,23.56
721,1377913222,23.57
721,1377913227,23.56
721,1377913232,23.56
721,1377913237,23.58
721,1377913242,23.56
721,1377913247,23.56
721,1377913252,23.56
721,1377913257,23.56
721,1377913262,23.56
721,1377913267,23.57
721,1377913272,23.56
721,1377913277,23.57
721,1377913282,23.56
721,1377913287,23.58
721,1377913292,23.57
721,1377913297,23.58
721,1377913302,23.58
721,1377913307,23.58
721,1377913312,23.57
721,1377913317,23.58
721,1377913322,23.58
721,1377913327,23.58
721,1377913332,23.58
721,1377913337,23.58
721,1377913342,23.58
721,1377913347,23.58
721,1377913352,23.57
721,1377913357,23.57
721,1377913362,23.58
721,1377913367,23.59
721,1377913372,23.57
721,1377913377,23.59
721,1377913382,23.58
721,1377913387,23.58
721,1377913392,23.58
721,1377913397,23.58
721,1377913402,23.58
721,1377913407,23.58
721,1377913412,23.59
721,1377913417,23.58
721,1377913422,23.58
721,1377913427,23.58
721,1377913432,23.58
721,1377913437,23.58
721,1377913442,23.59
721,1377913447,23.6
721,1377913452,23.59
721,1377913457,23.58
721,1377913462,23.59
721,1377913467,23.58
721,1377913472,23.59
721,1377913477,23.57
721,1377913482,23.6
721,1377913487,23.58
721,1377913492,23.59
721,1377913497,23.59
721,1377913502,23.59
721,1377913507,23.6
721,1377913512,23.59
721,1377913517,23.59
721,1377913522,23.6
721,1377913527,23.6
721,1377913532,23.6
721,1377913537,23.6
721,1377913542,23.6
721,1377913547,23.6
721,1377913552,23.6
721,1377913557,23.61
721,1377913562,23.6
721,1377913567,23.6
721,1377913572,23.61
721,1377913577,23.6
721,1377913582,23.61
721,1377913587,23.61
721,1377913592,23.6
721,1377913597,23.6
721,1377913602,23.6
721,1377913607,23.61
721,1377913612,23.61
721,1377913617,23.6
721,1377913622,23.62
721,1377913627,23.6
721,1377913632,23.61
721,1377913637,23.62
721,1377913642,23.61
721,1377913647,23.61
721,1377913652,23.61
721,1377913657,23.61
721,1377913662,23.62
721,1377913667,23.63
721,1377913672,23.61
721,1377913677,23.61
721,1377913682,23.62
721,1377913687,23.62
721,1377913692,23.62
721,1377913697,23.61
721,1377913702,23.62
721,1377913707,23.62
721,1377913712,23.62
721,1377913717,23.62
721,1377913722,23.63
721,1377913727,23.63
721,1377913732,23.63
721,1377913737,23.62
721,1377913742,23.62
721,1377913747,23.62
721,1377913752,23.64
721,1377913757,23.63
721,1377913762,23.62
721,1377913767,23.63
721,1377913772,23.62
721,1377913777,23.64
721,1377913782,23.63
721,1377913787,23.62
721,1377913792,23.63
721,1377913797,23.62
721,1377913802,23.64
721,1377913807,23.63
721,1377913812,23.62
721,1377913817,23.64
721,1377913822,23.63
721,1377913827,23.62
721,1377913832,23.64
721,1377913837,23.62
721,1377913842,23.63
721,1377913847,23.63
721,1377913852,23.64
721,1377913857,23.64
721,1377913862,23.64
721,1377913867,23.64
721,1377913872,23.63
721,1377913877,23.63
721,1377913882,23.63
721,1377913887,23.65
721,1377913892,23.64
721,1377913897,23.63
721,1377913902,23.64
721,1377913907,23.63
721,1377913916,23.64
721,1377913917,23.63
721,1377913922,23.63
721,1377913927,23.64
721,1377913932,23.63
721,1377913937,23.64
721,1377913942,23.64
721,1377913947,23.64
721,1377913952,23.64
721,1377913957,23.65
721,1377913962,23.64
721,1377913967,23.64
721,1377913972,23.64
721,1377913977,23.64
721,1377913982,23.64
721,1377913987,23.64
721,1377913992,23.64
721,1377913997,23.64
721,1377914002,23.65
721,1377914007,23.66
721,1377914012,23.64
721,1377914017,23.65
721,1377914022,23.65
721,1377914027,23.65
721,1377914032,23.64
721,1377914037,23.66
721,1377914042,23.66
721,1377914047,23.65
721,1377914052,23.65
721,1377914057,23.65
721,1377914062,23.64
721,1377914067,23.65
721,1377914072,23.66
721,1377914077,23.65
721,1377914082,23.66
721,1377914087,23.66
721,1377914092,23.65
721,1377914097,23.65
721,1377914102,23.66
721,1377914107,23.65
721,1377914112,23.65
721,1377914117,23.65
721,1377914122,23.66
721,1377914127,23.66
721,1377914132,23.66
721,1377914137,23.66
721,1377914142,23.64
721,1377914147,23.65
721,1377914152,23.66
721,1377914157,23.66
721,1377914162,23.66
721,1377914167,23.66
721,1377914172,23.66
721,1377914177,23.67
721,1377914182,23.66
721,1377914187,23.66
721,1377914192,23.66
721,1377914197,23.65
721,1377914202,23.66
721,1377914207,23.66
721,1377914212,23.67
721,1377914217,23.66
721,1377914222,23.66
721,1377914227,23.66
721,1377914232,23.66
721,1377914237,23.66
721,1377914242,23.65
721,1377914247,23.67
721,1377914252,23.68
721,1377914257,23.66
721,1377914262,23.66
721,1377914267,23.67
721,1377914272,23.68
721,1377914277,23.68
721,1377914282,23.67
721,1377914287,23.68
721,1377914292,23.67
721,1377914297,23.67
721,1377914302,23.67
721,1377914307,23.68
721,1377914312,23.66
721,1377914317,23.68
721,1377914322,23.68
721,1377914327,23.68
721,1377914332,23.66
721,1377914337,23.68
721,1377914342,23.68
721,1377914347,23.67
721,1377914352,23.68
721,1377914357,23.68
721,1377914362,23.68
721,1377914367,23.68
721,1377914372,23.67
721,1377914377,23.68
721,1377914382,23.68
721,1377914387,23.68
721,1377914392,23.68
721,1377914397,23.67
721,1377914402,23.68
721,1377914407,23.68
721,1377914412,23.67
721,1377914417,23.68
721,1377914422,23.67
721,1377914427,23.68
721,1377914432,23.67
721,1377914437,23.68
721,1377914442,23.68
721,1377914447,23.68
721,1377914452,23.68
721,1377914457,23.68
721,1377914462,23.68
721,1377914467,23.69
721,1377914472,23.69
721,1377914477,23.69
721,1377914482,23.68
721,1377914487,23.69
721,1377914492,23.69
721,1377914497,23.69
721,1377914502,23.68
721,1377914507,23.68
721,1377914512,23.69
721,1377914517,23.68
721,1377914522,23.68
721,1377914527,23.68
721,1377914532,23.69
721,1377914537,23.68
721,1377914542,23.7
721,1377914547,23.68
721,1377914552,23.68
721,1377914557,23.68
721,1377914562,23.68
721,1377914567,23.69
721,1377914572,23.69
721,1377914577,23.69
721,1377914582,23.7
721,1377914587,23.7
721,1377914592,23.7
721,1377914597,23.69
721,1377914602,23.68
721,1377914607,23.69
721,1377914612,23.69
721,1377914617,23.69
721,1377914622,23.68
721,1377914627,23.69
721,1377914632,23.69
721,1377914637,23.69
721,1377914642,23.69
721,1377914647,23.68
721,1377914652,23.69
721,1377914657,23.69
721,1377914662,23.69
721,1377914667,23.7
721,1377914672,23.69
721,1377914677,23.7
721,1377914682,23.7
721,1377914687,23.69
721,1377914692,23.7
721,1377914697,23.69
721,1377914707,23.7
721,1377914712,23.69
721,1377914717,23.69
721,1377914722,23.7
721,1377914727,23.71
721,1377914732,23.7
721,1377914737,23.69
721,1377914743,23.71
721,1377914747,23.7
721,1377914752,23.7
721,1377914757,23.7
721,1377914762,23.7
721,1377914767,23.7
721,1377914772,23.7
721,1377914777,23.7
721,1377914782,23.71
721,1377914787,23.71
721,1377914792,23.7
721,1377914797,23.71
721,1377914802,23.72
721,1377914807,23.7
721,1377914812,23.71
721,1377914817,23.7
721,1377914822,23.71
721,1377914827,23.7
721,1377914832,23.71
721,1377914837,23.72
721,1377914842,23.71
721,1377914847,23.72
721,1377914852,23.71
721,1377914857,23.71
721,1377914862,23.7
721,1377914867,23.71
721,1377914872,23.71
721,1377914877,23.7
721,1377914882,23.72
721,1377914887,23.71
721,1377914892,23.71
721,1377914897,23.71
721,1377914902,23.71
721,1377914907,23.71
721,1377914912,23.71
721,1377914917,23.71
721,1377914922,23.71
721,1377914927,23.72
721,1377914932,23.71
721,1377914937,23.71
721,1377914942,23.72
721,1377914947,23.72
721,1377914952,23.71
721,1377914957,23.72
721,1377914962,23.71
721,1377914967,23.71
721,1377914972,23.72
721,1377914977,23.72
721,1377914982,23.72
721,1377914987,23.72
721,1377914992,23.72
721,1377914997,23.72
721,1377915002,23.72
721,1377915007,23.71
721,1377915012,23.72
721,1377915017,23.72
721,1377915022,23.72
721,1377915027,23.71
721,1377915032,23.72
721,1377915037,23.73
721,1377915042,23.72
721,1377915047,23.73
721,1377915052,23.72
721,1377915057,23.72
721,1377915062,23.72
721,1377915067,23.73
721,1377915072,23.73
721,1377915077,23.73
721,1377915082,23.72
721,1377915087,23.72
721,1377915092,23.72
721,1377915097,23.72
721,1377915102,23.72
721,1377915107,23.73
721,1377915112,23.73
721,1377915117,23.72
721,1377915122,23.72
721,1377915127,23.72
721,1377915132,23.72
721,1377915137,23.72
721,1377915142,23.72
721,1377915147,23.72
721,1377915152,23.72
721,1377915157,23.72
721,1377915162,23.73
721,1377915167,23.73
721,1377915172,23.72
721,1377915177,23.74
721,1377915182,23.72
721,1377915187,23.72
721,1377915192,23.74
721,1377915197,23.72
721,1377915202,23.73
721,1377915207,23.73
721,1377915212,23.73
721,1377915217,23.72
721,1377915222,23.72
721,1377915227,23.73
721,1377915232,23.72
721,1377915237,23.72
721,1377915242,23.72
721,1377915247,23.72
721,1377915252,23.73
721,1377915257,23.73
721,1377915262,23.73
721,1377915267,23.73
721,1377915272,23.72
721,1377915277,23.72
721,1377915282,23.73
721,1377915287,23.73
721,1377915292,23.72
721,1377915297,23.73
721,1377915302,23.74
721,1377915307,23.74
721,1377915312,23.74
721,1377915317,23.74
721,1377915322,23.72
721,1377915327,23.72
721,1377915332,23.73
721,1377915337,23.74
721,1377915342,23.73
721,1377915347,23.74
721,1377915352,23.72
721,1377915357,23.73
721,1377915362,23.73
721,1377915367,23.74
721,1377915372,23.73
721,1377915377,23.74
721,1377915382,23.74
721,1377915387,23.73
721,1377915392,23.73
721,1377915397,23.74
721,1377915402,23.75
721,1377915407,23.74
721,1377915412,23.74
721,1377915417,23.74
721,1377915426,23.72
721,1377915427,23.73
721,1377915432,23.72
721,1377915437,23.74
721,1377915442,23.72
721,1377915447,23.72
721,1377915452,23.73
721,1377915457,23.74
721,1377915462,23.74
721,1377915467,23.73
721,1377915472,23.72
721,1377915477,23.73
721,1377915482,23.73
721,1377915487,23.74
721,1377915492,23.73
721,1377915497,23.73
721,1377915502,23.73
721,1377915507,23.73
721,1377915512,23.74
721,1377915517,23.74
721,1377915522,23.74
721,1377915527,23.73
721,1377915532,23.75
721,1377915537,23.74
721,1377915542,23.73
721,1377915547,23.74
721,1377915552,23.73
721,1377915557,23.74
721,1377915562,23.74
721,1377915567,23.73
721,1377915572,23.75
721,1377915577,23.74
721,1377915582,23.74
721,1377915587,23.74
721,1377915592,23.73
721,1377915597,23.74
721,1377915602,23.73
721,1377915607,23.74
721,1377915612,23.74
721,1377915617,23.75
721,1377915622,23.73
721,1377915627,23.74
721,1377915633,23.73
721,1377915637,23.74
721,1377915642,23.74
721,1377915647,23.75
721,1377915652,23.74
721,1377915657,23.74
721,1377915662,23.73
721,1377915667,23.73
721,1377915672,23.74
721,1377915677,23.74
721,1377915682,23.74
721,1377915687,23.74
721,1377915692,23.73
721,1377915697,23.74
721,1377915702,23.74
721,1377915707,23.74
721,1377915712,23.74
721,1377915717,23.74
721,1377915722,23.74
721,1377915727,23.74
721,1377915732,23.74
721,1377915737,23.74
721,1377915742,23.74
721,1377915747,23.75
721,1377915752,23.74
721,1377915757,23.74
721,1377915762,23.73
721,1377915767,23.73
721,1377915772,23.73
721,1377915777,23.73
721,1377915782,23.73
721,1377915787,23.74
721,1377915792,23.74
721,1377915797,23.73
721,1377915802,23.75
721,1377915807,23.74
721,1377915812,23.74
721,1377915817,23.75
721,1377915822,23.73
721,1377915827,23.74
721,1377915832,23.74
721,1377915837,23.74
721,1377915842,23.74
721,1377915847,23.73
721,1377915852,23.73
721,1377915857,23.74
721,1377915862,23.74
721,1377915867,23.74
721,1377915872,23.74
721,1377915877,23.74
721,1377915882,23.73
721,1377915894,23.74
721,1377915897,23.73
721,1377915902,23.74
721,1377915907,23.74
721,1377915912,23.73
721,1377915917,23.73
721,1377915922,23.74
721,1377915927,23.74
721,1377915932,23.74
721,1377915937,23.74
721,1377915942,23.74
721,1377915947,23.74
721,1377915952,23.73
721,1377915957,23.74
721,1377915962,23.74
721,1377915967,23.74
721,1377915972,23.74
721,1377915977,23.75
721,1377915982,23.74
721,1377915987,23.73
721,1377915992,23.74
721,1377915997,23.72
721,1377916002,23.73
721,1377916007,23.74
721,1377916012,23.73
721,1377916017,23.75
721,1377916022,23.73
721,1377916027,23.75
721,1377916032,23.74
721,1377916037,23.74
721,1377916042,23.75
721,1377916047,23.75
721,1377916052,23.73
721,1377916057,23.74
721,1377916062,23.74
721,1377916067,23.74
721,1377916072,23.74
721,1377916077,23.73
721,1377916082,23.73
721,1377916087,23.74
721,1377916092,23.74
721,1377916097,23.73
721,1377916102,23.73
721,1377916107,23.74
721,1377916116,23.73
721,1377916117,23.74
721,1377916122,23.73
721,1377916127,23.72
721,1377916132,23.74
721,1377916137,23.74
721,1377916142,23.74
721,1377916147,23.74
721,1377916152,23.73
721,1377916157,23.73
721,1377916162,23.73
721,1377916167,23.72
721,1377916172,23.74
721,1377916177,23.73
721,1377916182,23.73
721,1377916187,23.74
721,1377916192,23.73
721,1377916197,23.73
721,1377916202,23.73
721,1377916207,23.74
721,1377916212,23.72
721,1377916217,23.73
721,1377916222,23.73
721,1377916227,23.73
721,1377916232,23.74
721,1377916237,23.73
721,1377916242,23.73
721,1377916247,23.73
721,1377916252,23.72
721,1377916257,23.72
721,1377916262,23.73
721,1377916267,23.72
721,1377916272,23.72
721,1377916277,23.72
721,1377916282,23.74
721,1377916287,23.73
721,1377916292,23.73
721,1377916297,23.72
721,1377916302,23.72
721,1377916307,23.73
721,1377916312,23.74
721,1377916317,23.72
721,1377916322,23.74
721,1377916327,23.72
721,1377916332,23.73
721,1377916337,23.73
721,1377916342,23.73
721,1377916347,23.72
721,1377916352,23.72
721,1377916357,23.74
721,1377916362,23.73
721,1377916367,23.74
721,1377916372,23.73
721,1377916377,23.74
721,1377916382,23.73
721,1377916387,23.73
721,1377916392,23.72
721,1377916397,23.72
721,1377916402,23.73
721,1377916407,23.73
721,1377916412,23.72
721,1377916417,23.73
721,1377916422,23.72
721,1377916427,23.72
721,1377916432,23.72
721,1377916437,23.72
721,1377916442,23.72
721,1377916447,23.71
721,1377916452,23.72
721,1377916457,23.72
721,1377916462,23.72
721,1377916467,23.72
721,1377916472,23.72
721,1377916477,23.72
721,1377916482,23.72
721,1377916487,23.72
721,1377916492,23.71
721,1377916497,23.72
721,1377916502,23.71
721,1377916507,23.72
721,1377916512,23.72
721,1377916517,23.72
721,1377916522,23.72
721,1377916527,23.72
721,1377916532,23.72
721,1377916537,23.71
721,1377916542,23.71
721,1377916547,23.72
721,1377916552,23.71
721,1377916557,23.71
721,1377916562,23.71
721,1377916567,23.7
721,1377916572,23.7
721,1377916577,23.72
721,1377916582,23.7
721,1377916587,23.72
721,1377916592,23.71
721,1377916597,23.71
721,1377916602,23.71
721,1377916607,23.7
721,1377916612,23.71
721,1377916617,23.7
721,1377916622,23.7
721,1377916627,23.7
721,1377916632,23.7
721,1377916637,23.7
721,1377916642,23.71
721,1377916647,23.71
721,1377916652,23.71
721,1377916657,23.71
721,1377916662,23.7
721,1377916667,23.7
721,1377916672,23.71
721,1377916677,23.7
721,1377916682,23.71
721,1377916687,23.7
721,1377916692,23.7
721,1377916697,23.7
721,1377916702,23.7
721,1377916707,23.7
721,1377916712,23.7
721,1377916717,23.7
721,1377916722,23.7
721,1377916727,23.7
721,1377916732,23.7
721,1377916737,23.7
721,1377916742,23.69
721,1377916747,23.7
721,1377916752,23.7
721,1377916757,23.69
721,1377916762,23.7
721,1377916767,23.7
721,1377916772,23.69
721,1377916777,23.7
721,1377916782,23.69
721,1377916787,23.69
721,1377916792,23.7
721,1377916797,23.69
721,1377916802,23.69
721,1377916807,23.69
721,1377916812,23.7
721,1377916817,23.69
721,1377916822,23.69
721,1377916827,23.68
721,1377916832,23.69
721,1377916837,23.68
721,1377916842,23.68
721,1377916847,23.69
721,1377916853,23.68
721,1377916857,23.68
721,1377916862,23.68
721,1377916867,23.68
721,1377916872,23.68
721,1377916877,23.68
721,1377916882,23.67
721,1377916887,23.68
721,1377916892,23.68
721,1377916897,23.68
721,1377916902,23.68
721,1377916907,23.66
721,1377916912,23.68
721,1377916917,23.68
721,1377916922,23.66
721,1377916927,23.68
721,1377916932,23.67
721,1377916937,23.66
721,1377916942,23.67
721,1377916947,23.68
721,1377916952,23.68
721,1377916957,23.68
721,1377916962,23.67
721,1377916967,23.67
721,1377916972,23.68
721,1377916977,23.68
721,1377916982,23.68
721,1377916987,23.67
721,1377916992,23.67
721,1377916997,23.67
721,1377917002,23.66
721,1377917007,23.66
721,1377917012,23.66
721,1377917017,23.66
721,1377917022,23.66
721,1377917027,23.66
721,1377917032,23.65
721,1377917037,23.67
721,1377917042,23.67
721,1377917047,23.67
721,1377917052,23.66
721,1377917057,23.66
721,1377917062,23.66
721,1377917067,23.66
721,1377917072,23.65
721,1377917077,23.65
721,1377917082,23.64
721,1377917087,23.65
721,1377917092,23.64
721,1377917097,23.66
721,1377917102,23.65
721,1377917107,23.64
721,1377917112,23.66
721,1377917117,23.66
721,1377917122,23.65
721,1377917127,23.65
721,1377917132,23.65
721,1377917137,23.64
721,1377917142,23.65
721,1377917147,23.64
721,1377917152,23.65
721,1377917157,23.65
721,1377917162,23.65
721,1377917167,23.64
721,1377917172,23.64
721,1377917177,23.64
721,1377917182,23.64
721,1377917187,23.64
721,1377917192,23.65
721,1377917197,23.64
721,1377917202,23.64
721,1377917207,23.64
721,1377917212,23.64
721,1377917217,23.64
721,1377917222,23.64
721,1377917227,23.64
721,1377917232,23.64
721,1377917237,23.64
721,1377917242,23.65
721,1377917247,23.64
721,1377917252,23.64
721,1377917257,23.64
721,1377917262,23.64
721,1377917267,23.64
721,1377917272,23.63
721,1377917277,23.63
721,1377917282,23.62
721,1377917287,23.63
721,1377917292,23.63
721,1377917297,23.63
721,1377917302,23.64
721,1377917307,23.63
721,1377917312,23.63
721,1377917317,23.64
721,1377917322,23.62
721,1377917327,23.62
721,1377917332,23.63
721,1377917337,23.64
721,1377917342,23.63
721,1377917347,23.63
721,1377917352,23.63
721,1377917357,23.62
721,1377917362,23.62
721,1377917367,23.62
721,1377917372,23.62
721,1377917377,23.62
721,1377917382,23.62
721,1377917387,23.63
721,1377917392,23.62
721,1377917397,23.62
721,1377917402,23.62
721,1377917407,23.61
721,1377917412,23.63
721,1377917417,23.62
721,1377917422,23.62
721,1377917427,23.62
721,1377917432,23.61
721,1377917437,23.62
721,1377917442,23.63
721,1377917447,23.62
721,1377917452,23.62
721,1377917457,23.6
721,1377917462,23.61
721,1377917467,23.62
721,1377917472,23.62
721,1377917477,23.62
721,1377917482,23.61
721,1377917487,23.62
721,1377917492,23.62
721,1377917497,23.61
721,1377917502,23.62
721,1377917507,23.62
721,1377917512,23.62
721,1377917517,23.61
721,1377917522,23.6
721,1377917527,23.6
721,1377917532,23.6
721,1377917537,23.61
721,1377917542,23.61
721,1377917547,23.61
721,1377917552,23.61
721,1377917557,23.6
721,1377917562,23.61
721,1377917567,23.6
721,1377917572,23.61
721,1377917577,23.61
721,1377917582,23.6
721,1377917587,23.61
721,1377917592,23.62
721,1377917597,23.6
721,1377917602,23.61
721,1377917609,23.6
721,1377917612,23.6
721,1377917617,23.61
721,1377917622,23.6
721,1377917627,23.61
721,1377917632,23.6
721,1377917637,23.61
721,1377917642,23.6
721,1377917647,23.61
721,1377917652,23.61
721,1377917657,23.61
721,1377917662,23.6
721,1377917667,23.62
721,1377917672,23.61
721,1377917677,23.6
721,1377917682,23.6
721,1377917687,23.6
721,1377917692,23.6
721,1377917697,23.6
721,1377917702,23.6
721,1377917707,23.61
721,1377917712,23.6
721,1377917717,23.59
721,1377917722,23.6
721,1377917727,23.6
721,1377917732,23.6
721,1377917737,23.6
721,1377917742,23.58
721,1377917747,23.6
721,1377917752,23.59
721,1377917757,23.59
721,1377917762,23.6
721,1377917767,23.6
721,1377917772,23.59
721,1377917777,23.58
721,1377917782,23.6
721,1377917787,23.59
721,1377917792,23.59
721,1377917797,23.57
721,1377917802,23.58
721,1377917807,23.59
721,1377917812,23.58
721,1377917817,23.58
721,1377917822,23.59
721,1377917827,23.59
721,1377917832,23.57
721,1377917837,23.58
721,1377917842,23.58
721,1377917847,23.59
721,1377917852,23.58
721,1377917857,23.58
721,1377917862,23.58
721,1377917867,23.59
721,1377917872,23.58
721,1377917877,23.58
721,1377917882,23.58
721,1377917887,23.58
721,1377917892,23.58
721,1377917897,23.59
721,1377917902,23.58
721,1377917907,23.59
721,1377917912,23.58
721,1377917917,23.57
721,1377917922,23.58
721,1377917927,23.57
721,1377917932,23.58
721,1377917937,23.58
721,1377917942,23.57
721,1377917947,23.58
721,1377917952,23.57
721,1377917957,23.58
721,1377917962,23.56
721,1377917967,23.56
721,1377917972,23.57
721,1377917977,23.58
721,1377917982,23.57
721,1377917987,23.56
721,1377917992,23.57
721,1377917997,23.57
721,1377918002,23.58
721,1377918007,23.57
721,1377918012,23.57
721,1377918017,23.57
721,1377918022,23.57
721,1377918027,23.56
721,1377918032,23.57
721,1377918037,23.57
721,1377918042,23.56
721,1377918047,23.57
721,1377918052,23.56
721,1377918057,23.57
721,1377918062,23.56
721,1377918067,23.56
721,1377918072,23.56
721,1377918077,23.57
721,1377918082,23.56
721,1377918087,23.56
721,1377918092,23.56
721,1377918097,23.56
721,1377918102,23.56
721,1377918107,23.56
721,1377918112,23.56
721,1377918117,23.55
721,1377918122,23.57
721,1377918127,23.56
721,1377918132,23.55
721,1377918137,23.56
721,1377918142,23.56
721,1377918147,23.56
721,1377918152,23.56
721,1377918157,23.56
721,1377918162,23.56
721,1377918167,23.55
721,1377918172,23.56
721,1377918177,23.55
721,1377918182,23.54
721,1377918187,23.55
721,1377918193,23.55
721,1377918197,23.55
721,1377918202,23.54
721,1377918207,23.54
721,1377918212,23.54
721,1377918217,23.54
721,1377918222,23.54
721,1377918227,23.54
721,1377918232,23.54
721,1377918237,23.54
721,1377918242,23.55
721,1377918247,23.55
721,1377918252,23.54
721,1377918257,23.53
721,1377918262,23.54
721,1377918267,23.53
721,1377918272,23.53
721,1377918277,23.54
721,1377918282,23.55
721,1377918287,23.54
721,1377918292,23.54
721,1377918297,23.54
721,1377918302,23.53
721,1377918307,23.54
721,1377918312,23.54
721,1377918317,23.54
721,1377918322,23.54
721,1377918327,23.54
721,1377918332,23.52
721,1377918337,23.52
721,1377918342,23.54
721,1377918347,23.53
721,1377918352,23.54
721,1377918357,23.52
721,1377918362,23.53
721,1377918367,23.52
721,1377918372,23.52
721,1377918377,23.52
721,1377918382,23.52
721,1377918387,23.52
721,1377918396,23.53
721,1377918397,23.52
721,1377918402,23.52
721,1377918407,23.52
721,1377918412,23.51
721,1377918417,23.52
721,1377918422,23.52
721,1377918427,23.52
721,1377918432,23.52
721,1377918437,23.52
721,1377918442,23.52
721,1377918447,23.52
721,1377918452,23.51
721,1377918457,23.52
721,1377918462,23.51
721,1377918467,23.51
721,1377918472,23.52
721,1377918477,23.52
721,1377918482,23.53
721,1377918487,23.51
721,1377918492,23.52
721,1377918497,23.52
721,1377918502,23.53
721,1377918507,23.51
721,1377918512,23.52
721,1377918517,23.51
721,1377918522,23.5
721,1377918527,23.51
721,1377918532,23.51
721,1377918537,23.52
721,1377918542,23.51
721,1377918547,23.51
721,1377918552,23.5
721,1377918557,23.51
721,1377918562,23.51
721,1377918567,23.51
721,1377918572,23.51
721,1377918577,23.51
721,1377918582,23.51
721,1377918587,23.5
721,1377918592,23.5
721,1377918597,23.51
721,1377918602,23.5
721,1377918607,23.5
721,1377918612,23.5
721,1377918617,23.5
721,1377918622,23.5
721,1377918627,23.5
721,1377918632,23.5
721,1377918637,23.5
721,1377918642,23.5
721,1377918647,23.49
721,1377918652,23.49
721,1377918657,23.49
721,1377918662,23.5
721,1377918667,23.5
721,1377918672,23.49
721,1377918677,23.5
721,1377918682,23.5
721,1377918687,23.5
721,1377918692,23.48
721,1377918697,23.49
721,1377918702,23.5
721,1377918707,23.5
721,1377918712,23.48
721,1377918717,23.48
721,1377918722,23.49
721,1377918727,23.48
721,1377918732,23.48
721,1377918737,23.48
721,1377918742,23.48
721,1377918747,23.48
721,1377918752,23.48
721,1377918757,23.48
721,1377918762,23.48
721,1377918767,23.48
721,1377918772,23.47
721,1377918777,23.48
721,1377918782,23.47
721,1377918787,23.48
721,1377918792,23.47
721,1377918797,23.48
721,1377918802,23.47
721,1377918807,23.47
721,1377918812,23.47
721,1377918817,23.46
721,1377918822,23.47
721,1377918827,23.47
721,1377918832,23.47
721,1377918837,23.48
721,1377918842,23.47
721,1377918847,23.47
721,1377918852,23.47
721,1377918857,23.46
721,1377918862,23.47
721,1377918867,23.47
721,1377918872,23.46
721,1377918877,23.47
721,1377918882,23.46
721,1377918887,23.46
721,1377918892,23.46
721,1377918897,23.46
721,1377918902,23.46
721,1377918907,23.46
721,1377918912,23.46
721,1377918917,23.46
721,1377918922,23.46
721,1377918927,23.46
721,1377918932,23.46
721,1377918937,23.46
721,1377918942,23.45
721,1377918947,23.46
721,1377918952,23.46
721,1377918957,23.45
721,1377918962,23.46
721,1377918967,23.46
721,1377918972,23.47
721,1377918977,23.46
721,1377918982,23.47
721,1377918987,23.46
721,1377918992,23.46
721,1377918997,23.46
721,1377919002,23.45
721,1377919007,23.44
721,1377919012,23.46
721,1377919017,23.46
721,1377919022,23.45
721,1377919027,23.46
721,1377919032,23.46
721,1377919037,23.46
721,1377919042,23.45
721,1377919047,23.45
721,1377919052,23.45
721,1377919057,23.45
721,1377919062,23.45
721,1377919067,23.45
721,1377919072,23.45
721,1377919077,23.44
721,1377919082,23.43
721,1377919087,23.44
721,1377919092,23.44
721,1377919097,23.44
721,1377919102,23.44
721,1377919107,23.45
721,1377919112,23.43
721,1377919117,23.44
721,1377919122,23.46
721,1377919127,23.43
721,1377919132,23.43
721,1377919137,23.44
721,1377919142,23.44
721,1377919147,23.45
721,1377919152,23.44
721,1377919157,23.44
721,1377919162,23.44
721,1377919167,23.44
721,1377919172,23.44
721,1377919177,23.43
721,1377919182,23.44
721,1377919187,23.43
721,1377919192,23.44
721,1377919202,23.42
721,1377919207,23.41
721,1377919212,23.44
721,1377919217,23.43
721,1377919222,23.43
721,1377919227,23.44
721,1377919232,23.42
721,1377919237,23.44
721,1377919242,23.42
721,1377919247,23.43
721,1377919252,23.43
721,1377919257,23.43
721,1377919262,23.42
721,1377919267,23.43
721,1377919272,23.42
721,1377919277,23.43
721,1377919282,23.42
721,1377919287,23.42
721,1377919292,23.42
721,1377919297,23.42
721,1377919302,23.43
721,1377919307,23.42
721,1377919312,23.42
721,1377919317,23.42
721,1377919322,23.42
721,1377919327,23.41
721,1377919332,23.41
721,1377919337,23.42
721,1377919342,23.4
721,1377919347,23.42
721,1377919352,23.41
721,1377919357,23.41
721,1377919362,23.41
721,1377919367,23.41
721,1377919372,23.4
721,1377919377,23.4
721,1377919382,23.41
721,1377919387,23.4
721,1377919392,23.41
721,1377919397,23.4
721,1377919402,23.4
721,1377919407,23.4
721,1377919412,23.4
721,1377919417,23.39
721,1377919422,23.41
721,1377919427,23.39
721,1377919432,23.4
721,1377919437,23.4
721,1377919442,23.4
721,1377919447,23.41
721,1377919452,23.4
721,1377919457,23.4
721,1377919462,23.4
721,1377919467,23.4
721,1377919472,23.4
721,1377919477,23.4
721,1377919482,23.4
721,1377919487,23.4
721,1377919492,23.39
721,1377919497,23.4
721,1377919502,23.39
721,1377919507,23.4
721,1377919512,23.39
721,1377919517,23.41
721,1377919522,23.4
721,1377919527,23.4
721,1377919532,23.4
721,1377919537,23.38
721,1377919542,23.38
721,1377919547,23.38
721,1377919552,23.39
721,1377919557,23.39
721,1377919562,23.39
721,1377919567,23.38
721,1377919572,23.38
721,1377919577,23.4
721,1377919582,23.39
721,1377919587,23.39
721,1377919592,23.38
721,1377919597,23.4
721,1377919602,23.4
721,1377919607,23.4
721,1377919612,23.38
721,1377919617,23.38
721,1377919622,23.39
721,1377919627,23.38
721,1377919632,23.39
721,1377919637,23.39
721,1377919642,23.39
721,1377919647,23.39
721,1377919652,23.38
721,1377919657,23.37
721,1377919662,23.38
721,1377919667,23.38
721,1377919672,23.37
721,1377919677,23.38
721,1377919682,23.38
721,1377919687,23.38
721,1377919692,23.37
721,1377919697,23.38
721,1377919702,23.38
721,1377919707,23.38
721,1377919712,23.38
721,1377919717,23.37
721,1377919722,23.37
721,1377919727,23.38
721,1377919732,23.38
721,1377919737,23.36
721,1377919742,23.38
721,1377919747,23.36
721,1377919752,23.37
721,1377919757,23.36
721,1377919762,23.37
721,1377919767,23.36
721,1377919772,23.37
721,1377919777,23.37
721,1377919782,23.37
721,1377919787,23.36
721,1377919792,23.37
721,1377919797,23.37
721,1377919802,23.37
721,1377919807,23.35
721,1377919812,23.36
721,1377919817,23.35
721,1377919822,23.37
721,1377919827,23.36
721,1377919832,23.35
721,1377919837,23.36
721,1377919842,23.37
721,1377919847,23.35
721,1377919852,23.36
721,1377919857,23.37
721,1377919862,23.37
721,1377919867,23.35
721,1377919872,23.34
721,1377919877,23.35
721,1377919882,23.35
721,1377919887,23.37
721,1377919892,23.35
721,1377919897,23.36
721,1377919902,23.35
721,1377919907,23.35
721,1377919912,23.36
721,1377919917,23.36
721,1377919922,23.36
721,1377919927,23.35
721,1377919932,23.34
721,1377919937,23.35
721,1377919942,23.36
721,1377919947,23.35
721,1377919952,23.35
721,1377919957,23.34
721,1377919962,23.34
721,1377919967,23.34
721,1377919972,23.36
721,1377919977,23.35
721,1377919982,23.35
721,1377919987,23.35
721,1377919992,23.34
721,1377919997,23.34
721,1377920005,23.35
721,1377920007,23.34
721,1377920012,23.34
721,1377920017,23.34
721,1377920022,23.36
721,1377920027,23.34
721,1377920032,23.34
721,1377920037,23.34
721,1377920042,23.32
721,1377920047,23.33
721,1377920052,23.34
721,1377920057,23.33
721,1377920062,23.34
721,1377920067,23.33
721,1377920072,23.33
721,1377920077,23.32
721,1377920082,23.32
721,1377920087,23.32
721,1377920092,23.32
721,1377920097,23.32
721,1377920102,23.32
721,1377920107,23.33
721,1377920112,23.33
721,1377920117,23.32
721,1377920122,23.32
721,1377920127,23.32
721,1377920132,23.34
721,1377920137,23.32
721,1377920142,23.32
721,1377920147,23.32
721,1377920152,23.32
721,1377920157,23.32
721,1377920162,23.33
721,1377920167,23.33
721,1377920172,23.32
721,1377920177,23.32
721,1377920182,23.32
721,1377920187,23.32
721,1377920192,23.32
721,1377920197,23.32
721,1377920202,23.33
721,1377920207,23.32
721,1377920212,23.32
721,1377920217,23.32
721,1377920222,23.32
721,1377920227,23.32
721,1377920232,23.33
721,1377920237,23.32
721,1377920242,23.31
721,1377920247,23.32
721,1377920252,23.31
721,1377920257,23.32
721,1377920262,23.32
721,1377920267,23.3
721,1377920272,23.3
721,1377920277,23.32
721,1377920282,23.31
721,1377920287,23.29
721,1377920292,23.3
721,1377920297,23.32
721,1377920302,23.31
721,1377920307,23.31
721,1377920312,23.3
721,1377920317,23.31
721,1377920322,23.3
721,1377920327,23.3
721,1377920332,23.31
721,1377920337,23.3
721,1377920342,23.3
721,1377920347,23.31
721,1377920352,23.3
721,1377920357,23.3
721,1377920362,23.3
721,1377920367,23.29
721,1377920372,23.3
721,1377920377,23.29
721,1377920382,23.3
721,1377920387,23.3
721,1377920392,23.3
721,1377920397,23.3
721,1377920402,23.29
721,1377920407,23.29
721,1377920412,23.3
721,1377920417,23.29
721,1377920422,23.29
721,1377920427,23.3
721,1377920432,23.3
721,1377920437,23.29
721,1377920442,23.29
721,1377920447,23.28
721,1377920452,23.3
721,1377920457,23.28
721,1377920462,23.29
721,1377920467,23.3
721,1377920472,23.28
721,1377920477,23.29
721,1377920482,23.28
721,1377920487,23.28
721,1377920492,23.29
721,1377920497,23.29
721,1377920502,23.29
721,1377920507,23.29
721,1377920512,23.29
721,1377920517,23.29
721,1377920522,23.28
721,1377920527,23.28
721,1377920532,23.27
721,1377920537,23.28
721,1377920542,23.27
721,1377920547,23.28
721,1377920552,23.27
721,1377920557,23.28
721,1377920562,23.28
721,1377920567,23.28
721,1377920572,23.26
721,1377920577,23.27
721,1377920582,23.27
721,1377920587,23.28
721,1377920592,23.28
721,1377920597,23.27
721,1377920602,23.27
721,1377920607,23.27
721,1377920612,23.28
721,1377920617,23.27
721,1377920622,23.27
721,1377920627,23.26
721,1377920632,23.27
721,1377920637,23.27
721,1377920642,23.27
721,1377920647,23.28
721,1377920652,23.26
721,1377920657,23.26
721,1377920662,23.27
721,1377920667,23.27
721,1377920672,23.25
721,1377920677,23.26
721,1377920682,23.26
721,1377920687,23.26
721,1377920692,23.26
721,1377920697,23.27
721,1377920702,23.26
721,1377920707,23.26
721,1377920712,23.26
721,1377920717,23.24
721,1377920722,23.26
721,1377920727,23.25
721,1377920732,23.25
721,1377920737,23.25
721,1377920742,23.25
721,1377920747,23.25
721,1377920752,23.25
721,1377920757,23.26
721,1377920762,23.26
721,1377920767,23.25
721,1377920772,23.24
721,1377920777,23.25
721,1377920782,23.25
721,1377920787,23.25
721,1377920792,23.26
721,1377920797,23.24
721,1377920805,23.25
721,1377920807,23.24
721,1377920812,23.26
721,1377920817,23.24
721,1377920822,23.26
721,1377920827,23.25
721,1377920832,23.24
721,1377920837,23.25
721,1377920842,23.24
721,1377920847,23.24
721,1377920852,23.24
721,1377920857,23.24
721,1377920862,23.24
721,1377920867,23.24
721,1377920872,23.24
721,1377920877,23.24
721,1377920882,23.23
721,1377920887,23.23
721,1377920892,23.25
721,1377920897,23.24
721,1377920902,23.23
721,1377920907,23.23
721,1377920912,23.23
721,1377920917,23.24
721,1377920922,23.22
721,1377920927,23.24
721,1377920932,23.24
721,1377920937,23.23
721,1377920942,23.24
721,1377920947,23.24
721,1377920952,23.22
721,1377920957,23.22
721,1377920962,23.22
721,1377920967,23.22
721,1377920972,23.22
721,1377920977,23.22
721,1377920982,23.23
721,1377920987,23.23
721,1377920992,23.22
721,1377920997,23.23
721,1377921002,23.22
721,1377921007,23.22
721,1377921012,23.22
721,1377921017,23.21
721,1377921022,23.23
721,1377921027,23.21
721,1377921032,23.21
721,1377921037,23.22
721,1377921042,23.21
721,1377921047,23.2
721,1377921052,23.21
721,1377921057,23.2
721,1377921062,23.21
721,1377921067,23.22
721,1377921072,23.22
721,1377921077,23.22
721,1377921082,23.21
721,1377921087,23.21
721,1377921092,23.21
721,1377921097,23.2
721,1377921102,23.22
721,1377921107,23.22
721,1377921112,23.21
721,1377921117,23.21
721,1377921122,23.22
721,1377921127,23.2
721,1377921132,23.2
721,1377921137,23.2
721,1377921142,23.2
721,1377921147,23.19
721,1377921152,23.2
721,1377921157,23.2
721,1377921162,23.21
721,1377921167,23.2
721,1377921172,23.2
721,1377921177,23.2
721,1377921182,23.2
721,1377921187,23.2
721,1377921192,23.2
721,1377921197,23.2
721,1377921202,23.19
721,1377921207,23.19
721,1377921212,23.19
721,1377921217,23.2
721,1377921222,23.19
721,1377921227,23.2
721,1377921232,23.2
721,1377921237,23.19
721,1377921242,23.2
721,1377921247,23.2
721,1377921252,23.19
721,1377921257,23.18
721,1377921262,23.19
721,1377921267,23.19
721,1377921272,23.19
721,1377921277,23.19
721,1377921282,23.19
721,1377921287,23.18
721,1377921292,23.18
721,1377921297,23.18
721,1377921302,23.18
721,1377921307,23.19
721,1377921312,23.19
721,1377921317,23.18
721,1377921322,23.18
721,1377921327,23.18
721,1377921332,23.18
721,1377921337,23.18
721,1377921342,23.18
721,1377921347,23.18
721,1377921352,23.18
721,1377921357,23.18
721,1377921362,23.16
721,1377921367,23.18
721,1377921372,23.18
721,1377921377,23.17
721,1377921382,23.17
721,1377921387,23.18
721,1377921392,23.17
721,1377921397,23.17
721,1377921402,23.17
721,1377921407,23.16
721,1377921412,23.16
721,1377921417,23.18
721,1377921422,23.18
721,1377921427,23.18
721,1377921432,23.17
721,1377921437,23.18
721,1377921442,23.18
721,1377921447,23.16
721,1377921452,23.16
721,1377921457,23.16
721,1377921462,23.16
721,1377921467,23.16
721,1377921472,23.17
721,1377921477,23.18
721,1377921482,23.17
721,1377921487,23.16
721,1377921492,23.16
721,1377921497,23.15
721,1377921502,23.17
721,1377921510,23.17
721,1377921512,23.15
721,1377921517,23.16
721,1377921522,23.16
721,1377921527,23.14
721,1377921532,23.15
721,1377921537,23.16
721,1377921542,23.15
721,1377921547,23.15
721,1377921552,23.16
721,1377921557,23.15
721,1377921562,23.15
721,1377921567,23.15
721,1377921572,23.15
721,1377921577,23.15
721,1377921582,23.15
721,1377921587,23.15
721,1377921592,23.15
721,1377921597,23.16
721,1377921602,23.15
721,1377921607,23.14
721,1377921612,23.15
721,1377921617,23.14
721,1377921622,23.14
721,1377921627,23.14
721,1377921632,23.14
721,1377921637,23.15
721,1377921642,23.14
721,1377921647,23.14
721,1377921652,23.14
721,1377921657,23.14
721,1377921662,23.14
721,1377921667,23.14
721,1377921672,23.14
721,1377921677,23.13
721,1377921682,23.13
721,1377921687,23.13
721,1377921692,23.13
721,1377921697,23.14
721,1377921702,23.14
721,1377921707,23.14
721,1377921712,23.14
721,1377921717,23.14
721,1377921722,23.13
721,1377921727,23.13
721,1377921732,23.14
721,1377921737,23.13
721,1377921742,23.13
721,1377921747,23.14
721,1377921752,23.13
721,1377921757,23.12
721,1377921762,23.12
721,1377921767,23.13
721,1377921772,23.12
721,1377921777,23.12
721,1377921782,23.12
721,1377921787,23.13
721,1377921792,23.12
721,1377921797,23.13
721,1377921802,23.12
721,1377921807,23.12
721,1377921812,23.12
721,1377921817,23.13
721,1377921822,23.11
721,1377921827,23.12
721,1377921832,23.12
721,1377921837,23.12
721,1377921842,23.11
721,1377921847,23.11
721,1377921852,23.12
721,1377921857,23.12
721,1377921862,23.12
721,1377921867,23.12
721,1377921872,23.11
721,1377921877,23.12
721,1377921882,23.12
721,1377921887,23.11
721,1377921892,23.11
721,1377921897,23.11
721,1377921902,23.11
721,1377921907,23.12
721,1377921912,23.11
721,1377921917,23.11
721,1377921922,23.12
721,1377921927,23.12
721,1377921932,23.11
721,1377921937,23.11
721,1377921942,23.11
721,1377921947,23.1
721,1377921952,23.11
721,1377921957,23.11
721,1377921962,23.1
721,1377921967,23.1
721,1377921972,23.11
721,1377921977,23.1
721,1377921982,23.1
721,1377921987,23.1
721,1377921992,23.09
721,1377921997,23.09
721,1377922002,23.1
721,1377922007,23.09
721,1377922012,23.1
721,1377922017,23.09
721,1377922022,23.09
721,1377922027,23.09
721,1377922032,23.08
721,1377922037,23.1
721,1377922042,23.08
721,1377922047,23.09
721,1377922052,23.09
721,1377922057,23.09
721,1377922062,23.09
721,1377922067,23.1
721,1377922072,23.1
721,1377922077,23.09
721,1377922082,23.08
721,1377922087,23.1
721,1377922092,23.09
721,1377922097,23.09
721,1377922102,23.09
721,1377922107,23.08
721,1377922112,23.08
721,1377922117,23.08
721,1377922122,23.08
721,1377922127,23.08
721,1377922132,23.08
721,1377922137,23.08
721,1377922142,23.08
721,1377922147,23.09
721,1377922152,23.07
721,1377922157,23.08
721,1377922162,23.08
721,1377922167,23.08
721,1377922172,23.08
721,1377922177,23.08
721,1377922182,23.07
721,1377922187,23.08
721,1377922192,23.08
721,1377922197,23.08
721,1377922202,23.07
721,1377922211,23.08
721,1377922212,23.08
721,1377922217,23.08
721,1377922222,23.08
721,1377922227,23.06
721,1377922232,23.07
721,1377922237,23.08
721,1377922242,23.08
721,1377922247,23.07
721,1377922252,23.08
721,1377922257,23.07
721,1377922262,23.08
721,1377922267,23.06
721,1377922272,23.08
721,1377922277,23.08
721,1377922282,23.07
721,1377922287,23.07
721,1377922292,23.06
721,1377922297,23.07
721,1377922303,23.08
721,1377922307,23.07
721,1377922312,23.06
721,1377922317,23.06
721,1377922322,23.07
721,1377922327,23.06
721,1377922332,23.06
721,1377922337,23.06
721,1377922342,23.06
721,1377922347,23.06
721,1377922352,23.07
721,1377922357,23.06
721,1377922362,23.06
721,1377922367,23.05
721,1377922372,23.06
721,1377922377,23.05
721,1377922382,23.05
721,1377922387,23.06
721,1377922392,23.06
721,1377922397,23.05
721,1377922402,23.06
721,1377922407,23.05
721,1377922412,23.06
721,1377922417,23.05
721,1377922422,23.06
721,1377922427,23.04
721,1377922432,23.05
721,1377922437,23.06
721,1377922442,23.04
721,1377922447,23.05
721,1377922452,23.04
721,1377922457,23.04
721,1377922462,23.04
721,1377922467,23.05
721,1377922472,23.04
721,1377922477,23.05
721,1377922482,23.05
721,1377922487,23.05
721,1377922492,23.04
721,1377922497,23.05
721,1377922502,23.04
721,1377922507,23.04
721,1377922512,23.04
721,1377922517,23.04
721,1377922522,23.04
721,1377922527,23.04
721,1377922532,23.04
721,1377922537,23.04
721,1377922542,23.04
721,1377922547,23.04
721,1377922552,23.03
721,1377922557,23.03
721,1377922562,23.03
721,1377922567,23.03
721,1377922572,23.04
721,1377922577,23.03
721,1377922582,23.04
721,1377922587,23.03
721,1377922592,23.03
721,1377922597,23.03
721,1377922602,23.02
721,1377922607,23.02
721,1377922612,23.02
721,1377922617,23.03
721,1377922622,23.01
721,1377922627,23.02
721,1377922632,23.02
721,1377922637,23.02
721,1377922642,23.02
721,1377922647,23.02
721,1377922652,23.03
721,1377922657,23.02
721,1377922662,23.02
721,1377922667,23.02
721,1377922672,23.03
721,1377922677,23.02
721,1377922682,23.01
721,1377922687,23.02
721,1377922692,23.02
721,1377922697,23.02
721,1377922702,23.01
721,1377922707,23.02
721,1377922712,23.02
721,1377922717,23.02
721,1377922722,23.02
721,1377922727,23.02
721,1377922732,23.02
721,1377922737,23.02
721,1377922742,23.02
721,1377922747,23.01
721,1377922752,23.02
721,1377922757,23.02
721,1377922762,23.02
721,1377922767,23.02
721,1377922772,23.02
721,1377922777,23.01
721,1377922782,23.01
721,1377922787,23.01
721,1377922792,23.01
721,1377922797,23.02
721,1377922802,23.01
721,1377922807,23.01
721,1377922812,23.01
721,1377922817,23.0
721,1377922822,23.0
721,1377922827,23.01
721,1377922832,23.0
721,1377922837,23.0
721,1377922842,23.0
721,1377922847,23.0
721,1377922852,23.0
721,1377922857,22.99
721,1377922862,23.0
721,1377922867,23.0
721,1377922872,23.0
721,1377922877,23.0
721,1377922882,23.01
721,1377922887,23.0
721,1377922892,23.0
721,1377922897,22.99
721,1377922902,23.0
721,1377922910,23.0
721,1377922912,23.0
721,1377922917,23.0
721,1377922922,23.0
721,1377922927,23.0
721,1377922932,23.0
721,1377922937,23.0
721,1377922942,22.99
721,1377922947,22.98
721,1377922952,23.0
721,1377922957,23.0
721,1377922962,22.99
721,1377922967,23.0
721,1377922972,22.98
721,1377922977,23.0
721,1377922982,23.0
721,1377922987,23.0
721,1377922992,23.0
721,1377922997,22.99
721,1377923002,22.98
721,1377923007,22.99
721,1377923012,22.99
721,1377923017,22.99
721,1377923022,22.98
721,1377923027,23.0
721,1377923032,22.98
721,1377923037,22.99
721,1377923042,22.99
721,1377923047,23.0
721,1377923052,22.98
721,1377923057,22.98
721,1377923062,22.97
721,1377923067,22.98
721,1377923072,22.98
721,1377923077,22.97
721,1377923082,22.99
721,1377923087,22.98
721,1377923092,22.98
721,1377923097,22.98
721,1377923102,22.98
721,1377923107,22.97
721,1377923112,22.97
721,1377923117,22.98
721,1377923122,22.98
721,1377923127,22.98
721,1377923132,22.98
721,1377923137,22.98
721,1377923142,22.97
721,1377923147,22.98
721,1377923152,22.98
721,1377923157,22.98
721,1377923162,22.98
721,1377923167,22.97
721,1377923172,22.98
721,1377923177,22.98
721,1377923182,22.97
721,1377923187,22.97
721,1377923192,22.97
721,1377923197,22.97
721,1377923202,22.97
721,1377923207,22.97
721,1377923212,22.96
721,1377923217,22.96
721,1377923222,22.96
721,1377923227,22.97
721,1377923232,22.97
721,1377923237,22.97
721,1377923242,22.97
721,1377923247,22.96
721,1377923252,22.96
721,1377923257,22.97
721,1377923262,22.96
721,1377923267,22.97
721,1377923272,22.96
721,1377923277,22.97
721,1377923282,22.96
721,1377923287,22.96
721,1377923292,22.97
721,1377923297,22.97
721,1377923302,22.97
721,1377923307,22.96
721,1377923312,22.97
721,1377923317,22.96
721,1377923322,22.96
721,1377923327,22.95
721,1377923332,22.96
721,1377923337,22.96
721,1377923342,22.96
721,1377923347,22.96
721,1377923352,22.96
721,1377923357,22.96
721,1377923362,22.97
721,1377923367,22.96
721,1377923372,22.95
721,1377923377,22.97
721,1377923382,22.96
721,1377923387,22.96
721,1377923392,22.95
721,1377923397,22.96
721,1377923402,22.96
721,1377923407,22.97
721,1377923412,22.96
721,1377923417,22.96
721,1377923422,22.95
721,1377923427,22.96
721,1377923432,22.96
721,1377923437,22.95
721,1377923442,22.95
721,1377923447,22.95
721,1377923452,22.94
721,1377923457,22.95
721,1377923462,22.95
721,1377923467,22.94
721,1377923472,22.96
721,1377923477,22.94
721,1377923482,22.94
721,1377923487,22.94
721,1377923492,22.94
721,1377923497,22.94
721,1377923502,22.95
721,1377923507,22.95
721,1377923512,22.94
721,1377923517,22.95
721,1377923522,22.94
721,1377923527,22.95
721,1377923532,22.95
721,1377923537,22.95
721,1377923542,22.94
721,1377923547,22.95
721,1377923552,22.95
721,1377923557,22.94
721,1377923562,22.94
721,1377923567,22.95
721,1377923572,22.94
721,1377923577,22.94
721,1377923582,22.94
721,1377923587,22.94
721,1377923592,22.95
721,1377923597,22.94
721,1377923602,22.94
721,1377923607,22.94
721,1377923612,22.93
721,1377923617,22.93
721,1377923622,22.95
721,1377923627,22.94
721,1377923632,22.93
721,1377923642,22.94
721,1377923643,22.92
721,1377923647,22.94
721,1377923652,22.92
721,1377923657,22.94
721,1377923662,22.94
721,1377923667,22.92
721,1377923672,22.93
721,1377923677,22.93
721,1377923682,22.93
721,1377923687,22.92
721,1377923692,22.93
721,1377923697,22.93
721,1377923702,22.93
721,1377923707,22.92
721,1377923712,22.93
721,1377923717,22.92
721,1377923722,22.93
721,1377923727,22.92
721,1377923732,22.92
721,1377923737,22.93
721,1377923742,22.94
721,1377923747,22.93
721,1377923752,22.93
721,1377923757,22.93
721,1377923762,22.93
721,1377923767,22.93
721,1377923772,22.93
721,1377923777,22.92
721,1377923782,22.92
721,1377923787,22.92
721,1377923792,22.92
721,1377923797,22.92
721,1377923802,22.92
721,1377923807,22.92
721,1377923812,22.93
721,1377923817,22.92
721,1377923822,22.92
721,1377923827,22.91
721,1377923832,22.92
721,1377923837,22.92
721,1377923842,22.91
721,1377923847,22.92
721,1377923852,22.92
721,1377923857,22.92
721,1377923862,22.92
721,1377923867,22.92
721,1377923872,22.91
721,1377923877,22.92
721,1377923882,22.92
721,1377923887,22.91
721,1377923892,22.9
721,1377923897,22.92
721,1377923902,22.91
721,1377923907,22.92
721,1377923912,22.92
721,1377923917,22.91
721,1377923922,22.92
721,1377923927,22.92
721,1377923932,22.91
721,1377923937,22.9
721,1377923942,22.91
721,1377923947,22.92
721,1377923952,22.91
721,1377923957,22.91
721,1377923962,22.9
721,1377923967,22.91
721,1377923972,22.9
721,1377923977,22.92
721,1377923982,22.91
721,1377923987,22.91
721,1377923992,22.9
721,1377923997,22.91
721,1377924002,22.91
721,1377924007,22.92
721,1377924012,22.91
721,1377924017,22.91
721,1377924022,22.9
721,1377924027,22.9
721,1377924032,22.9
721,1377924037,22.9
721,1377924042,22.88
721,1377924047,22.89
721,1377924052,22.89
721,1377924057,22.9
721,1377924062,22.9
721,1377924067,22.89
721,1377924072,22.89
721,1377924077,22.89
721,1377924082,22.9
721,1377924087,22.9
721,1377924092,22.9
721,1377924097,22.9
721,1377924102,22.9
721,1377924107,22.9
721,1377924112,22.9
721,1377924117,22.9
721,1377924122,22.89
721,1377924127,22.9
721,1377924132,22.89
721,1377924137,22.89
721,1377924142,22.88
721,1377924147,22.89
721,1377924152,22.88
721,1377924157,22.89
721,1377924162,22.89
721,1377924167,22.88
721,1377924172,22.89
721,1377924177,22.89
721,1377924182,22.9
721,1377924187,22.88
721,1377924192,22.89
721,1377924197,22.89
721,1377924202,22.89
721,1377924207,22.89
721,1377924212,22.88
721,1377924217,22.89
721,1377924222,22.89
721,1377924227,22.89
721,1377924232,22.9
721,1377924237,22.89
721,1377924242,22.88
721,1377924247,22.89
721,1377924252,22.89
721,1377924257,22.87
721,1377924262,22.88
721,1377924267,22.89
721,1377924272,22.88
721,1377924277,22.88
721,1377924282,22.89
721,1377924287,22.88
721,1377924292,22.88
721,1377924297,22.88
721,1377924302,22.89
721,1377924307,22.89
721,1377924312,22.88
721,1377924317,22.88
721,1377924322,22.88
721,1377924327,22.88
721,1377924332,22.88
721,1377924337,22.88
721,1377924342,22.87
721,1377924347,22.88
721,1377924355,22.88
721,1377924357,22.88
721,1377924362,22.87
721,1377924367,22.86
721,1377924372,22.88
721,1377924377,22.87
721,1377924382,22.88
721,1377924387,22.87
721,1377924392,22.88
721,1377924397,22.88
721,1377924402,22.88
721,1377924407,22.87
721,1377924412,22.88
721,1377924417,22.86
721,1377924422,22.87
721,1377924427,22.87
721,1377924432,22.86
721,1377924437,22.87
721,1377924442,22.88
721,1377924447,22.86
721,1377924452,22.87
721,1377924457,22.88
721,1377924462,22.87
721,1377924467,22.86
721,1377924472,22.86
721,1377924477,22.85
721,1377924482,22.86
721,1377924487,22.86
721,1377924492,22.85
721,1377924497,22.86
721,1377924502,22.87
721,1377924507,22.86
721,1377924512,22.85
721,1377924517,22.86
721,1377924522,22.87
721,1377924527,22.87
721,1377924532,22.86
721,1377924537,22.87
721,1377924542,22.86
721,1377924547,22.86
721,1377924552,22.86
721,1377924557,22.86
721,1377924562,22.86
721,1377924567,22.86
721,1377924572,22.86
721,1377924577,22.85
721,1377924582,22.85
721,1377924587,22.86
721,1377924592,22.84
721,1377924597,22.86
721,1377924602,22.85
721,1377924607,22.86
721,1377924612,22.85
721,1377924617,22.86
721,1377924622,22.86
721,1377924627,22.86
721,1377924632,22.84
721,1377924637,22.84
721,1377924642,22.84
721,1377924647,22.84
721,1377924652,22.85
721,1377924657,22.85
721,1377924662,22.85
721,1377924667,22.85
721,1377924672,22.85
721,1377924677,22.84
721,1377924682,22.84
721,1377924687,22.85
721,1377924692,22.85
721,1377924697,22.84
721,1377924702,22.84
721,1377924707,22.86
721,1377924712,22.84
721,1377924717,22.83
721,1377924722,22.84
721,1377924727,22.84
721,1377924732,22.83
721,1377924737,22.84
721,1377924742,22.84
721,1377924747,22.84
721,1377924752,22.84
721,1377924757,22.83
721,1377924762,22.83
721,1377924767,22.84
721,1377924772,22.84
721,1377924777,22.84
721,1377924782,22.83
721,1377924787,22.83
721,1377924792,22.82
721,1377924797,22.82
721,1377924802,22.83
721,1377924807,22.82
721,1377924812,22.83
721,1377924817,22.83
721,1377924822,22.83
721,1377924827,22.83
721,1377924832,22.84
721,1377924837,22.83
721,1377924842,22.83
721,1377924847,22.84
721,1377924852,22.82
721,1377924857,22.82
721,1377924862,22.83
721,1377924867,22.83
721,1377924872,22.81
721,1377924877,22.84
721,1377924882,22.83
721,1377924887,22.83
721,1377924892,22.83
721,1377924897,22.82
721,1377924902,22.82
721,1377924907,22.82
721,1377924912,22.81
721,1377924917,22.82
721,1377924922,22.82
721,1377924927,22.82
721,1377924932,22.82
721,1377924937,22.82
721,1377924942,22.8
721,1377924947,22.82
721,1377924952,22.82
721,1377924957,22.82
721,1377924962,22.8
721,1377924967,22.81
721,1377924972,22.82
721,1377924977,22.8
721,1377924982,22.81
721,1377924987,22.8
721,1377924992,22.8
721,1377924997,22.81
721,1377925002,22.8
721,1377925007,22.8
721,1377925012,22.81
721,1377925017,22.8
721,1377925022,22.8
721,1377925027,22.81
721,1377925032,22.81
721,1377925037,22.81
721,1377925042,22.8
721,1377925047,22.8
721,1377925052,22.8
721,1377925057,22.8
721,1377925062,22.8
721,1377925067,22.81
721,1377925072,22.8
721,1377925082,22.8
721,1377925087,22.8
721,1377925092,22.8
721,1377925097,22.8
721,1377925102,22.8
721,1377925107,22.8
721,1377925112,22.8
721,1377925117,22.79
721,1377925122,22.79
721,1377925127,22.78
721,1377925132,22.78
721,1377925137,22.77
721,1377925142,22.8
721,1377925147,22.79
721,1377925152,22.78
721,1377925157,22.79
721,1377925162,22.8
721,1377925167,22.8
721,1377925172,22.8
721,1377925177,22.8
721,1377925182,22.79
721,1377925187,22.8
721,1377925192,22.79
721,1377925197,22.78
721,1377925202,22.79
721,1377925207,22.79
721,1377925212,22.8
721,1377925217,22.8
721,1377925222,22.8
721,1377925227,22.8
721,1377925232,22.78
721,1377925237,22.79
721,1377925242,22.79
721,1377925247,22.79
721,1377925252,22.79
721,1377925257,22.79
721,1377925262,22.79
721,1377925267,22.8
721,1377925272,22.78
721,1377925277,22.78
721,1377925283,22.79
721,1377925287,22.78
721,1377925292,22.78
721,1377925297,22.78
721,1377925302,22.78
721,1377925307,22.78
721,1377925312,22.78
721,1377925317,22.77
721,1377925322,22.77
721,1377925327,22.78
721,1377925332,22.77
721,1377925337,22.78
721,1377925342,22.78
721,1377925347,22.77
721,1377925352,22.79
721,1377925357,22.78
721,1377925362,22.78
721,1377925367,22.79
721,1377925372,22.78
721,1377925377,22.78
721,1377925382,22.77
721,1377925387,22.77
721,1377925392,22.76
721,1377925397,22.76
721,1377925402,22.79
721,1377925407,22.79
721,1377925412,22.78
721,1377925417,22.77
721,1377925422,22.77
721,1377925427,22.77
721,1377925432,22.77
721,1377925437,22.77
721,1377925442,22.77
721,1377925447,22.77
721,1377925452,22.77
721,1377925457,22.76
721,1377925462,22.76
721,1377925467,22.76
721,1377925472,22.76
721,1377925477,22.76
721,1377925482,22.77
721,1377925487,22.76
721,1377925492,22.76
721,1377925497,22.76
721,1377925502,22.76
721,1377925507,22.77
721,1377925512,22.77
721,1377925517,22.76
721,1377925522,22.76
721,1377925527,22.76
721,1377925532,22.76
721,1377925537,22.76
721,1377925542,22.76
721,1377925547,22.76
721,1377925552,22.76
721,1377925557,22.77
721,1377925562,22.77
721,1377925567,22.77
721,1377925572,22.76
721,1377925577,22.76
721,1377925582,22.75
721,1377925587,22.76
721,1377925592,22.76
721,1377925597,22.75
721,1377925602,22.75
721,1377925607,22.75
721,1377925612,22.75
721,1377925617,22.74
721,1377925622,22.75
721,1377925627,22.75
721,1377925632,22.74
721,1377925637,22.74
721,1377925642,22.74
721,1377925647,22.74
721,1377925652,22.74
721,1377925657,22.75
721,1377925662,22.73
721,1377925667,22.73
721,1377925672,22.73
721,1377925677,22.74
721,1377925682,22.73
721,1377925687,22.74
721,1377925692,22.74
721,1377925697,22.74
721,1377925702,22.73
721,1377925707,22.74
721,1377925712,22.74
721,1377925717,22.73
721,1377925722,22.72
721,1377925727,22.74
721,1377925732,22.73
721,1377925737,22.72
721,1377925742,22.72
721,1377925747,22.72
721,1377925752,22.72
721,1377925757,22.72
721,1377925762,22.72
721,1377925767,22.72
721,1377925772,22.72
721,1377925777,22.72
721,1377925782,22.73
721,1377925787,22.72
721,1377925792,22.73
721,1377925802,22.72
721,1377925807,22.72
721,1377925812,22.73
721,1377925817,22.73
721,1377925822,22.72
721,1377925827,22.72
721,1377925832,22.72
721,1377925837,22.72
721,1377925842,22.72
721,1377925847,22.72
721,1377925852,22.72
721,1377925857,22.72
721,1377925862,22.72
721,1377925867,22.72
721,1377925872,22.72
721,1377925877,22.71
721,1377925882,22.72
721,1377925887,22.71
721,1377925892,22.72
721,1377925897,22.71
721,1377925902,22.72
721,1377925907,22.7
721,1377925912,22.7
721,1377925917,22.72
721,1377925922,22.73
721,1377925927,22.7
721,1377925932,22.71
721,1377925937,22.71
721,1377925942,22.71
721,1377925947,22.72
721,1377925952,22.7
721,1377925957,22.7
721,1377925962,22.71
721,1377925967,22.72
721,1377925972,22.7
721,1377925977,22.7
721,1377925982,22.71
721,1377925987,22.7
721,1377925992,22.72
721,1377925997,22.71
721,1377926002,22.7
721,1377926007,22.71
721,1377926012,22.7
721,1377926017,22.7
721,1377926022,22.69
721,1377926027,22.7
721,1377926032,22.69
721,1377926037,22.7
721,1377926042,22.7
721,1377926047,22.7
721,1377926052,22.69
721,1377926057,22.7
721,1377926062,22.69
721,1377926067,22.68
721,1377926072,22.7
721,1377926077,22.68
721,1377926082,22.7
721,1377926087,22.69
721,1377926092,22.68
721,1377926097,22.68
721,1377926102,22.68
721,1377926107,22.68
721,1377926112,22.68
721,1377926117,22.68
721,1377926122,22.67
721,1377926127,22.68
721,1377926132,22.68
721,1377926137,22.68
721,1377926142,22.68
721,1377926147,22.68
721,1377926152,22.68
721,1377926157,22.67
721,1377926162,22.67
721,1377926167,22.68
721,1377926172,22.67
721,1377926177,22.68
721,1377926182,22.67
721,1377926187,22.67
721,1377926192,22.68
721,1377926197,22.67
721,1377926202,22.66
721,1377926207,22.68
721,1377926212,22.67
721,1377926217,22.67
721,1377926222,22.67
721,1377926227,22.66
721,1377926232,22.66
721,1377926237,22.66
721,1377926242,22.67
721,1377926247,22.66
721,1377926252,22.67
721,1377926257,22.66
721,1377926262,22.66
721,1377926267,22.66
721,1377926272,22.66
721,1377926277,22.66
721,1377926282,22.65
721,1377926287,22.66
721,1377926292,22.66
721,1377926297,22.66
721,1377926302,22.64
721,1377926307,22.65
721,1377926312,22.66
721,1377926317,22.65
721,1377926322,22.64
721,1377926327,22.64
721,1377926332,22.65
721,1377926337,22.65
721,1377926342,22.65
721,1377926347,22.64
721,1377926352,22.64
721,1377926357,22.66
721,1377926362,22.64
721,1377926367,22.64
721,1377926372,22.65
721,1377926377,22.64
721,1377926382,22.65
721,1377926387,22.64
721,1377926392,22.64
721,1377926397,22.64
721,1377926402,22.64
721,1377926407,22.64
721,1377926412,22.64
721,1377926417,22.65
721,1377926422,22.65
721,1377926427,22.64
721,1377926432,22.64
721,1377926437,22.65
721,1377926442,22.65
721,1377926447,22.64
721,1377926452,22.64
721,1377926457,22.64
721,1377926462,22.64
721,1377926467,22.64
721,1377926472,22.64
721,1377926477,22.64
721,1377926482,22.64
721,1377926487,22.64
721,1377926492,22.64
721,1377926497,22.64
721,1377926502,22.64
721,1377926507,22.63
721,1377926512,22.64
721,1377926517,22.64
721,1377926522,22.64
721,1377926527,22.63
721,1377926537,22.64
721,1377926542,22.65
721,1377926547,22.64
721,1377926552,22.64
721,1377926557,22.63
721,1377926562,22.64
721,1377926567,22.64
721,1377926572,22.64
721,1377926577,22.65
721,1377926582,22.64
721,1377926587,22.65
721,1377926592,22.64
721,1377926597,22.64
721,1377926602,22.64
721,1377926607,22.64
721,1377926612,22.64
721,1377926617,22.64
721,1377926622,22.65
721,1377926627,22.64
721,1377926632,22.64
721,1377926637,22.64
721,1377926642,22.64
721,1377926647,22.64
721,1377926652,22.64
721,1377926657,22.65
721,1377926662,22.63
721,1377926667,22.64
721,1377926672,22.63
721,1377926677,22.63
721,1377926682,22.64
721,1377926687,22.65
721,1377926692,22.64
721,1377926697,22.64
721,1377926702,22.64
721,1377926707,22.64
721,1377926712,22.64
721,1377926717,22.64
721,1377926722,22.65
721,1377926727,22.64
721,1377926732,22.63
721,1377926737,22.63
721,1377926742,22.64
721,1377926747,22.64
721,1377926752,22.64
721,1377926757,22.64
721,1377926762,22.63
721,1377926767,22.63
721,1377926772,22.64
721,1377926777,22.64
721,1377926782,22.64
721,1377926787,22.63
721,1377926792,22.64
721,1377926797,22.62
721,1377926802,22.64
721,1377926807,22.64
721,1377926812,22.62
721,1377926817,22.64
721,1377926822,22.62
721,1377926827,22.64
721,1377926832,22.63
721,1377926837,22.62
721,1377926842,22.64
721,1377926847,22.62
721,1377926852,22.63
721,1377926857,22.63
721,1377926862,22.63
721,1377926867,22.62
721,1377926872,22.62
721,1377926877,22.63
721,1377926882,22.62
721,1377926887,22.61
721,1377926892,22.62
721,1377926897,22.61
721,1377926902,22.63
721,1377926907,22.61
721,1377926912,22.62
721,1377926917,22.62
721,1377926922,22.62
721,1377926927,22.63
721,1377926932,22.62
721,1377926937,22.63
721,1377926942,22.62
721,1377926947,22.62
721,1377926952,22.62
721,1377926957,22.61
721,1377926962,22.62
721,1377926967,22.62
721,1377926972,22.62
721,1377926977,22.62
721,1377926982,22.62
721,1377926987,22.62
721,1377926992,22.61
721,1377926997,22.62
721,1377927002,22.61
721,1377927007,22.62
721,1377927012,22.61
721,1377927017,22.63
721,1377927022,22.61
721,1377927027,22.61
721,1377927032,22.61
721,1377927037,22.62
721,1377927042,22.61
721,1377927047,22.62
721,1377927052,22.62
721,1377927057,22.61
721,1377927062,22.62
721,1377927067,22.62
721,1377927072,22.61
721,1377927077,22.61
721,1377927082,22.6
721,1377927087,22.6
721,1377927092,22.61
721,1377927097,22.62
721,1377927102,22.6
721,1377927107,22.6
721,1377927112,22.61
721,1377927117,22.6
721,1377927122,22.6
721,1377927127,22.6
721,1377927132,22.6
721,1377927137,22.6
721,1377927142,22.61
721,1377927147,22.6
721,1377927152,22.61
721,1377927157,22.6
721,1377927162,22.61
721,1377927167,22.6
721,1377927172,22.6
721,1377927177,22.6
721,1377927182,22.6
721,1377927187,22.59
721,1377927192,22.61
721,1377927197,22.6
721,1377927202,22.6
721,1377927207,22.6
721,1377927212,22.6
721,1377927217,22.6
721,1377927222,22.6
721,1377927227,22.6
721,1377927232,22.6
721,1377927237,22.6
721,1377927242,22.6
721,1377927247,22.59
721,1377927252,22.59
721,1377927260,22.6
721,1377927262,22.6
721,1377927267,22.6
721,1377927272,22.6
721,1377927277,22.58
721,1377927282,22.59
721,1377927287,22.59
721,1377927292,22.58
721,1377927297,22.58
721,1377927302,22.6
721,1377927307,22.59
721,1377927312,22.59
721,1377927317,22.58
721,1377927322,22.58
721,1377927327,22.59
721,1377927332,22.58
721,1377927337,22.58
721,1377927342,22.59
721,1377927347,22.58
721,1377927352,22.58
721,1377927357,22.58
721,1377927362,22.58
721,1377927367,22.58
721,1377927372,22.58
721,1377927377,22.58
721,1377927382,22.58
721,1377927387,22.59
721,1377927392,22.58
721,1377927397,22.58
721,1377927402,22.59
721,1377927407,22.58
721,1377927412,22.58
721,1377927417,22.58
721,1377927422,22.57
721,1377927427,22.57
721,1377927432,22.58
721,1377927437,22.58
721,1377927442,22.58
721,1377927447,22.58
721,1377927452,22.58
721,1377927457,22.57
721,1377927462,22.57
721,1377927467,22.58
721,1377927472,22.57
721,1377927477,22.57
721,1377927482,22.57
721,1377927487,22.57
721,1377927492,22.58
721,1377927497,22.57
721,1377927502,22.57
721,1377927507,22.56
721,1377927512,22.57
721,1377927517,22.56
721,1377927522,22.56
721,1377927527,22.56
721,1377927532,22.56
721,1377927537,22.57
721,1377927542,22.57
721,1377927547,22.56
721,1377927552,22.56
721,1377927557,22.55
721,1377927562,22.56
721,1377927567,22.56
721,1377927572,22.56
721,1377927577,22.56
721,1377927582,22.55
721,1377927587,22.56
721,1377927592,22.55
721,1377927597,22.55
721,1377927602,22.56
721,1377927607,22.55
721,1377927612,22.56
721,1377927617,22.55
721,1377927622,22.56
721,1377927627,22.55
721,1377927632,22.55
721,1377927637,22.54
721,1377927642,22.54
721,1377927647,22.55
721,1377927652,22.55
721,1377927657,22.55
721,1377927662,22.54
721,1377927667,22.54
721,1377927672,22.54
721,1377927677,22.53
721,1377927682,22.54
721,1377927687,22.54
721,1377927692,22.54
721,1377927697,22.54
721,1377927702,22.53
721,1377927707,22.54
721,1377927712,22.54
721,1377927717,22.53
721,1377927722,22.54
721,1377927727,22.52
721,1377927732,22.52
721,1377927737,22.53
721,1377927742,22.53
721,1377927747,22.53
721,1377927752,22.53
721,1377927757,22.52
721,1377927762,22.53
721,1377927767,22.53
721,1377927772,22.52
721,1377927777,22.52
721,1377927782,22.52
721,1377927787,22.52
721,1377927792,22.52
721,1377927797,22.51
721,1377927802,22.51
721,1377927807,22.52
721,1377927812,22.52
721,1377927817,22.52
721,1377927822,22.51
721,1377927827,22.52
721,1377927832,22.51
721,1377927837,22.51
721,1377927842,22.51
721,1377927847,22.5
721,1377927852,22.5
721,1377927857,22.51
721,1377927862,22.5
721,1377927867,22.5
721,1377927872,22.51
721,1377927877,22.5
721,1377927882,22.5
721,1377927887,22.5
721,1377927892,22.5
721,1377927897,22.5
721,1377927902,22.5
721,1377927907,22.5
721,1377927912,22.49
721,1377927917,22.5
721,1377927922,22.5
721,1377927927,22.49
721,1377927932,22.5
721,1377927937,22.5
721,1377927942,22.5
721,1377927947,22.49
721,1377927952,22.49
721,1377927957,22.49
721,1377927962,22.49
721,1377927969,22.49
721,1377927972,22.49
721,1377927977,22.5
721,1377927982,22.49
721,1377927987,22.49
721,1377927992,22.49
721,1377927997,22.48
721,1377928002,22.48
721,1377928007,22.49
721,1377928012,22.48
721,1377928017,22.48
721,1377928022,22.48
721,1377928027,22.48
721,1377928032,22.48
721,1377928037,22.48
721,1377928042,22.48
721,1377928047,22.47
721,1377928052,22.48
721,1377928057,22.48
721,1377928062,22.49
721,1377928067,22.47
721,1377928072,22.47
721,1377928077,22.47
721,1377928082,22.48
721,1377928087,22.47
721,1377928092,22.46
721,1377928097,22.47
721,1377928102,22.47
721,1377928107,22.46
721,1377928112,22.46
721,1377928117,22.47
721,1377928122,22.46
721,1377928127,22.46
721,1377928132,22.46
721,1377928137,22.46
721,1377928142,22.46
721,1377928147,22.46
721,1377928152,22.46
721,1377928157,22.45
721,1377928162,22.46
721,1377928167,22.46
721,1377928172,22.45
721,1377928177,22.46
721,1377928182,22.45
721,1377928187,22.46
721,1377928192,22.46
721,1377928197,22.45
721,1377928202,22.45
721,1377928207,22.45
721,1377928212,22.44
721,1377928217,22.44
721,1377928222,22.44
721,1377928227,22.45
721,1377928232,22.44
721,1377928237,22.44
721,1377928242,22.44
721,1377928247,22.44
721,1377928252,22.42
721,1377928257,22.43
721,1377928262,22.43
721,1377928267,22.44
721,1377928272,22.42
721,1377928277,22.43
721,1377928282,22.42
721,1377928287,22.43
721,1377928292,22.43
721,1377928297,22.42
721,1377928302,22.43
721,1377928307,22.43
721,1377928312,22.42
721,1377928317,22.43
721,1377928322,22.41
721,1377928327,22.42
721,1377928332,22.4
721,1377928337,22.42
721,1377928342,22.42
721,1377928347,22.42
721,1377928352,22.41
721,1377928357,22.41
721,1377928362,22.42
721,1377928367,22.42
721,1377928372,22.41
721,1377928377,22.4
721,1377928382,22.41
721,1377928387,22.41
721,1377928392,22.41
721,1377928397,22.42
721,1377928402,22.41
721,1377928407,22.4
721,1377928412,22.39
721,1377928417,22.41
721,1377928422,22.41
721,1377928427,22.39
721,1377928432,22.4
721,1377928437,22.4
721,1377928442,22.38
721,1377928447,22.39
721,1377928452,22.39
721,1377928457,22.39
721,1377928462,22.39
721,1377928467,22.39
721,1377928472,22.38
721,1377928477,22.38
721,1377928482,22.4
721,1377928487,22.39
721,1377928492,22.39
721,1377928497,22.38
721,1377928502,22.38
721,1377928507,22.38
721,1377928512,22.38
721,1377928517,22.38
721,1377928522,22.38
721,1377928527,22.38
721,1377928532,22.36
721,1377928537,22.38
721,1377928542,22.37
721,1377928547,22.36
721,1377928552,22.38
721,1377928557,22.36
721,1377928562,22.36
721,1377928567,22.36
721,1377928572,22.37
721,1377928577,22.37
721,1377928582,22.36
721,1377928587,22.36
721,1377928592,22.35
721,1377928597,22.36
721,1377928602,22.35
721,1377928607,22.35
721,1377928612,22.36
721,1377928617,22.36
721,1377928622,22.36
721,1377928627,22.36
721,1377928632,22.36
721,1377928637,22.36
721,1377928642,22.37
721,1377928647,22.36
721,1377928652,22.35
721,1377928661,22.35
721,1377928662,22.36
721,1377928667,22.36
721,1377928672,22.35
721,1377928677,22.36
721,1377928682,22.35
721,1377928687,22.35
721,1377928692,22.36
721,1377928697,22.34
721,1377928702,22.35
721,1377928707,22.34
721,1377928712,22.35
721,1377928717,22.36
721,1377928722,22.35
721,1377928727,22.36
721,1377928732,22.34
721,1377928737,22.34
721,1377928742,22.35
721,1377928747,22.34
721,1377928752,22.36
721,1377928757,22.35
721,1377928762,22.34
721,1377928767,22.34
721,1377928772,22.34
721,1377928777,22.35
721,1377928782,22.35
721,1377928787,22.34
721,1377928792,22.34
721,1377928797,22.34
721,1377928802,22.35
721,1377928807,22.33
721,1377928812,22.34
721,1377928817,22.33
721,1377928822,22.35
721,1377928827,22.34
721,1377928832,22.33
721,1377928837,22.34
721,1377928842,22.34
721,1377928847,22.34
721,1377928852,22.34
721,1377928857,22.34
721,1377928862,22.33
721,1377928867,22.34
721,1377928872,22.34
721,1377928877,22.34
721,1377928882,22.34
721,1377928887,22.34
721,1377928892,22.34
721,1377928897,22.34
721,1377928902,22.32
721,1377928907,22.33
721,1377928912,22.32
721,1377928917,22.33
721,1377928922,22.33
721,1377928927,22.33
721,1377928932,22.32
721,1377928937,22.32
721,1377928942,22.33
721,1377928947,22.32
721,1377928952,22.33
721,1377928957,22.31
721,1377928962,22.33
721,1377928967,22.32
721,1377928972,22.33
721,1377928977,22.32
721,1377928982,22.32
721,1377928987,22.32
721,1377928992,22.31
721,1377928997,22.31
721,1377929002,22.32
721,1377929007,22.32
721,1377929012,22.32
721,1377929017,22.32
721,1377929022,22.32
721,1377929027,22.32
721,1377929032,22.32
721,1377929037,22.31
721,1377929042,22.31
721,1377929047,22.32
721,1377929052,22.31
721,1377929057,22.3
721,1377929062,22.29
721,1377929067,22.3
721,1377929072,22.3
721,1377929077,22.3
721,1377929082,22.3
721,1377929087,22.29
721,1377929092,22.3
721,1377929097,22.31
721,1377929102,22.29
721,1377929107,22.29
721,1377929112,22.3
721,1377929117,22.3
721,1377929122,22.29
721,1377929127,22.3
721,1377929132,22.3
721,1377929137,22.29
721,1377929142,22.3
721,1377929147,22.29
721,1377929152,22.29
721,1377929157,22.29
721,1377929162,22.28
721,1377929167,22.28
721,1377929172,22.28
721,1377929177,22.29
721,1377929182,22.29
721,1377929187,22.28
721,1377929192,22.27
721,1377929197,22.29
721,1377929202,22.3
721,1377929207,22.29
721,1377929212,22.28
721,1377929217,22.29
721,1377929222,22.28
721,1377929227,22.29
721,1377929232,22.28
721,1377929237,22.28
721,1377929242,22.27
721,1377929247,22.28
721,1377929252,22.27
721,1377929257,22.27
721,1377929262,22.29
721,1377929267,22.28
721,1377929272,22.28
721,1377929277,22.28
721,1377929282,22.28
721,1377929287,22.28
721,1377929292,22.28
721,1377929297,22.26
721,1377929302,22.27
721,1377929307,22.28
721,1377929312,22.28
721,1377929317,22.27
721,1377929322,22.27
721,1377929327,22.27
721,1377929332,22.27
721,1377929337,22.28
721,1377929342,22.26
721,1377929347,22.26
721,1377929352,22.28
721,1377929357,22.26
721,1377929362,22.26
721,1377929367,22.27
721,1377929372,22.26
721,1377929381,22.26
721,1377929382,22.26
721,1377929387,22.26
721,1377929392,22.25
721,1377929397,22.24
721,1377929402,22.26
721,1377929407,22.24
721,1377929412,22.25
721,1377929417,22.25
721,1377929422,22.25
721,1377929427,22.25
721,1377929432,22.26
721,1377929437,22.24
721,1377929442,22.26
721,1377929447,22.24
721,1377929452,22.24
721,1377929457,22.23
721,1377929462,22.24
721,1377929467,22.24
721,1377929472,22.23
721,1377929477,22.24
721,1377929482,22.23
721,1377929487,22.22
721,1377929492,22.23
721,1377929497,22.24
721,1377929502,22.23
721,1377929507,22.23
721,1377929512,22.22
721,1377929517,22.23
721,1377929522,22.23
721,1377929527,22.23
721,1377929532,22.22
721,1377929537,22.21
721,1377929542,22.22
721,1377929547,22.23
721,1377929552,22.22
721,1377929557,22.22
721,1377929562,22.22
721,1377929567,22.22
721,1377929572,22.22
721,1377929577,22.21
721,1377929582,22.21
721,1377929587,22.21
721,1377929592,22.21
721,1377929597,22.21
721,1377929602,22.21
721,1377929607,22.2
721,1377929612,22.2
721,1377929617,22.21
721,1377929622,22.2
721,1377929627,22.21
721,1377929632,22.2
721,1377929637,22.21
721,1377929642,22.21
721,1377929647,22.2
721,1377929652,22.2
721,1377929657,22.2
721,1377929662,22.2
721,1377929667,22.2
721,1377929672,22.2
721,1377929677,22.2
721,1377929682,22.19
721,1377929687,22.2
721,1377929692,22.2
721,1377929697,22.18
721,1377929702,22.19
721,1377929707,22.19
721,1377929712,22.18
721,1377929717,22.19
721,1377929722,22.19
721,1377929727,22.18
721,1377929732,22.18
721,1377929737,22.18
721,1377929742,22.18
721,1377929747,22.18
721,1377929752,22.18
721,1377929757,22.17
721,1377929762,22.18
721,1377929767,22.17
721,1377929772,22.17
721,1377929777,22.16
721,1377929782,22.17
721,1377929787,22.17
721,1377929792,22.18
721,1377929797,22.16
721,1377929802,22.16
721,1377929807,22.18
721,1377929812,22.16
721,1377929817,22.17
721,1377929822,22.17
721,1377929827,22.17
721,1377929832,22.16
721,1377929837,22.18
721,1377929842,22.16
721,1377929847,22.17
721,1377929852,22.16
721,1377929857,22.16
721,1377929862,22.16
721,1377929867,22.16
721,1377929872,22.15
721,1377929877,22.16
721,1377929882,22.16
721,1377929887,22.16
721,1377929892,22.14
721,1377929897,22.16
721,1377929902,22.14
721,1377929907,22.15
721,1377929912,22.14
721,1377929917,22.15
721,1377929922,22.14
721,1377929927,22.14
721,1377929932,22.15
721,1377929937,22.15
721,1377929942,22.15
721,1377929947,22.14
721,1377929952,22.14
721,1377929957,22.14
721,1377929962,22.14
721,1377929967,22.14
721,1377929972,22.15
721,1377929977,22.14
721,1377929982,22.14
721,1377929987,22.14
721,1377929992,22.14
721,1377929997,22.14
721,1377930002,22.14
721,1377930007,22.13
721,1377930012,22.14
721,1377930017,22.15
721,1377930022,22.14
721,1377930027,22.14
721,1377930032,22.14
721,1377930037,22.14
721,1377930042,22.13
721,1377930047,22.14
721,1377930052,22.14
721,1377930057,22.15
721,1377930062,22.14
721,1377930067,22.14
721,1377930072,22.14
721,1377930077,22.14
721,1377930082,22.14
721,1377930087,22.14
721,1377930092,22.14
721,1377930097,22.13
721,1377930102,22.14
721,1377930107,22.14
721,1377930112,22.13
721,1377930117,22.13
721,1377930122,22.13
721,1377930127,22.13
721,1377930132,22.13
721,1377930141,22.13
721,1377930142,22.13
721,1377930147,22.12
721,1377930152,22.13
721,1377930157,22.12
721,1377930162,22.13
721,1377930167,22.12
721,1377930172,22.12
721,1377930177,22.12
721,1377930182,22.11
721,1377930187,22.11
721,1377930192,22.12
721,1377930197,22.12
721,1377930202,22.12
721,1377930207,22.12
721,1377930212,22.12
721,1377930217,22.11
721,1377930222,22.13
721,1377930227,22.11
721,1377930232,22.12
721,1377930237,22.12
721,1377930242,22.11
721,1377930247,22.12
721,1377930252,22.12
721,1377930257,22.12
721,1377930262,22.12
721,1377930267,22.13
721,1377930272,22.12
721,1377930277,22.12
721,1377930282,22.11
721,1377930287,22.11
721,1377930292,22.11
721,1377930297,22.12
721,1377930302,22.1
721,1377930307,22.12
721,1377930312,22.12
721,1377930317,22.11
721,1377930322,22.12
721,1377930327,22.12
721,1377930332,22.12
721,1377930337,22.12
721,1377930342,22.11
721,1377930347,22.1
721,1377930352,22.11
721,1377930357,22.11
721,1377930362,22.12
721,1377930368,22.11
721,1377930372,22.11
721,1377930377,22.1
721,1377930382,22.11
721,1377930387,22.11
721,1377930392,22.11
721,1377930397,22.1
721,1377930402,22.1
721,1377930407,22.1
721,1377930412,22.11
721,1377930417,22.1
721,1377930422,22.1
721,1377930427,22.1
721,1377930432,22.11
721,1377930437,22.1
721,1377930442,22.1
721,1377930447,22.1
721,1377930452,22.1
721,1377930457,22.1
721,1377930462,22.08
721,1377930467,22.1
721,1377930472,22.09
721,1377930477,22.1
721,1377930482,22.08
721,1377930487,22.1
721,1377930492,22.1
721,1377930497,22.09
721,1377930502,22.09
721,1377930507,22.08
721,1377930512,22.08
721,1377930517,22.09
721,1377930522,22.08
721,1377930527,22.08
721,1377930532,22.08
721,1377930537,22.07
721,1377930542,22.08
721,1377930547,22.08
721,1377930552,22.08
721,1377930557,22.09
721,1377930562,22.08
721,1377930567,22.07
721,1377930572,22.07
721,1377930577,22.07
721,1377930582,22.07
721,1377930587,22.08
721,1377930592,22.08
721,1377930597,22.07
721,1377930602,22.07
721,1377930607,22.07
721,1377930612,22.06
721,1377930617,22.07
721,1377930622,22.07
721,1377930627,22.06
721,1377930632,22.08
721,1377930637,22.07
721,1377930642,22.07
721,1377930647,22.08
721,1377930652,22.07
721,1377930657,22.07
721,1377930662,22.06
721,1377930667,22.07
721,1377930672,22.06
721,1377930677,22.05
721,1377930682,22.06
721,1377930687,22.07
721,1377930692,22.06
721,1377930697,22.06
721,1377930702,22.06
721,1377930707,22.06
721,1377930712,22.06
721,1377930717,22.07
721,1377930722,22.07
721,1377930727,22.05
721,1377930732,22.07
721,1377930737,22.06
721,1377930742,22.06
721,1377930747,22.06
721,1377930752,22.05
721,1377930757,22.06
721,1377930762,22.06
721,1377930767,22.07
721,1377930772,22.06
721,1377930777,22.05
721,1377930782,22.04
721,1377930787,22.05
721,1377930792,22.05
721,1377930797,22.05
721,1377930802,22.05
721,1377930807,22.05
721,1377930812,22.05
721,1377930817,22.04
721,1377930822,22.05
721,1377930827,22.04
721,1377930832,22.05
721,1377930837,22.05
721,1377930842,22.05
721,1377930847,22.05
721,1377930852,22.05
721,1377930857,22.04
721,1377930862,22.04
721,1377930867,22.04
721,1377930872,22.04
721,1377930877,22.03
721,1377930882,22.04
721,1377930891,22.04
721,1377930892,22.04
721,1377930897,22.04
721,1377930902,22.03
721,1377930907,22.03
721,1377930912,22.04
721,1377930917,22.03
721,1377930922,22.03
721,1377930927,22.03
721,1377930932,22.04
721,1377930937,22.04
721,1377930942,22.04
721,1377930947,22.03
721,1377930952,22.04
721,1377930957,22.04
721,1377930962,22.04
721,1377930967,22.04
721,1377930972,22.02
721,1377930977,22.03
721,1377930982,22.02
721,1377930987,22.04
721,1377930992,22.04
721,1377930997,22.04
721,1377931002,22.04
721,1377931007,22.04
721,1377931012,22.04
721,1377931017,22.02
721,1377931022,22.03
721,1377931027,22.03
721,1377931032,22.02
721,1377931037,22.03
721,1377931042,22.02
721,1377931047,22.02
721,1377931052,22.02
721,1377931057,22.02
721,1377931062,22.02
721,1377931067,22.02
721,1377931072,22.02
721,1377931077,22.02
721,1377931082,22.02
721,1377931087,22.01
721,1377931092,22.02
721,1377931097,22.02
721,1377931102,22.02
721,1377931107,22.01
721,1377931112,22.01
721,1377931117,22.01
721,1377931122,22.01
721,1377931127,22.01
721,1377931132,22.0
721,1377931137,22.01
721,1377931142,22.02
721,1377931147,22.0
721,1377931152,22.0
721,1377931157,22.0
721,1377931162,22.0
721,1377931167,22.0
721,1377931172,22.0
721,1377931177,22.0
721,1377931182,21.99
721,1377931187,22.0
721,1377931192,22.0
721,1377931197,22.0
721,1377931202,22.0
721,1377931207,21.99
721,1377931212,22.0
721,1377931217,22.0
721,1377931222,22.0
721,1377931227,21.99
721,1377931232,21.99
721,1377931237,22.0
721,1377931242,22.0
721,1377931247,21.99
721,1377931252,22.0
721,1377931257,22.0
721,1377931262,22.0
721,1377931267,22.0
721,1377931272,22.0
721,1377931277,21.99
721,1377931282,21.99
721,1377931287,22.0
721,1377931292,21.99
721,1377931297,21.98
721,1377931302,21.98
721,1377931307,21.99
721,1377931312,21.98
721,1377931317,21.98
721,1377931322,21.99
721,1377931327,21.99
721,1377931332,21.99
721,1377931337,21.99
721,1377931342,21.98
721,1377931347,21.99
721,1377931352,21.98
721,1377931357,21.98
721,1377931362,21.98
721,1377931367,21.98
721,1377931372,21.97
721,1377931377,21.98
721,1377931382,21.98
721,1377931387,21.98
721,1377931392,21.97
721,1377931397,21.97
721,1377931402,21.97
721,1377931407,21.97
721,1377931412,21.98
721,1377931417,21.98
721,1377931422,21.97
721,1377931427,21.96
721,1377931432,21.97
721,1377931437,21.97
721,1377931442,21.96
721,1377931447,21.96
721,1377931452,21.96
721,1377931457,21.96
721,1377931462,21.96
721,1377931467,21.97
721,1377931472,21.96
721,1377931477,21.97
721,1377931482,21.96
721,1377931487,21.96
721,1377931492,21.96
721,1377931497,21.96
721,1377931502,21.96
721,1377931507,21.96
721,1377931512,21.96
721,1377931517,21.96
721,1377931522,21.95
721,1377931527,21.96
721,1377931532,21.95
721,1377931537,21.96
721,1377931542,21.96
721,1377931547,21.96
721,1377931552,21.95
721,1377931557,21.96
721,1377931562,21.95
721,1377931567,21.95
721,1377931572,21.96
721,1377931577,21.95
721,1377931582,21.94
721,1377931587,21.95
721,1377931592,21.94
721,1377931597,21.96
721,1377931602,21.94
721,1377931607,21.94
721,1377931612,21.96
721,1377931617,21.94
721,1377931622,21.94
721,1377931627,21.95
721,1377931632,21.93
721,1377931637,21.95
721,1377931642,21.94
721,1377931651,21.95
721,1377931652,21.94
721,1377931657,21.94
721,1377931662,21.94
721,1377931667,21.94
721,1377931672,21.94
721,1377931677,21.94
721,1377931682,21.94
721,1377931687,21.93
721,1377931692,21.93
721,1377931697,21.94
721,1377931702,21.93
721,1377931707,21.94
721,1377931712,21.94
721,1377931717,21.93
721,1377931722,21.93
721,1377931727,21.94
721,1377931732,21.92
721,1377931737,21.92
721,1377931742,21.92
721,1377931747,21.93
721,1377931752,21.91
721,1377931757,21.92
721,1377931762,21.92
721,1377931767,21.92
721,1377931772,21.92
721,1377931777,21.93
721,1377931782,21.92
721,1377931787,21.91
721,1377931792,21.92
721,1377931797,21.91
721,1377931802,21.92
721,1377931807,21.92
721,1377931812,21.91
721,1377931817,21.92
721,1377931822,21.93
721,1377931827,21.93
721,1377931832,21.93
721,1377931837,21.92
721,1377931842,21.92
721,1377931847,21.92
721,1377931852,21.92
721,1377931857,21.92
721,1377931862,21.92
721,1377931867,21.91
721,1377931872,21.91
721,1377931877,21.92
721,1377931882,21.9
721,1377931887,21.9
721,1377931892,21.9
721,1377931897,21.91
721,1377931902,21.9
721,1377931907,21.92
721,1377931912,21.91
721,1377931917,21.91
721,1377931922,21.92
721,1377931927,21.92
721,1377931932,21.92
721,1377931937,21.93
721,1377931942,21.92
721,1377931947,21.91
721,1377931952,21.92
721,1377931957,21.91
721,1377931962,21.9
721,1377931967,21.92
721,1377931972,21.92
721,1377931977,21.92
721,1377931982,21.91
721,1377931987,21.91
721,1377931992,21.92
721,1377931997,21.9
721,1377932002,21.9
721,1377932007,21.91
721,1377932012,21.9
721,1377932017,21.92
721,1377932022,21.92
721,1377932027,21.92
721,1377932032,21.92
721,1377932037,21.9
721,1377932042,21.92
721,1377932047,21.91
721,1377932052,21.92
721,1377932057,21.92
721,1377932062,21.92
721,1377932067,21.91
721,1377932072,21.92
721,1377932077,21.9
721,1377932082,21.91
721,1377932087,21.91
721,1377932092,21.91
721,1377932097,21.91
721,1377932102,21.9
721,1377932107,21.9
721,1377932112,21.9
721,1377932117,21.91
721,1377932122,21.9
721,1377932127,21.91
721,1377932132,21.9
721,1377932137,21.91
721,1377932142,21.9
721,1377932147,21.9
721,1377932152,21.9
721,1377932157,21.9
721,1377932162,21.89
721,1377932167,21.89
721,1377932172,21.9
721,1377932177,21.89
721,1377932182,21.9
721,1377932187,21.9
721,1377932192,21.9
721,1377932197,21.89
721,1377932202,21.9
721,1377932207,21.89
721,1377932212,21.87
721,1377932217,21.9
721,1377932222,21.9
721,1377932227,21.9
721,1377932232,21.89
721,1377932237,21.88
721,1377932242,21.9
721,1377932247,21.88
721,1377932252,21.89
721,1377932257,21.9
721,1377932262,21.89
721,1377932267,21.9
721,1377932272,21.89
721,1377932277,21.88
721,1377932282,21.88
721,1377932287,21.87
721,1377932292,21.88
721,1377932297,21.88
721,1377932302,21.89
721,1377932307,21.89
721,1377932312,21.88
721,1377932317,21.88
721,1377932322,21.88
721,1377932327,21.88
721,1377932332,21.88
721,1377932337,21.88
721,1377932342,21.88
721,1377932347,21.88
721,1377932352,21.87
721,1377932357,21.88
721,1377932362,21.89
721,1377932367,21.88
721,1377932372,21.87
721,1377932377,21.88
721,1377932384,21.86
721,1377932387,21.88
721,1377932392,21.86
721,1377932397,21.87
721,1377932402,21.87
721,1377932407,21.87
721,1377932412,21.86
721,1377932417,21.87
721,1377932422,21.87
721,1377932427,21.86
721,1377932432,21.87
721,1377932437,21.86
721,1377932442,21.88
721,1377932447,21.86
721,1377932452,21.86
721,1377932457,21.86
721,1377932462,21.86
721,1377932467,21.86
721,1377932472,21.85
721,1377932477,21.85
721,1377932482,21.85
721,1377932487,21.86
721,1377932492,21.86
721,1377932497,21.85
721,1377932502,21.86
721,1377932507,21.85
721,1377932512,21.85
721,1377932517,21.86
721,1377932522,21.86
721,1377932527,21.85
721,1377932532,21.86
721,1377932537,21.86
721,1377932542,21.85
721,1377932547,21.85
721,1377932552,21.86
721,1377932557,21.85
721,1377932562,21.85
721,1377932567,21.85
721,1377932572,21.85
721,1377932577,21.86
721,1377932582,21.85
721,1377932587,21.84
721,1377932592,21.85
721,1377932597,21.85
721,1377932602,21.84
721,1377932607,21.84
721,1377932612,21.85
721,1377932617,21.84
721,1377932622,21.85
721,1377932627,21.84
721,1377932632,21.84
721,1377932637,21.84
721,1377932642,21.85
721,1377932647,21.84
721,1377932652,21.84
721,1377932657,21.83
721,1377932662,21.83
721,1377932667,21.84
721,1377932672,21.83
721,1377932677,21.83
721,1377932682,21.83
721,1377932687,21.84
721,1377932692,21.83
721,1377932697,21.84
721,1377932702,21.84
721,1377932707,21.83
721,1377932712,21.83
721,1377932717,21.83
721,1377932722,21.82
721,1377932727,21.84
721,1377932732,21.83
721,1377932737,21.82
721,1377932742,21.82
721,1377932747,21.84
721,1377932752,21.82
721,1377932757,21.84
721,1377932762,21.82
721,1377932767,21.83
721,1377932772,21.82
721,1377932777,21.82
721,1377932783,21.84
721,1377932787,21.82
721,1377932792,21.84
721,1377932797,21.83
721,1377932802,21.83
721,1377932807,21.82
721,1377932812,21.83
721,1377932817,21.83
721,1377932822,21.84
721,1377932827,21.83
721,1377932832,21.82
721,1377932837,21.83
721,1377932842,21.82
721,1377932847,21.83
721,1377932852,21.82
721,1377932857,21.82
721,1377932862,21.82
721,1377932867,21.83
721,1377932872,21.82
721,1377932877,21.82
721,1377932882,21.81
721,1377932887,21.82
721,1377932892,21.82
721,1377932897,21.82
721,1377932902,21.82
721,1377932907,21.82
721,1377932912,21.83
721,1377932917,21.81
721,1377932922,21.82
721,1377932927,21.82
721,1377932932,21.82
721,1377932937,21.81
721,1377932942,21.81
721,1377932947,21.81
721,1377932952,21.82
721,1377932957,21.81
721,1377932962,21.82
721,1377932967,21.82
721,1377932972,21.82
721,1377932977,21.8
721,1377932982,21.82
721,1377932987,21.82
721,1377932992,21.82
721,1377932997,21.82
721,1377933002,21.82
721,1377933007,21.82
721,1377933012,21.82
721,1377933017,21.81
721,1377933022,21.82
721,1377933027,21.82
721,1377933032,21.82
721,1377933037,21.81
721,1377933042,21.82
721,1377933047,21.82
721,1377933052,21.82
721,1377933057,21.82
721,1377933062,21.81
721,1377933067,21.81
721,1377933072,21.82
721,1377933083,21.81
721,1377933087,21.82
721,1377933092,21.81
721,1377933097,21.82
721,1377933102,21.82
721,1377933107,21.82
721,1377933112,21.81
721,1377933117,21.8
721,1377933122,21.81
721,1377933127,21.81
721,1377933132,21.82
721,1377933137,21.8
721,1377933142,21.8
721,1377933147,21.81
721,1377933152,21.81
721,1377933157,21.81
721,1377933162,21.81
721,1377933167,21.8
721,1377933172,21.8
721,1377933177,21.8
721,1377933182,21.8
721,1377933187,21.81
721,1377933192,21.81
721,1377933197,21.82
721,1377933202,21.8
721,1377933207,21.82
721,1377933212,21.8
721,1377933217,21.81
721,1377933222,21.81
721,1377933227,21.81
721,1377933232,21.81
721,1377933237,21.81
721,1377933242,21.81
721,1377933247,21.8
721,1377933252,21.82
721,1377933257,21.8
721,1377933262,21.8
721,1377933267,21.81
721,1377933272,21.81
721,1377933277,21.8
721,1377933282,21.8
721,1377933287,21.8
721,1377933292,21.81
721,1377933297,21.8
721,1377933302,21.8
721,1377933307,21.81
721,1377933312,21.8
721,1377933317,21.8
721,1377933322,21.8
721,1377933327,21.79
721,1377933332,21.8
721,1377933337,21.79
721,1377933342,21.8
721,1377933347,21.8
721,1377933352,21.81
721,1377933357,21.8
721,1377933362,21.8
721,1377933367,21.8
721,1377933372,21.81
721,1377933377,21.79
721,1377933382,21.8
721,1377933387,21.79
721,1377933392,21.8
721,1377933397,21.81
721,1377933402,21.8
721,1377933407,21.8
721,1377933412,21.8
721,1377933417,21.8
721,1377933422,21.79
721,1377933427,21.8
721,1377933432,21.8
721,1377933437,21.8
721,1377933442,21.79
721,1377933447,21.79
721,1377933452,21.8
721,1377933457,21.8
721,1377933462,21.79
721,1377933467,21.8
721,1377933472,21.8
721,1377933477,21.79
721,1377933482,21.79
721,1377933487,21.79
721,1377933492,21.79
721,1377933497,21.79
721,1377933502,21.79
721,1377933507,21.78
721,1377933512,21.79
721,1377933517,21.8
721,1377933522,21.79
721,1377933527,21.78
721,1377933532,21.78
721,1377933537,21.8
721,1377933542,21.79
721,1377933547,21.79
721,1377933552,21.78
721,1377933557,21.78
721,1377933562,21.78
721,1377933567,21.79
721,1377933572,21.79
721,1377933577,21.79
721,1377933582,21.79
721,1377933587,21.78
721,1377933592,21.78
721,1377933597,21.78
721,1377933602,21.78
721,1377933607,21.78
721,1377933612,21.78
721,1377933617,21.77
721,1377933622,21.78
721,1377933627,21.79
721,1377933632,21.77
721,1377933637,21.78
721,1377933642,21.78
721,1377933647,21.78
721,1377933652,21.78
721,1377933657,21.78
721,1377933662,21.78
721,1377933667,21.78
721,1377933672,21.78
721,1377933677,21.78
721,1377933682,21.78
721,1377933687,21.78
721,1377933692,21.78
721,1377933697,21.8
721,1377933702,21.78
721,1377933707,21.78
721,1377933712,21.78
721,1377933717,21.79
721,1377933722,21.77
721,1377933727,21.78
721,1377933732,21.78
721,1377933737,21.78
721,1377933742,21.78
721,1377933747,21.78
721,1377933752,21.78
721,1377933757,21.78
721,1377933762,21.78
721,1377933767,21.78
721,1377933772,21.78
721,1377933777,21.78
721,1377933784,21.78
721,1377933787,21.77
721,1377933792,21.77
721,1377933797,21.78
721,1377933802,21.78
721,1377933807,21.78
721,1377933812,21.77
721,1377933817,21.77
721,1377933822,21.78
721,1377933827,21.77
721,1377933832,21.76
721,1377933837,21.77
721,1377933842,21.77
721,1377933847,21.77
721,1377933852,21.78
721,1377933857,21.77
721,1377933862,21.77
721,1377933867,21.76
721,1377933872,21.76
721,1377933877,21.78
721,1377933882,21.77
721,1377933887,21.77
721,1377933892,21.77
721,1377933897,21.77
721,1377933902,21.76
721,1377933907,21.77
721,1377933912,21.76
721,1377933917,21.75
721,1377933922,21.76
721,1377933927,21.75
721,1377933932,21.75
721,1377933937,21.76
721,1377933942,21.75
721,1377933947,21.75
721,1377933952,21.75
721,1377933957,21.76
721,1377933962,21.75
721,1377933967,21.76
721,1377933972,21.75
721,1377933977,21.75
721,1377933982,21.75
721,1377933987,21.74
721,1377933992,21.76
721,1377933997,21.76
721,1377934002,21.74
721,1377934007,21.75
721,1377934012,21.74
721,1377934017,21.74
721,1377934022,21.76
721,1377934027,21.74
721,1377934032,21.75
721,1377934037,21.74
721,1377934042,21.74
721,1377934047,21.74
721,1377934052,21.73
721,1377934057,21.73
721,1377934062,21.73
721,1377934067,21.74
721,1377934072,21.73
721,1377934077,21.74
721,1377934082,21.73
721,1377934087,21.74
721,1377934092,21.74
721,1377934097,21.74
721,1377934102,21.74
721,1377934107,21.73
721,1377934112,21.74
721,1377934117,21.73
721,1377934122,21.74
721,1377934127,21.74
721,1377934132,21.74
721,1377934137,21.74
721,1377934142,21.73
721,1377934147,21.73
721,1377934152,21.74
721,1377934157,21.72
721,1377934162,21.73
721,1377934167,21.73
721,1377934172,21.74
721,1377934177,21.73
721,1377934182,21.75
721,1377934187,21.73
721,1377934192,21.73
721,1377934197,21.72
721,1377934202,21.72
721,1377934207,21.72
721,1377934212,21.74
721,1377934217,21.72
721,1377934222,21.72
721,1377934227,21.72
721,1377934232,21.74
721,1377934237,21.73
721,1377934242,21.72
721,1377934247,21.71
721,1377934252,21.72
721,1377934257,21.72
721,1377934262,21.72
721,1377934267,21.71
721,1377934272,21.72
721,1377934277,21.72
721,1377934282,21.72
721,1377934287,21.71
721,1377934292,21.72
721,1377934297,21.72
721,1377934302,21.71
721,1377934307,21.71
721,1377934312,21.72
721,1377934317,21.7
721,1377934322,21.72
721,1377934327,21.71
721,1377934332,21.71
721,1377934337,21.7
721,1377934342,21.7
721,1377934347,21.72
721,1377934352,21.71
721,1377934357,21.71
721,1377934362,21.71
721,1377934367,21.72
721,1377934372,21.7
721,1377934377,21.71
721,1377934382,21.71
721,1377934387,21.71
721,1377934392,21.71
721,1377934397,21.71
721,1377934402,21.71
721,1377934407,21.72
721,1377934412,21.7
721,1377934417,21.7
721,1377934421,21.7
721,1377934427,21.71
721,1377934432,21.7
721,1377934437,21.7
721,1377934442,21.69
721,1377934447,21.68
721,1377934452,21.7
721,1377934457,21.69
721,1377934462,21.69
721,1377934467,21.71
721,1377934472,21.7
721,1377934477,21.69
721,1377934482,21.7
721,1377934487,21.68
721,1377934492,21.69
721,1377934501,21.69
721,1377934502,21.68
721,1377934507,21.68
721,1377934512,21.7
721,1377934517,21.69
721,1377934522,21.69
721,1377934527,21.7
721,1377934532,21.69
721,1377934537,21.67
721,1377934542,21.7
721,1377934547,21.69
721,1377934552,21.69
721,1377934557,21.7
721,1377934561,21.69
721,1377934567,21.69
721,1377934571,21.69
721,1377934577,21.7
721,1377934582,21.69
721,1377934587,21.7
721,1377934592,21.69
721,1377934596,21.69
721,1377934601,21.7
721,1377934606,21.69
721,1377934612,21.7
721,1377934617,21.7
721,1377934621,21.7
721,1377934627,21.7
721,1377934632,21.69
721,1377934637,21.69
721,1377934641,21.7
721,1377934647,21.69
721,1377934652,21.7
721,1377934657,21.69
721,1377934661,21.69
721,1377934666,21.68
721,1377934672,21.68
721,1377934677,21.69
721,1377934682,21.69
721,1377934686,21.68
721,1377934691,21.69
721,1377934696,21.68
721,1377934701,21.7
721,1377934707,21.68
721,1377934712,21.69
721,1377934717,21.69
721,1377934722,21.68
721,1377934726,21.67
721,1377934731,21.68
721,1377934737,21.68
721,1377934742,21.69
721,1377934746,21.69
721,1377934751,21.69
721,1377934757,21.68
721,1377934762,21.68
721,1377934766,21.68
721,1377934771,21.68
721,1377934776,21.67
721,1377934782,21.68
721,1377934787,21.66
721,1377934792,21.68
721,1377934796,21.68
721,1377934801,21.68
721,1377934806,21.66
721,1377934812,21.68
721,1377934817,21.67
721,1377934822,21.68
721,1377934827,21.68
721,1377934831,21.68
721,1377934837,21.69
721,1377934842,21.68
721,1377934846,21.66
721,1377934851,21.66
721,1377934857,21.67
721,1377934862,21.68
721,1377934866,21.67
721,1377934871,21.67
721,1377934876,21.68
721,1377934881,21.67
721,1377934887,21.67
721,1377934891,21.68
721,1377934896,21.67
721,1377934901,21.68
721,1377934906,21.68
721,1377934911,21.67
721,1377934916,21.67
721,1377934921,21.68
721,1377934926,21.67
721,1377934931,21.67
721,1377934936,21.68
721,1377934942,21.68
721,1377934946,21.69
721,1377934951,21.67
721,1377934957,21.68
721,1377934961,21.67
721,1377934966,21.68
721,1377934971,21.67
721,1377934976,21.68
721,1377934981,21.66
721,1377934986,21.67
721,1377934991,21.67
721,1377934996,21.68
721,1377935001,21.66
721,1377935006,21.68
721,1377935011,21.68
721,1377935016,21.67
721,1377935021,21.67
721,1377935026,21.66
721,1377935032,21.66
721,1377935036,21.67
721,1377935041,21.68
721,1377935046,21.66
721,1377935052,21.68
721,1377935056,21.67
721,1377935061,21.66
721,1377935066,21.66
721,1377935071,21.66
721,1377935076,21.67
721,1377935081,21.66
721,1377935086,21.67
721,1377935091,21.66
721,1377935096,21.66
721,1377935101,21.66
721,1377935106,21.66
721,1377935111,21.66
721,1377935116,21.67
721,1377935121,21.66
721,1377935126,21.67
721,1377935131,21.66
721,1377935136,21.66
721,1377935141,21.66
721,1377935146,21.66
721,1377935151,21.66
721,1377935156,21.66
721,1377935162,21.66
721,1377935166,21.65
721,1377935171,21.66
721,1377935176,21.65
721,1377935181,21.65
721,1377935186,21.66
721,1377935191,21.66
721,1377935199,21.66
721,1377935201,21.65
721,1377935206,21.66
721,1377935211,21.65
721,1377935216,21.65
721,1377935221,21.65
721,1377935226,21.64
721,1377935231,21.65
721,1377935236,21.66
721,1377935241,21.66
721,1377935246,21.67
721,1377935251,21.64
721,1377935256,21.67
721,1377935261,21.66
721,1377935266,21.64
721,1377935271,21.66
721,1377935276,21.66
721,1377935281,21.66
721,1377935286,21.66
721,1377935291,21.66
721,1377935296,21.65
721,1377935301,21.64
721,1377935306,21.65
721,1377935311,21.65
721,1377935316,21.65
721,1377935321,21.65
721,1377935326,21.64
721,1377935331,21.66
721,1377935336,21.65
721,1377935341,21.65
721,1377935346,21.64
721,1377935351,21.65
721,1377935356,21.65
721,1377935361,21.64
721,1377935366,21.64
721,1377935371,21.64
721,1377935376,21.65
721,1377935381,21.64
721,1377935386,21.64
721,1377935391,21.64
721,1377935396,21.64
721,1377935401,21.64
721,1377935406,21.65
721,1377935411,21.64
721,1377935416,21.65
721,1377935421,21.64
721,1377935426,21.65
721,1377935431,21.65
721,1377935436,21.65
721,1377935441,21.65
721,1377935446,21.65
721,1377935451,21.64
721,1377935456,21.64
721,1377935461,21.65
721,1377935466,21.65
721,1377935471,21.65
721,1377935476,21.65
721,1377935481,21.64
721,1377935486,21.65
721,1377935491,21.64
721,1377935496,21.64
721,1377935501,21.65
721,1377935506,21.65
721,1377935511,21.65
721,1377935516,21.64
721,1377935521,21.64
721,1377935526,21.65
721,1377935531,21.65
721,1377935536,21.65
721,1377935541,21.65
721,1377935546,21.65
721,1377935551,21.64
721,1377935557,21.64
721,1377935561,21.64
721,1377935566,21.65
721,1377935571,21.64
721,1377935576,21.65
721,1377935581,21.64
721,1377935586,21.64
721,1377935591,21.64
721,1377935596,21.64
721,1377935601,21.65
721,1377935606,21.64
721,1377935611,21.63
721,1377935616,21.63
721,1377935621,21.64
721,1377935626,21.63
721,1377935631,21.64
721,1377935636,21.64
721,1377935641,21.63
721,1377935646,21.64
721,1377935651,21.63
721,1377935656,21.63
721,1377935661,21.65
721,1377935666,21.63
721,1377935671,21.64
721,1377935676,21.64
721,1377935681,21.63
721,1377935686,21.63
721,1377935691,21.62
721,1377935696,21.62
721,1377935701,21.64
721,1377935706,21.63
721,1377935711,21.64
721,1377935716,21.62
721,1377935721,21.62
721,1377935726,21.62
721,1377935731,21.61
721,1377935736,21.62
721,1377935741,21.63
721,1377935746,21.63
721,1377935751,21.62
721,1377935756,21.62
721,1377935761,21.62
721,1377935766,21.62
721,1377935771,21.62
721,1377935776,21.62
721,1377935781,21.62
721,1377935786,21.62
721,1377935791,21.61
721,1377935796,21.61
721,1377935801,21.62
721,1377935806,21.61
721,1377935811,21.62
721,1377935816,21.62
721,1377935821,21.6
721,1377935826,21.61
721,1377935831,21.6
721,1377935836,21.6
721,1377935841,21.6
721,1377935846,21.61
721,1377935851,21.6
721,1377935856,21.6
721,1377935861,21.58
721,1377935866,21.59
721,1377935871,21.59
721,1377935876,21.6
721,1377935881,21.6
721,1377935886,21.59
721,1377935891,21.59
721,1377935896,21.59
721,1377935901,21.6
721,1377935906,21.6
721,1377935911,21.59
721,1377935916,21.6
721,1377935921,21.58
721,1377935926,21.59
721,1377935934,21.58
721,1377935936,21.57
721,1377935941,21.6
721,1377935946,21.6
721,1377935951,21.58
721,1377935956,21.58
721,1377935961,21.58
721,1377935966,21.59
721,1377935971,21.59
721,1377935976,21.59
721,1377935981,21.59
721,1377935986,21.59
721,1377935991,21.58
721,1377935996,21.58
721,1377936001,21.57
721,1377936006,21.58
721,1377936011,21.59
721,1377936016,21.58
721,1377936021,21.57
721,1377936026,21.58
721,1377936031,21.58
721,1377936036,21.58
721,1377936041,21.58
721,1377936046,21.57
721,1377936051,21.57
721,1377936056,21.58
721,1377936061,21.57
721,1377936066,21.57
721,1377936071,21.57
721,1377936076,21.57
721,1377936081,21.56
721,1377936086,21.56
721,1377936091,21.56
721,1377936096,21.56
721,1377936101,21.56
721,1377936106,21.56
721,1377936111,21.56
721,1377936116,21.56
721,1377936121,21.56
721,1377936126,21.57
721,1377936131,21.56
721,1377936136,21.56
721,1377936141,21.56
721,1377936146,21.56
721,1377936151,21.56
721,1377936156,21.56
721,1377936161,21.56
721,1377936166,21.55
721,1377936171,21.56
721,1377936176,21.56
721,1377936181,21.56
721,1377936186,21.55
721,1377936191,21.56
721,1377936196,21.55
721,1377936201,21.56
721,1377936206,21.55
721,1377936211,21.56
721,1377936216,21.55
721,1377936221,21.56
721,1377936226,21.56
721,1377936231,21.55
721,1377936236,21.54
721,1377936241,21.55
721,1377936246,21.54
721,1377936251,21.54
721,1377936256,21.54
721,1377936261,21.54
721,1377936266,21.55
721,1377936271,21.54
721,1377936276,21.54
721,1377936281,21.55
721,1377936286,21.56
721,1377936291,21.54
721,1377936296,21.54
721,1377936301,21.54
721,1377936306,21.55
721,1377936311,21.54
721,1377936316,21.54
721,1377936321,21.55
721,1377936326,21.55
721,1377936331,21.55
721,1377936336,21.54
721,1377936341,21.54
721,1377936346,21.55
721,1377936351,21.55
721,1377936356,21.54
721,1377936361,21.54
721,1377936366,21.54
721,1377936371,21.54
721,1377936376,21.54
721,1377936381,21.54
721,1377936386,21.54
721,1377936391,21.54
721,1377936396,21.54
721,1377936401,21.53
721,1377936406,21.54
721,1377936411,21.54
721,1377936416,21.53
721,1377936421,21.55
721,1377936426,21.54
721,1377936431,21.54
721,1377936436,21.53
721,1377936441,21.54
721,1377936446,21.53
721,1377936451,21.53
721,1377936456,21.54
721,1377936461,21.54
721,1377936466,21.54
721,1377936471,21.53
721,1377936476,21.54
721,1377936481,21.54
721,1377936486,21.54
721,1377936491,21.53
721,1377936496,21.54
721,1377936501,21.53
721,1377936506,21.54
721,1377936511,21.53
721,1377936516,21.53
721,1377936521,21.53
721,1377936526,21.54
721,1377936531,21.54
721,1377936536,21.53
721,1377936541,21.53
721,1377936546,21.53
721,1377936551,21.53
721,1377936556,21.53
721,1377936561,21.54
721,1377936566,21.54
721,1377936571,21.52
721,1377936576,21.54
721,1377936581,21.53
721,1377936586,21.53
721,1377936591,21.53
721,1377936596,21.52
721,1377936601,21.53
721,1377936606,21.53
721,1377936611,21.54
721,1377936616,21.53
721,1377936621,21.53
721,1377936626,21.54
721,1377936631,21.52
721,1377936636,21.52
721,1377936641,21.53
721,1377936646,21.52
721,1377936651,21.52
721,1377936656,21.52
721,1377936661,21.53
721,1377936666,21.53
721,1377936671,21.52
721,1377936676,21.52
721,1377936681,21.52
721,1377936691,21.52
721,1377936696,21.53
721,1377936701,21.52
721,1377936706,21.52
721,1377936711,21.52
721,1377936716,21.52
721,1377936721,21.51
721,1377936726,21.51
721,1377936731,21.52
721,1377936736,21.53
721,1377936741,21.51
721,1377936746,21.52
721,1377936751,21.52
721,1377936756,21.5
721,1377936761,21.52
721,1377936766,21.52
721,1377936771,21.52
721,1377936776,21.51
721,1377936781,21.51
721,1377936786,21.52
721,1377936791,21.51
721,1377936796,21.52
721,1377936801,21.51
721,1377936806,21.51
721,1377936811,21.52
721,1377936816,21.51
721,1377936821,21.51
721,1377936826,21.51
721,1377936831,21.51
721,1377936836,21.51
721,1377936841,21.51
721,1377936846,21.52
721,1377936851,21.52
721,1377936856,21.51
721,1377936861,21.5
721,1377936866,21.5
721,1377936871,21.51
721,1377936876,21.5
721,1377936881,21.51
721,1377936886,21.51
721,1377936891,21.51
721,1377936896,21.5
721,1377936901,21.5
721,1377936906,21.5
721,1377936911,21.49
721,1377936916,21.5
721,1377936921,21.51
721,1377936926,21.51
721,1377936931,21.5
721,1377936936,21.5
721,1377936941,21.51
721,1377936946,21.51
721,1377936951,21.5
721,1377936956,21.51
721,1377936961,21.51
721,1377936967,21.5
721,1377936971,21.5
721,1377936976,21.51
721,1377936981,21.5
721,1377936986,21.5
721,1377936991,21.51
721,1377936996,21.51
721,1377937001,21.5
721,1377937006,21.5
721,1377937011,21.5
721,1377937016,21.5
721,1377937021,21.5
721,1377937026,21.5
721,1377937031,21.51
721,1377937036,21.51
721,1377937041,21.51
721,1377937046,21.51
721,1377937051,21.5
721,1377937056,21.5
721,1377937061,21.5
721,1377937066,21.49
721,1377937071,21.5
721,1377937076,21.5
721,1377937081,21.5
721,1377937086,21.5
721,1377937091,21.5
721,1377937096,21.5
721,1377937101,21.5
721,1377937106,21.48
721,1377937111,21.49
721,1377937116,21.49
721,1377937121,21.5
721,1377937126,21.5
721,1377937131,21.5
721,1377937136,21.49
721,1377937141,21.5
721,1377937146,21.5
721,1377937151,21.5
721,1377937156,21.5
721,1377937161,21.49
721,1377937166,21.49
721,1377937171,21.5
721,1377937176,21.49
721,1377937181,21.49
721,1377937186,21.48
721,1377937191,21.49
721,1377937196,21.49
721,1377937201,21.5
721,1377937206,21.5
721,1377937211,21.49
721,1377937216,21.5
721,1377937221,21.48
721,1377937226,21.48
721,1377937231,21.49
721,1377937236,21.49
721,1377937241,21.48
721,1377937246,21.48
721,1377937251,21.49
721,1377937256,21.48
721,1377937261,21.48
721,1377937266,21.49
721,1377937271,21.48
721,1377937276,21.48
721,1377937281,21.48
721,1377937286,21.49
721,1377937291,21.49
721,1377937296,21.49
721,1377937301,21.48
721,1377937306,21.48
721,1377937311,21.48
721,1377937316,21.5
721,1377937321,21.49
721,1377937326,21.48
721,1377937331,21.48
721,1377937336,21.49
721,1377937341,21.48
721,1377937346,21.48
721,1377937351,21.48
721,1377937356,21.48
721,1377937361,21.48
721,1377937366,21.48
721,1377937371,21.48
721,1377937376,21.48
721,1377937381,21.48
721,1377937386,21.48
721,1377937391,21.48
721,1377937396,21.48
721,1377937401,21.48
721,1377937406,21.48
721,1377937411,21.49
721,1377937416,21.47
721,1377937421,21.48
721,1377937426,21.47
721,1377937431,21.48
721,1377937436,21.48
721,1377937441,21.47
721,1377937451,21.47
721,1377937456,21.47
721,1377937461,21.48
721,1377937466,21.47
721,1377937471,21.47
721,1377937476,21.48
721,1377937481,21.46
721,1377937486,21.48
721,1377937491,21.48
721,1377937496,21.47
721,1377937501,21.48
721,1377937506,21.47
721,1377937511,21.48
721,1377937516,21.46
721,1377937521,21.46
721,1377937526,21.47
721,1377937531,21.46
721,1377937536,21.48
721,1377937541,21.47
721,1377937546,21.46
721,1377937551,21.46
721,1377937556,21.46
721,1377937561,21.46
721,1377937566,21.47
721,1377937571,21.45
721,1377937576,21.46
721,1377937581,21.47
721,1377937586,21.46
721,1377937591,21.46
721,1377937596,21.46
721,1377937601,21.46
721,1377937606,21.46
721,1377937611,21.46
721,1377937616,21.45
721,1377937621,21.44
721,1377937626,21.45
721,1377937631,21.45
721,1377937636,21.44
721,1377937641,21.45
721,1377937646,21.46
721,1377937651,21.45
721,1377937656,21.45
721,1377937661,21.44
721,1377937666,21.45
721,1377937671,21.46
721,1377937676,21.45
721,1377937681,21.46
721,1377937686,21.45
721,1377937691,21.45
721,1377937696,21.45
721,1377937701,21.46
721,1377937706,21.44
721,1377937711,21.44
721,1377937716,21.45
721,1377937721,21.46
721,1377937726,21.45
721,1377937731,21.46
721,1377937736,21.45
721,1377937741,21.46
721,1377937746,21.46
721,1377937751,21.45
721,1377937756,21.45
721,1377937761,21.46
721,1377937766,21.45
721,1377937771,21.46
721,1377937776,21.45
721,1377937781,21.45
721,1377937786,21.44
721,1377937791,21.46
721,1377937796,21.44
721,1377937801,21.43
721,1377937806,21.44
721,1377937811,21.45
721,1377937816,21.45
721,1377937821,21.45
721,1377937826,21.44
721,1377937831,21.43
721,1377937836,21.44
721,1377937841,21.43
721,1377937846,21.44
721,1377937851,21.44
721,1377937856,21.45
721,1377937861,21.44
721,1377937866,21.42
721,1377937871,21.43
721,1377937876,21.43
721,1377937881,21.44
721,1377937886,21.44
721,1377937891,21.44
721,1377937896,21.44
721,1377937901,21.44
721,1377937906,21.44
721,1377937911,21.45
721,1377937916,21.44
721,1377937921,21.44
721,1377937926,21.43
721,1377937931,21.44
721,1377937936,21.43
721,1377937941,21.44
721,1377937946,21.44
721,1377937951,21.44
721,1377937956,21.44
721,1377937961,21.44
721,1377937966,21.43
721,1377937971,21.44
721,1377937976,21.43
721,1377937981,21.44
721,1377937986,21.44
721,1377937991,21.44
721,1377937996,21.44
721,1377938001,21.43
721,1377938006,21.44
721,1377938011,21.44
721,1377938016,21.44
721,1377938021,21.43
721,1377938026,21.43
721,1377938031,21.44
721,1377938036,21.44
721,1377938042,21.44
721,1377938046,21.44
721,1377938051,21.44
721,1377938056,21.44
721,1377938061,21.44
721,1377938066,21.43
721,1377938071,21.44
721,1377938076,21.44
721,1377938081,21.44
721,1377938086,21.43
721,1377938091,21.44
721,1377938096,21.44
721,1377938101,21.44
721,1377938106,21.44
721,1377938111,21.44
721,1377938116,21.44
721,1377938121,21.44
721,1377938126,21.43
721,1377938131,21.44
721,1377938136,21.44
721,1377938141,21.44
721,1377938146,21.44
721,1377938151,21.43
721,1377938156,21.44
721,1377938161,21.44
721,1377938166,21.43
721,1377938171,21.44
721,1377938176,21.44
721,1377938181,21.44
721,1377938186,21.43
721,1377938191,21.44
721,1377938196,21.44
721,1377938201,21.44
721,1377938206,21.44
721,1377938211,21.44
721,1377938216,21.44
721,1377938221,21.42
721,1377938226,21.44
721,1377938231,21.44
721,1377938239,21.43
721,1377938241,21.42
721,1377938246,21.43
721,1377938251,21.44
721,1377938256,21.42
721,1377938261,21.42
721,1377938266,21.42
721,1377938271,21.42
721,1377938276,21.43
721,1377938281,21.43
721,1377938286,21.43
721,1377938291,21.43
721,1377938296,21.43
721,1377938301,21.42
721,1377938306,21.42
721,1377938311,21.42
721,1377938316,21.42
721,1377938321,21.43
721,1377938326,21.42
721,1377938331,21.42
721,1377938336,21.42
721,1377938341,21.42
721,1377938346,21.42
721,1377938351,21.42
721,1377938356,21.42
721,1377938361,21.42
721,1377938366,21.42
721,1377938371,21.4
721,1377938376,21.42
721,1377938381,21.4
721,1377938386,21.42
721,1377938391,21.42
721,1377938396,21.4
721,1377938401,21.41
721,1377938406,21.42
721,1377938411,21.4
721,1377938416,21.4
721,1377938421,21.41
721,1377938426,21.4
721,1377938431,21.41
721,1377938436,21.41
721,1377938441,21.4
721,1377938446,21.41
721,1377938451,21.4
721,1377938456,21.4
721,1377938461,21.41
721,1377938466,21.4
721,1377938471,21.4
721,1377938476,21.41
721,1377938481,21.41
721,1377938486,21.41
721,1377938491,21.4
721,1377938496,21.4
721,1377938501,21.4
721,1377938506,21.38
721,1377938511,21.4
721,1377938516,21.4
721,1377938521,21.4
721,1377938526,21.4
721,1377938531,21.39
721,1377938536,21.39
721,1377938541,21.39
721,1377938546,21.4
721,1377938551,21.4
721,1377938556,21.4
721,1377938561,21.39
721,1377938566,21.4
721,1377938571,21.4
721,1377938576,21.41
721,1377938581,21.4
721,1377938586,21.4
721,1377938591,21.4
721,1377938596,21.39
721,1377938601,21.39
721,1377938606,21.38
721,1377938611,21.4
721,1377938616,21.4
721,1377938621,21.38
721,1377938626,21.38
721,1377938631,21.38
721,1377938636,21.38
721,1377938641,21.38
721,1377938646,21.38
721,1377938651,21.38
721,1377938656,21.39
721,1377938661,21.4
721,1377938666,21.39
721,1377938671,21.39
721,1377938676,21.38
721,1377938681,21.39
721,1377938686,21.37
721,1377938691,21.38
721,1377938696,21.38
721,1377938701,21.37
721,1377938706,21.38
721,1377938711,21.38
721,1377938716,21.36
721,1377938721,21.38
721,1377938726,21.38
721,1377938731,21.38
721,1377938736,21.37
721,1377938741,21.38
721,1377938746,21.38
721,1377938751,21.38
721,1377938756,21.38
721,1377938761,21.38
721,1377938766,21.38
721,1377938771,21.38
721,1377938776,21.38
721,1377938781,21.37
721,1377938786,21.37
721,1377938791,21.36
721,1377938796,21.37
721,1377938801,21.38
721,1377938806,21.37
721,1377938811,21.37
721,1377938816,21.37
721,1377938821,21.37
721,1377938826,21.37
721,1377938831,21.36
721,1377938836,21.38
721,1377938841,21.37
721,1377938846,21.38
721,1377938851,21.37
721,1377938856,21.36
721,1377938861,21.38
721,1377938866,21.38
721,1377938871,21.37
721,1377938876,21.38
721,1377938881,21.36
721,1377938886,21.36
721,1377938891,21.37
721,1377938896,21.37
721,1377938901,21.36
721,1377938906,21.36
721,1377938911,21.36
721,1377938916,21.38
721,1377938921,21.37
721,1377938926,21.36
721,1377938931,21.36
721,1377938936,21.37
721,1377938941,21.36
721,1377938946,21.36
721,1377938951,21.36
721,1377938957,21.36
721,1377938961,21.36
721,1377938966,21.36
721,1377938971,21.37
721,1377938976,21.36
721,1377938981,21.36
721,1377938986,21.36
721,1377938996,21.36
721,1377939001,21.36
721,1377939006,21.36
721,1377939011,21.35
721,1377939016,21.35
721,1377939021,21.35
721,1377939026,21.36
721,1377939031,21.34
721,1377939036,21.36
721,1377939041,21.36
721,1377939046,21.36
721,1377939051,21.36
721,1377939056,21.36
721,1377939061,21.36
721,1377939066,21.36
721,1377939071,21.37
721,1377939076,21.36
721,1377939081,21.35
721,1377939086,21.35
721,1377939091,21.35
721,1377939096,21.36
721,1377939101,21.35
721,1377939106,21.35
721,1377939111,21.35
721,1377939116,21.35
721,1377939121,21.36
721,1377939126,21.36
721,1377939131,21.35
721,1377939136,21.36
721,1377939141,21.36
721,1377939146,21.35
721,1377939151,21.35
721,1377939156,21.36
721,1377939161,21.36
721,1377939166,21.36
721,1377939171,21.35
721,1377939176,21.36
721,1377939181,21.35
721,1377939186,21.35
721,1377939191,21.35
721,1377939196,21.35
721,1377939201,21.35
721,1377939206,21.34
721,1377939211,21.34
721,1377939216,21.36
721,1377939221,21.35
721,1377939226,21.36
721,1377939231,21.35
721,1377939236,21.35
721,1377939241,21.34
721,1377939246,21.35
721,1377939251,21.34
721,1377939256,21.34
721,1377939261,21.36
721,1377939266,21.36
721,1377939271,21.34
721,1377939276,21.34
721,1377939281,21.35
721,1377939286,21.34
721,1377939291,21.36
721,1377939296,21.34
721,1377939301,21.35
721,1377939306,21.35
721,1377939311,21.35
721,1377939316,21.35
721,1377939321,21.35
721,1377939326,21.35
721,1377939331,21.35
721,1377939336,21.35
721,1377939341,21.35
721,1377939346,21.35
721,1377939351,21.34
721,1377939356,21.35
721,1377939361,21.36
721,1377939366,21.35
721,1377939371,21.36
721,1377939376,21.36
721,1377939381,21.35
721,1377939386,21.36
721,1377939391,21.36
721,1377939396,21.35
721,1377939401,21.34
721,1377939407,21.34
721,1377939411,21.35
721,1377939416,21.34
721,1377939421,21.36
721,1377939426,21.36
721,1377939431,21.35
721,1377939436,21.36
721,1377939441,21.36
721,1377939446,21.35
721,1377939451,21.36
721,1377939456,21.36
721,1377939461,21.36
721,1377939466,21.36
721,1377939471,21.35
721,1377939476,21.35
721,1377939481,21.36
721,1377939486,21.36
721,1377939491,21.35
721,1377939496,21.36
721,1377939501,21.35
721,1377939506,21.35
721,1377939511,21.35
721,1377939516,21.35
721,1377939521,21.36
721,1377939526,21.36
721,1377939531,21.36
721,1377939536,21.35
721,1377939541,21.35
721,1377939546,21.35
721,1377939551,21.35
721,1377939556,21.35
721,1377939561,21.34
721,1377939566,21.35
721,1377939571,21.35
721,1377939576,21.34
721,1377939581,21.34
721,1377939586,21.35
721,1377939591,21.34
721,1377939596,21.36
721,1377939601,21.34
721,1377939606,21.35
721,1377939611,21.35
721,1377939616,21.35
721,1377939621,21.34
721,1377939626,21.34
721,1377939631,21.34
721,1377939636,21.34
721,1377939641,21.34
721,1377939646,21.34
721,1377939651,21.35
721,1377939656,21.34
721,1377939661,21.34
721,1377939666,21.34
721,1377939671,21.35
721,1377939676,21.34
721,1377939681,21.34
721,1377939686,21.33
721,1377939691,21.34
721,1377939696,21.34
721,1377939701,21.34
721,1377939706,21.34
721,1377939714,21.32
721,1377939716,21.34
721,1377939721,21.33
721,1377939726,21.33
721,1377939731,21.34
721,1377939736,21.34
721,1377939741,21.33
721,1377939746,21.33
721,1377939751,21.34
721,1377939756,21.34
721,1377939761,21.32
721,1377939766,21.34
721,1377939771,21.34
721,1377939776,21.34
721,1377939781,21.33
721,1377939786,21.33
721,1377939791,21.33
721,1377939796,21.34
721,1377939801,21.34
721,1377939806,21.34
721,1377939811,21.33
721,1377939816,21.32
721,1377939821,21.33
721,1377939826,21.33
721,1377939831,21.34
721,1377939836,21.33
721,1377939841,21.33
721,1377939846,21.34
721,1377939851,21.32
721,1377939856,21.32
721,1377939861,21.34
721,1377939866,21.33
721,1377939871,21.33
721,1377939876,21.32
721,1377939881,21.34
721,1377939886,21.32
721,1377939891,21.34
721,1377939896,21.33
721,1377939901,21.32
721,1377939906,21.32
721,1377939911,21.33
721,1377939916,21.32
721,1377939921,21.32
721,1377939926,21.32
721,1377939931,21.33
721,1377939936,21.32
721,1377939941,21.32
721,1377939946,21.32
721,1377939951,21.32
721,1377939956,21.32
721,1377939961,21.33
721,1377939966,21.31
721,1377939971,21.32
721,1377939976,21.31
721,1377939981,21.32
721,1377939986,21.32
721,1377939991,21.32
721,1377939996,21.32
721,1377940001,21.32
721,1377940006,21.3
721,1377940011,21.31
721,1377940016,21.32
721,1377940021,21.32
721,1377940026,21.31
721,1377940031,21.3
721,1377940036,21.32
721,1377940041,21.32
721,1377940046,21.31
721,1377940051,21.32
721,1377940056,21.31
721,1377940061,21.3
721,1377940066,21.31
721,1377940071,21.32
721,1377940076,21.32
721,1377940081,21.3
721,1377940086,21.31
721,1377940091,21.31
721,1377940096,21.31
721,1377940101,21.31
721,1377940106,21.32
721,1377940111,21.3
721,1377940116,21.31
721,1377940121,21.31
721,1377940126,21.31
721,1377940131,21.3
721,1377940136,21.3
721,1377940141,21.31
721,1377940146,21.31
721,1377940151,21.31
721,1377940156,21.31
721,1377940161,21.3
721,1377940166,21.31
721,1377940171,21.32
721,1377940176,21.3
721,1377940181,21.3
721,1377940186,21.31
721,1377940191,21.3
721,1377940196,21.31
721,1377940201,21.3
721,1377940206,21.3
721,1377940211,21.3
721,1377940216,21.3
721,1377940221,21.3
721,1377940226,21.3
721,1377940231,21.3
721,1377940236,21.28
721,1377940241,21.29
721,1377940246,21.3
721,1377940251,21.29
721,1377940256,21.29
721,1377940261,21.28
721,1377940266,21.29
721,1377940271,21.28
721,1377940276,21.29
721,1377940281,21.29
721,1377940286,21.28
721,1377940291,21.3
721,1377940296,21.28
721,1377940301,21.28
721,1377940306,21.28
721,1377940311,21.28
721,1377940316,21.29
721,1377940321,21.3
721,1377940326,21.29
721,1377940331,21.29
721,1377940336,21.3
721,1377940341,21.29
721,1377940346,21.31
721,1377940351,21.3
721,1377940356,21.3
721,1377940361,21.3
721,1377940366,21.29
721,1377940371,21.29
721,1377940376,21.29
721,1377940381,21.29
721,1377940386,21.3
721,1377940391,21.3
721,1377940396,21.29
721,1377940401,21.3
721,1377940406,21.28
721,1377940411,21.29
721,1377940416,21.29
721,1377940421,21.28
721,1377940426,21.28
721,1377940431,21.28
721,1377940436,21.28
721,1377940441,21.29
721,1377940446,21.29
721,1377940451,21.3
721,1377940456,21.3
721,1377940461,21.29
721,1377940466,21.29
721,1377940476,21.28
721,1377940477,21.3
721,1377940481,21.28
721,1377940486,21.28
721,1377940491,21.29
721,1377940496,21.29
721,1377940501,21.3
721,1377940506,21.28
721,1377940511,21.28
721,1377940516,21.28
721,1377940521,21.28
721,1377940526,21.28
721,1377940531,21.28
721,1377940536,21.29
721,1377940541,21.28
721,1377940546,21.28
721,1377940551,21.28
721,1377940556,21.28
721,1377940561,21.28
721,1377940566,21.29
721,1377940571,21.3
721,1377940576,21.28
721,1377940581,21.28
721,1377940586,21.29
721,1377940591,21.29
721,1377940596,21.27
721,1377940601,21.28
721,1377940606,21.29
721,1377940611,21.28
721,1377940616,21.28
721,1377940621,21.28
721,1377940626,21.28
721,1377940631,21.27
721,1377940636,21.28
721,1377940641,21.27
721,1377940646,21.29
721,1377940651,21.28
721,1377940656,21.28
721,1377940661,21.28
721,1377940666,21.28
721,1377940671,21.28
721,1377940676,21.28
721,1377940681,21.27
721,1377940686,21.28
721,1377940691,21.28
721,1377940696,21.28
721,1377940701,21.28
721,1377940706,21.28
721,1377940711,21.28
721,1377940716,21.27
721,1377940721,21.27
721,1377940726,21.27
721,1377940731,21.27
721,1377940736,21.27
721,1377940741,21.28
721,1377940746,21.27
721,1377940751,21.28
721,1377940756,21.27
721,1377940761,21.27
721,1377940766,21.27
721,1377940771,21.27
721,1377940776,21.28
721,1377940781,21.29
721,1377940786,21.28
721,1377940791,21.27
721,1377940796,21.27
721,1377940801,21.27
721,1377940806,21.27
721,1377940811,21.26
721,1377940816,21.26
721,1377940821,21.27
721,1377940826,21.27
721,1377940831,21.26
721,1377940836,21.26
721,1377940841,21.26
721,1377940846,21.26
721,1377940851,21.26
721,1377940856,21.27
721,1377940861,21.26
721,1377940866,21.27
721,1377940871,21.28
721,1377940876,21.26
721,1377940881,21.26
721,1377940886,21.25
721,1377940891,21.26
721,1377940896,21.26
721,1377940901,21.26
721,1377940906,21.25
721,1377940911,21.25
721,1377940916,21.25
721,1377940921,21.26
721,1377940926,21.26
721,1377940932,21.26
721,1377940936,21.26
721,1377940941,21.26
721,1377940946,21.26
721,1377940951,21.26
721,1377940956,21.26
721,1377940961,21.26
721,1377940966,21.25
721,1377940971,21.26
721,1377940976,21.25
721,1377940981,21.26
721,1377940986,21.25
721,1377940991,21.26
721,1377940996,21.25
721,1377941001,21.26
721,1377941006,21.25
721,1377941011,21.25
721,1377941016,21.26
721,1377941021,21.25
721,1377941026,21.26
721,1377941031,21.25
721,1377941036,21.25
721,1377941041,21.26
721,1377941046,21.26
721,1377941051,21.26
721,1377941056,21.26
721,1377941061,21.25
721,1377941066,21.26
721,1377941071,21.26
721,1377941076,21.26
721,1377941081,21.26
721,1377941086,21.26
721,1377941091,21.25
721,1377941096,21.26
721,1377941101,21.26
721,1377941106,21.25
721,1377941111,21.26
721,1377941116,21.25
721,1377941121,21.25
721,1377941126,21.25
721,1377941131,21.26
721,1377941136,21.25
721,1377941141,21.25
721,1377941146,21.26
721,1377941151,21.24
721,1377941156,21.24
721,1377941161,21.25
721,1377941166,21.25
721,1377941171,21.25
721,1377941176,21.25
721,1377941181,21.25
721,1377941186,21.24
721,1377941191,21.24
721,1377941196,21.26
721,1377941201,21.24
721,1377941206,21.25
721,1377941211,21.25
721,1377941216,21.25
721,1377941221,21.25
721,1377941226,21.25
721,1377941231,21.24
721,1377941239,21.24
721,1377941241,21.24
721,1377941246,21.25
721,1377941251,21.24
721,1377941256,21.25
721,1377941261,21.23
721,1377941266,21.24
721,1377941271,21.24
721,1377941276,21.24
721,1377941281,21.24
721,1377941286,21.23
721,1377941291,21.24
721,1377941296,21.24
721,1377941301,21.23
721,1377941306,21.24
721,1377941311,21.24
721,1377941316,21.25
721,1377941321,21.24
721,1377941326,21.24
721,1377941331,21.24
721,1377941336,21.24
721,1377941341,21.23
721,1377941346,21.23
721,1377941351,21.23
721,1377941356,21.24
721,1377941361,21.23
721,1377941366,21.23
721,1377941371,21.24
721,1377941376,21.23
721,1377941381,21.23
721,1377941386,21.23
721,1377941391,21.24
721,1377941396,21.23
721,1377941401,21.23
721,1377941406,21.23
721,1377941411,21.21
721,1377941416,21.22
721,1377941421,21.23
721,1377941426,21.23
721,1377941431,21.23
721,1377941436,21.22
721,1377941441,21.22
721,1377941446,21.22
721,1377941451,21.23
721,1377941456,21.22
721,1377941461,21.22
721,1377941466,21.22
721,1377941471,21.22
721,1377941476,21.23
721,1377941481,21.23
721,1377941486,21.22
721,1377941491,21.23
721,1377941496,21.22
721,1377941501,21.21
721,1377941506,21.22
721,1377941511,21.22
721,1377941516,21.21
721,1377941521,21.22
721,1377941526,21.22
721,1377941531,21.22
721,1377941536,21.21
721,1377941541,21.21
721,1377941546,21.21
721,1377941551,21.22
721,1377941556,21.22
721,1377941561,21.21
721,1377941566,21.22
721,1377941571,21.21
721,1377941576,21.22
721,1377941581,21.2
721,1377941586,21.21
721,1377941591,21.22
721,1377941596,21.21
721,1377941601,21.21
721,1377941606,21.21
721,1377941611,21.21
721,1377941616,21.21
721,1377941621,21.2
721,1377941626,21.21
721,1377941631,21.21
721,1377941636,21.22
721,1377941641,21.21
721,1377941646,21.21
721,1377941651,21.21
721,1377941656,21.21
721,1377941661,21.2
721,1377941666,21.2
721,1377941671,21.21
721,1377941676,21.2
721,1377941681,21.2
721,1377941686,21.2
721,1377941691,21.2
721,1377941696,21.21
721,1377941701,21.2
721,1377941706,21.2
721,1377941711,21.21
721,1377941716,21.2
721,1377941721,21.2
721,1377941726,21.2
721,1377941731,21.21
721,1377941736,21.21
721,1377941741,21.2
721,1377941746,21.21
721,1377941751,21.21
721,1377941756,21.2
721,1377941761,21.21
721,1377941766,21.21
721,1377941771,21.2
721,1377941776,21.22
721,1377941781,21.2
721,1377941786,21.2
721,1377941791,21.2
721,1377941796,21.2
721,1377941801,21.2
721,1377941806,21.2
721,1377941811,21.2
721,1377941816,21.19
721,1377941821,21.19
721,1377941826,21.2
721,1377941831,21.2
721,1377941836,21.19
721,1377941841,21.19
721,1377941846,21.19
721,1377941851,21.19
721,1377941856,21.2
721,1377941861,21.2
721,1377941866,21.2
721,1377941871,21.2
721,1377941876,21.21
721,1377941881,21.2
721,1377941886,21.2
721,1377941891,21.2
721,1377941896,21.19
721,1377941901,21.2
721,1377941906,21.2
721,1377941911,21.19
721,1377941916,21.2
721,1377941921,21.2
721,1377941926,21.18
721,1377941931,21.19
721,1377941936,21.19
721,1377941941,21.19
721,1377941946,21.2
721,1377941956,21.19
721,1377941961,21.19
721,1377941966,21.19
721,1377941971,21.19
721,1377941976,21.19
721,1377941981,21.18
721,1377941986,21.19
721,1377941991,21.2
721,1377941996,21.19
721,1377942001,21.2
721,1377942006,21.19
721,1377942011,21.2
721,1377942016,21.2
721,1377942021,21.2
721,1377942026,21.19
721,1377942031,21.2
721,1377942036,21.19
721,1377942041,21.19
721,1377942046,21.18
721,1377942051,21.18
721,1377942056,21.19
721,1377942061,21.19
721,1377942066,21.19
721,1377942071,21.18
721,1377942076,21.19
721,1377942081,21.18
721,1377942086,21.18
721,1377942091,21.18
721,1377942096,21.17
721,1377942101,21.2
721,1377942106,21.18
721,1377942111,21.19
721,1377942116,21.19
721,1377942121,21.19
721,1377942126,21.19
721,1377942131,21.18
721,1377942136,21.18
721,1377942141,21.19
721,1377942146,21.18
721,1377942151,21.18
721,1377942156,21.2
721,1377942161,21.19
721,1377942166,21.18
721,1377942171,21.19
721,1377942176,21.18
721,1377942181,21.18
721,1377942186,21.19
721,1377942191,21.18
721,1377942196,21.18
721,1377942201,21.18
721,1377942206,21.17
721,1377942211,21.19
721,1377942216,21.19
721,1377942221,21.18
721,1377942226,21.18
721,1377942231,21.19
721,1377942236,21.19
721,1377942241,21.18
721,1377942246,21.18
721,1377942251,21.18
721,1377942256,21.18
721,1377942261,21.19
721,1377942266,21.18
721,1377942271,21.18
721,1377942276,21.18
721,1377942281,21.19
721,1377942286,21.18
721,1377942291,21.18
721,1377942296,21.18
721,1377942301,21.17
721,1377942306,21.18
721,1377942311,21.17
721,1377942316,21.18
721,1377942321,21.18
721,1377942326,21.18
721,1377942331,21.17
721,1377942336,21.18
721,1377942341,21.18
721,1377942346,21.17
721,1377942351,21.18
721,1377942356,21.19
721,1377942361,21.18
721,1377942366,21.18
721,1377942371,21.18
721,1377942376,21.18
721,1377942381,21.17
721,1377942386,21.17
721,1377942391,21.16
721,1377942396,21.18
721,1377942401,21.17
721,1377942406,21.17
721,1377942411,21.17
721,1377942416,21.17
721,1377942421,21.16
721,1377942426,21.17
721,1377942431,21.16
721,1377942436,21.17
721,1377942441,21.16
721,1377942446,21.18
721,1377942451,21.16
721,1377942456,21.15
721,1377942461,21.16
721,1377942466,21.16
721,1377942471,21.16
721,1377942476,21.16
721,1377942481,21.17
721,1377942486,21.17
721,1377942491,21.17
721,1377942496,21.16
721,1377942501,21.16
721,1377942506,21.16
721,1377942511,21.17
721,1377942516,21.16
721,1377942521,21.16
721,1377942526,21.17
721,1377942531,21.16
721,1377942536,21.16
721,1377942541,21.17
721,1377942546,21.17
721,1377942551,21.15
721,1377942556,21.16
721,1377942561,21.15
721,1377942566,21.16
721,1377942571,21.16
721,1377942576,21.16
721,1377942581,21.15
721,1377942586,21.16
721,1377942591,21.15
721,1377942596,21.15
721,1377942601,21.16
721,1377942606,21.16
721,1377942611,21.16
721,1377942616,21.16
721,1377942621,21.16
721,1377942626,21.16
721,1377942631,21.14
721,1377942636,21.14
721,1377942641,21.15
721,1377942646,21.15
721,1377942651,21.15
721,1377942656,21.15
721,1377942661,21.14
721,1377942666,21.14
721,1377942671,21.14
721,1377942676,21.14
721,1377942681,21.15
721,1377942686,21.14
721,1377942691,21.14
721,1377942696,21.14
721,1377942706,21.14
721,1377942711,21.15
721,1377942716,21.14
721,1377942721,21.14
721,1377942726,21.16
721,1377942731,21.15
721,1377942736,21.14
721,1377942741,21.14
721,1377942746,21.15
721,1377942751,21.14
721,1377942756,21.14
721,1377942761,21.15
721,1377942766,21.13
721,1377942771,21.15
721,1377942776,21.15
721,1377942781,21.15
721,1377942786,21.15
721,1377942791,21.16
721,1377942796,21.15
721,1377942801,21.15
721,1377942806,21.15
721,1377942811,21.15
721,1377942816,21.14
721,1377942821,21.15
721,1377942826,21.15
721,1377942831,21.14
721,1377942836,21.14
721,1377942841,21.14
721,1377942846,21.14
721,1377942851,21.14
721,1377942856,21.14
721,1377942861,21.15
721,1377942866,21.15
721,1377942871,21.16
721,1377942876,21.16
721,1377942881,21.14
721,1377942886,21.13
721,1377942891,21.13
721,1377942896,21.14
721,1377942901,21.13
721,1377942906,21.14
721,1377942911,21.15
721,1377942916,21.14
721,1377942921,21.14
721,1377942926,21.14
721,1377942931,21.14
721,1377942936,21.14
721,1377942941,21.13
721,1377942946,21.13
721,1377942951,21.12
721,1377942956,21.14
721,1377942961,21.12
721,1377942966,21.12
721,1377942971,21.13
721,1377942976,21.13
721,1377942981,21.13
721,1377942986,21.13
721,1377942991,21.13
721,1377942996,21.13
721,1377943001,21.12
721,1377943006,21.13
721,1377943011,21.12
721,1377943016,21.12
721,1377943021,21.12
721,1377943026,21.13
721,1377943031,21.13
721,1377943036,21.13
721,1377943041,21.12
721,1377943046,21.12
721,1377943051,21.12
721,1377943056,21.13
721,1377943061,21.14
721,1377943066,21.12
721,1377943071,21.12
721,1377943076,21.12
721,1377943081,21.12
721,1377943086,21.12
721,1377943091,21.13
721,1377943096,21.12
721,1377943101,21.14
721,1377943106,21.12
721,1377943111,21.14
721,1377943116,21.14
721,1377943121,21.12
721,1377943126,21.12
721,1377943131,21.13
721,1377943136,21.13
721,1377943141,21.12
721,1377943146,21.13
721,1377943151,21.12
721,1377943156,21.13
721,1377943161,21.13
721,1377943166,21.12
721,1377943171,21.14
721,1377943176,21.12
721,1377943181,21.13
721,1377943186,21.12
721,1377943191,21.12
721,1377943196,21.12
721,1377943201,21.13
721,1377943206,21.12
721,1377943211,21.14
721,1377943216,21.13
721,1377943221,21.14
721,1377943226,21.14
721,1377943231,21.14
721,1377943236,21.14
721,1377943241,21.13
721,1377943246,21.13
721,1377943251,21.13
721,1377943256,21.12
721,1377943261,21.13
721,1377943266,21.13
721,1377943271,21.14
721,1377943276,21.13
721,1377943281,21.12
721,1377943286,21.13
721,1377943291,21.13
721,1377943296,21.13
721,1377943301,21.13
721,1377943306,21.12
721,1377943311,21.13
721,1377943316,21.12
721,1377943321,21.13
721,1377943326,21.12
721,1377943331,21.12
721,1377943336,21.11
721,1377943341,21.13
721,1377943346,21.13
721,1377943351,21.12
721,1377943356,21.13
721,1377943361,21.12
721,1377943366,21.12
721,1377943371,21.13
721,1377943376,21.12
721,1377943381,21.12
721,1377943386,21.12
721,1377943391,21.12
721,1377943396,21.12
721,1377943401,21.13
721,1377943406,21.12
721,1377943411,21.12
721,1377943416,21.12
721,1377943421,21.12
721,1377943426,21.12
721,1377943431,21.12
721,1377943436,21.12
721,1377943441,21.12
721,1377943446,21.11
721,1377943451,21.1
721,1377943456,21.12
721,1377943461,21.11
721,1377943471,21.11
721,1377943476,21.12
721,1377943481,21.11
721,1377943486,21.1
721,1377943491,21.12
721,1377943496,21.11
721,1377943501,21.1
721,1377943506,21.11
721,1377943511,21.11
721,1377943516,21.11
721,1377943521,21.11
721,1377943526,21.12
721,1377943531,21.1
721,1377943536,21.1
721,1377943541,21.1
721,1377943546,21.1
721,1377943551,21.1
721,1377943556,21.1
721,1377943561,21.1
721,1377943566,21.1
721,1377943571,21.1
721,1377943576,21.1
721,1377943581,21.09
721,1377943586,21.1
721,1377943591,21.1
721,1377943596,21.1
721,1377943601,21.1
721,1377943606,21.1
721,1377943611,21.1
721,1377943616,21.09
721,1377943621,21.1
721,1377943626,21.1
721,1377943631,21.08
721,1377943636,21.1
721,1377943641,21.09
721,1377943646,21.09
721,1377943651,21.09
721,1377943656,21.1
721,1377943661,21.09
721,1377943666,21.09
721,1377943671,21.09
721,1377943676,21.08
721,1377943681,21.08
721,1377943686,21.07
721,1377943691,21.08
721,1377943696,21.08
721,1377943701,21.08
721,1377943706,21.08
721,1377943711,21.08
721,1377943716,21.08
721,1377943721,21.08
721,1377943726,21.08
721,1377943731,21.08
721,1377943736,21.08
721,1377943741,21.08
721,1377943746,21.08
721,1377943751,21.08
721,1377943756,21.07
721,1377943761,21.09
721,1377943766,21.08
721,1377943771,21.08
721,1377943776,21.08
721,1377943781,21.07
721,1377943786,21.09
721,1377943791,21.09
721,1377943796,21.08
721,1377943801,21.08
721,1377943806,21.07
721,1377943811,21.07
721,1377943816,21.06
721,1377943821,21.08
721,1377943826,21.08
721,1377943831,21.08
721,1377943836,21.1
721,1377943841,21.08
721,1377943846,21.08
721,1377943851,21.08
721,1377943856,21.08
721,1377943861,21.08
721,1377943866,21.08
721,1377943871,21.06
721,1377943876,21.07
721,1377943881,21.07
721,1377943886,21.08
721,1377943891,21.08
721,1377943896,21.07
721,1377943901,21.07
721,1377943906,21.07
721,1377943911,21.07
721,1377943916,21.07
721,1377943921,21.08
721,1377943926,21.08
721,1377943931,21.07
721,1377943936,21.06
721,1377943941,21.08
721,1377943946,21.07
721,1377943951,21.07
721,1377943956,21.06
721,1377943961,21.07
721,1377943966,21.06
721,1377943971,21.08
721,1377943976,21.07
721,1377943981,21.06
721,1377943986,21.07
721,1377943991,21.06
721,1377943996,21.08
721,1377944001,21.08
721,1377944006,21.07
721,1377944011,21.07
721,1377944016,21.07
721,1377944021,21.07
721,1377944026,21.07
721,1377944031,21.07
721,1377944036,21.08
721,1377944041,21.06
721,1377944046,21.06
721,1377944051,21.08
721,1377944056,21.07
721,1377944061,21.07
721,1377944066,21.06
721,1377944071,21.06
721,1377944076,21.06
721,1377944081,21.07
721,1377944086,21.06
721,1377944091,21.06
721,1377944096,21.06
721,1377944101,21.06
721,1377944106,21.06
721,1377944111,21.06
721,1377944116,21.06
721,1377944122,21.06
721,1377944126,21.05
721,1377944131,21.06
721,1377944136,21.08
721,1377944141,21.06
721,1377944146,21.06
721,1377944151,21.06
721,1377944156,21.06
721,1377944161,21.05
721,1377944166,21.06
721,1377944171,21.07
721,1377944176,21.07
721,1377944181,21.06
721,1377944186,21.06
721,1377944191,21.06
721,1377944196,21.06
721,1377944201,21.06
721,1377944206,21.05
721,1377944211,21.06
721,1377944216,21.06
721,1377944221,21.05
721,1377944226,21.04
721,1377944234,21.06
721,1377944236,21.06
721,1377944241,21.05
721,1377944246,21.06
721,1377944251,21.04
721,1377944256,21.06
721,1377944261,21.05
721,1377944266,21.05
721,1377944271,21.06
721,1377944276,21.06
721,1377944281,21.06
721,1377944286,21.06
721,1377944291,21.06
721,1377944296,21.06
721,1377944301,21.06
721,1377944306,21.06
721,1377944311,21.06
721,1377944316,21.06
721,1377944321,21.06
721,1377944326,21.06
721,1377944331,21.06
721,1377944336,21.06
721,1377944341,21.07
721,1377944346,21.06
721,1377944351,21.06
721,1377944356,21.06
721,1377944361,21.06
721,1377944366,21.06
721,1377944371,21.06
721,1377944376,21.07
721,1377944381,21.06
721,1377944386,21.07
721,1377944391,21.06
721,1377944396,21.05
721,1377944401,21.07
721,1377944406,21.06
721,1377944411,21.07
721,1377944416,21.06
721,1377944421,21.06
721,1377944426,21.06
721,1377944431,21.06
721,1377944436,21.06
721,1377944441,21.06
721,1377944446,21.06
721,1377944451,21.06
721,1377944456,21.06
721,1377944461,21.06
721,1377944466,21.06
721,1377944471,21.06
721,1377944476,21.06
721,1377944481,21.06
721,1377944486,21.06
721,1377944491,21.06
721,1377944496,21.06
721,1377944501,21.07
721,1377944506,21.06
721,1377944511,21.07
721,1377944516,21.06
721,1377944521,21.06
721,1377944526,21.06
721,1377944531,21.06
721,1377944536,21.05
721,1377944541,21.05
721,1377944546,21.06
721,1377944551,21.06
721,1377944556,21.05
721,1377944561,21.05
721,1377944566,21.05
721,1377944571,21.06
721,1377944576,21.06
721,1377944581,21.07
721,1377944586,21.07
721,1377944591,21.05
721,1377944596,21.05
721,1377944601,21.06
721,1377944606,21.06
721,1377944611,21.05
721,1377944616,21.06
721,1377944621,21.05
721,1377944626,21.05
721,1377944631,21.06
721,1377944636,21.07
721,1377944641,21.06
721,1377944646,21.05
721,1377944651,21.06
721,1377944656,21.06
721,1377944661,21.05
721,1377944666,21.05
721,1377944671,21.05
721,1377944676,21.05
721,1377944681,21.06
721,1377944686,21.06
721,1377944691,21.05
721,1377944696,21.05
721,1377944701,21.04
721,1377944706,21.05
721,1377944711,21.04
721,1377944716,21.04
721,1377944721,21.05
721,1377944726,21.05
721,1377944731,21.04
721,1377944736,21.03
721,1377944741,21.05
721,1377944746,21.05
721,1377944751,21.04
721,1377944756,21.04
721,1377944761,21.03
721,1377944766,21.04
721,1377944771,21.04
721,1377944776,21.04
721,1377944781,21.04
721,1377944786,21.04
721,1377944791,21.05
721,1377944796,21.04
721,1377944801,21.04
721,1377944806,21.04
721,1377944811,21.04
721,1377944816,21.04
721,1377944821,21.04
721,1377944826,21.04
721,1377944831,21.04
721,1377944836,21.03
721,1377944841,21.03
721,1377944846,21.04
721,1377944851,21.04
721,1377944856,21.03
721,1377944861,21.04
721,1377944866,21.04
721,1377944871,21.04
721,1377944876,21.03
721,1377944881,21.03
721,1377944886,21.04
721,1377944891,21.02
721,1377944896,21.02
721,1377944901,21.04
721,1377944906,21.03
721,1377944911,21.03
721,1377944916,21.04
721,1377944921,21.04
721,1377944926,21.02
721,1377944931,21.02
721,1377944936,21.04
721,1377944941,21.02
721,1377944946,21.02
721,1377944951,21.03
721,1377944956,21.04
721,1377944961,21.03
721,1377944966,21.02
721,1377944971,21.02
721,1377944976,21.03
721,1377944985,21.02
721,1377944986,21.02
721,1377944991,21.02
721,1377944996,21.02
721,1377945001,21.03
721,1377945006,21.02
721,1377945011,21.02
721,1377945016,21.03
721,1377945021,21.03
721,1377945026,21.03
721,1377945031,21.02
721,1377945036,21.02
721,1377945041,21.03
721,1377945046,21.02
721,1377945051,21.01
721,1377945056,21.03
721,1377945061,21.02
721,1377945066,21.02
721,1377945071,21.02
721,1377945076,21.02
721,1377945081,21.02
721,1377945086,21.01
721,1377945091,21.02
721,1377945096,21.02
721,1377945101,21.01
721,1377945106,21.02
721,1377945111,21.01
721,1377945116,21.01
721,1377945121,21.01
721,1377945126,21.02
721,1377945131,21.02
721,1377945136,21.01
721,1377945141,21.02
721,1377945146,21.02
721,1377945151,21.01
721,1377945156,21.01
721,1377945161,21.02
721,1377945166,21.02
721,1377945171,21.02
721,1377945176,21.02
721,1377945181,21.02
721,1377945186,21.01
721,1377945191,21.02
721,1377945196,21.02
721,1377945201,21.02
721,1377945206,21.03
721,1377945211,21.02
721,1377945216,21.03
721,1377945221,21.01
721,1377945226,21.02
721,1377945231,21.02
721,1377945236,21.01
721,1377945241,21.01
721,1377945246,21.02
721,1377945251,21.01
721,1377945256,21.02
721,1377945261,21.01
721,1377945266,21.02
721,1377945271,21.01
721,1377945276,21.01
721,1377945281,21.01
721,1377945286,21.02
721,1377945291,21.01
721,1377945296,21.01
721,1377945301,21.02
721,1377945306,21.02
721,1377945311,21.01
721,1377945316,21.02
721,1377945321,21.02
721,1377945326,21.02
721,1377945331,21.0
721,1377945336,21.02
721,1377945341,21.02
721,1377945346,21.01
721,1377945351,21.02
721,1377945356,21.01
721,1377945361,21.01
721,1377945366,21.0
721,1377945371,21.0
721,1377945376,21.0
721,1377945381,21.0
721,1377945386,21.01
721,1377945391,21.0
721,1377945396,21.01
721,1377945401,21.0
721,1377945406,21.0
721,1377945411,21.02
721,1377945416,21.01
721,1377945421,21.0
721,1377945426,21.0
721,1377945431,20.99
721,1377945436,21.0
721,1377945441,21.0
721,1377945446,21.0
721,1377945451,21.0
721,1377945456,21.0
721,1377945461,20.99
721,1377945466,21.0
721,1377945471,21.0
721,1377945476,21.0
721,1377945481,20.99
721,1377945486,20.98
721,1377945491,21.0
721,1377945496,21.0
721,1377945501,20.98
721,1377945506,20.98
721,1377945511,21.0
721,1377945516,20.99
721,1377945521,20.99
721,1377945526,20.99
721,1377945531,20.99
721,1377945536,20.99
721,1377945541,20.99
721,1377945546,20.99
721,1377945551,20.99
721,1377945556,20.99
721,1377945561,20.99
721,1377945566,21.0
721,1377945571,20.98
721,1377945576,20.99
721,1377945581,21.0
721,1377945586,20.98
721,1377945591,21.0
721,1377945596,21.0
721,1377945601,20.98
721,1377945606,20.98
721,1377945611,20.98
721,1377945616,20.99
721,1377945621,20.99
721,1377945626,20.98
721,1377945631,20.98
721,1377945636,20.99
721,1377945641,20.98
721,1377945646,20.98
721,1377945651,20.99
721,1377945656,20.98
721,1377945661,20.99
721,1377945666,20.99
721,1377945671,20.99
721,1377945676,20.98
721,1377945681,20.98
721,1377945691,20.97
721,1377945696,20.99
721,1377945701,20.98
721,1377945706,20.98
721,1377945711,20.99
721,1377945716,20.98
721,1377945721,20.99
721,1377945726,20.98
721,1377945731,20.97
721,1377945736,20.99
721,1377945741,20.97
721,1377945746,20.98
721,1377945751,20.98
721,1377945756,20.98
721,1377945761,20.99
721,1377945766,20.98
721,1377945771,20.97
721,1377945776,20.98
721,1377945781,20.98
721,1377945786,20.98
721,1377945791,20.98
721,1377945796,20.97
721,1377945801,20.98
721,1377945806,20.99
721,1377945811,20.99
721,1377945816,20.98
721,1377945821,20.98
721,1377945826,20.98
721,1377945831,20.99
721,1377945836,20.98
721,1377945841,20.98
721,1377945846,21.0
721,1377945851,20.99
721,1377945856,20.99
721,1377945861,20.98
721,1377945866,20.99
721,1377945871,20.98
721,1377945876,20.98
721,1377945881,20.97
721,1377945886,20.99
721,1377945891,20.99
721,1377945896,20.98
721,1377945901,20.99
721,1377945906,20.99
721,1377945911,20.98
721,1377945916,20.98
721,1377945921,20.99
721,1377945926,20.98
721,1377945931,20.98
721,1377945936,20.98
721,1377945941,20.98
721,1377945946,20.99
721,1377945951,20.99
721,1377945956,20.97
721,1377945961,20.98
721,1377945966,20.98
721,1377945971,20.99
721,1377945976,20.98
721,1377945981,20.98
721,1377945986,20.99
721,1377945991,20.98
721,1377945996,20.98
721,1377946001,20.98
721,1377946006,20.97
721,1377946011,20.98
721,1377946016,20.98
721,1377946021,20.98
721,1377946026,20.98
721,1377946031,20.97
721,1377946036,20.98
721,1377946041,20.98
721,1377946046,20.97
721,1377946051,20.96
721,1377946056,20.96
721,1377946061,20.97
721,1377946066,20.97
721,1377946071,20.97
721,1377946076,20.98
721,1377946081,20.96
721,1377946086,20.98
721,1377946091,20.96
721,1377946096,20.96
721,1377946101,20.97
721,1377946106,20.96
721,1377946111,20.97
721,1377946116,20.96
721,1377946121,20.96
721,1377946126,20.97
721,1377946131,20.96
721,1377946136,20.96
721,1377946141,20.96
721,1377946146,20.96
721,1377946151,20.96
721,1377946156,20.95
721,1377946161,20.95
721,1377946166,20.96
721,1377946171,20.96
721,1377946176,20.96
721,1377946181,20.96
721,1377946186,20.96
721,1377946191,20.96
721,1377946196,20.96
721,1377946201,20.95
721,1377946206,20.96
721,1377946211,20.95
721,1377946216,20.96
721,1377946221,20.96
721,1377946226,20.96
721,1377946231,20.96
721,1377946236,20.96
721,1377946241,20.96
721,1377946246,20.96
721,1377946251,20.98
721,1377946256,20.96
721,1377946261,20.96
721,1377946266,20.96
721,1377946271,20.96
721,1377946276,20.94
721,1377946281,20.96
721,1377946286,20.96
721,1377946291,20.95
721,1377946296,20.96
721,1377946301,20.95
721,1377946306,20.96
721,1377946311,20.96
721,1377946316,20.94
721,1377946321,20.95
721,1377946326,20.96
721,1377946331,20.95
721,1377946336,20.95
721,1377946341,20.94
721,1377946346,20.96
721,1377946351,20.95
721,1377946356,20.96
721,1377946361,20.94
721,1377946366,20.95
721,1377946371,20.95
721,1377946376,20.96
721,1377946381,20.94
721,1377946386,20.94
721,1377946391,20.94
721,1377946396,20.96
721,1377946401,20.96
721,1377946406,20.95
721,1377946411,20.95
721,1377946416,20.94
721,1377946426,20.96
721,1377946431,20.95
721,1377946436,20.95
721,1377946441,20.94
721,1377946446,20.95
721,1377946451,20.96
721,1377946456,20.95
721,1377946461,20.95
721,1377946466,20.95
721,1377946471,20.96
721,1377946476,20.96
721,1377946481,20.94
721,1377946486,20.96
721,1377946491,20.96
721,1377946496,20.96
721,1377946501,20.94
721,1377946506,20.95
721,1377946511,20.95
721,1377946516,20.95
721,1377946521,20.95
721,1377946526,20.95
721,1377946531,20.96
721,1377946536,20.96
721,1377946541,20.96
721,1377946546,20.96
721,1377946551,20.94
721,1377946556,20.94
721,1377946561,20.94
721,1377946566,20.95
721,1377946571,20.96
721,1377946576,20.96
721,1377946581,20.95
721,1377946586,20.94
721,1377946591,20.96
721,1377946596,20.94
721,1377946601,20.96
721,1377946606,20.94
721,1377946611,20.94
721,1377946616,20.94
721,1377946621,20.96
721,1377946626,20.96
721,1377946631,20.95
721,1377946636,20.94
721,1377946641,20.95
721,1377946646,20.96
721,1377946651,20.96
721,1377946656,20.95
721,1377946661,20.94
721,1377946666,20.95
721,1377946671,20.94
721,1377946676,20.96
721,1377946681,20.94
721,1377946686,20.94
721,1377946691,20.94
721,1377946696,20.94
721,1377946701,20.94
721,1377946706,20.94
721,1377946711,20.95
721,1377946716,20.94
721,1377946721,20.96
721,1377946726,20.96
721,1377946731,20.94
721,1377946736,20.95
721,1377946741,20.96
721,1377946746,20.95
721,1377946751,20.94
721,1377946756,20.93
721,1377946761,20.94
721,1377946766,20.94
721,1377946771,20.95
721,1377946776,20.94
721,1377946781,20.95
721,1377946786,20.94
721,1377946791,20.95
721,1377946796,20.95
721,1377946801,20.94
721,1377946806,20.94
721,1377946811,20.94
721,1377946816,20.94
721,1377946821,20.94
721,1377946826,20.94
721,1377946831,20.95
721,1377946836,20.94
721,1377946841,20.94
721,1377946846,20.94
721,1377946851,20.95
721,1377946856,20.94
721,1377946861,20.95
721,1377946866,20.94
721,1377946871,20.94
721,1377946876,20.95
721,1377946881,20.93
721,1377946886,20.94
721,1377946891,20.94
721,1377946896,20.94
721,1377946901,20.94
721,1377946906,20.94
721,1377946911,20.94
721,1377946916,20.94
721,1377946921,20.94
721,1377946926,20.94
721,1377946931,20.94
721,1377946936,20.93
721,1377946941,20.93
721,1377946946,20.93
721,1377946951,20.94
721,1377946956,20.94
721,1377946961,20.94
721,1377946966,20.92
721,1377946971,20.94
721,1377946976,20.93
721,1377946981,20.94
721,1377946986,20.94
721,1377946991,20.93
721,1377946996,20.94
721,1377947001,20.93
721,1377947006,20.94
721,1377947011,20.94
721,1377947016,20.94
721,1377947021,20.94
721,1377947026,20.93
721,1377947031,20.93
721,1377947036,20.94
721,1377947041,20.93
721,1377947046,20.94
721,1377947051,20.93
721,1377947056,20.93
721,1377947061,20.93
721,1377947066,20.94
721,1377947071,20.93
721,1377947076,20.94
721,1377947081,20.93
721,1377947086,20.93
721,1377947091,20.94
721,1377947096,20.94
721,1377947101,20.94
721,1377947106,20.94
721,1377947111,20.94
721,1377947116,20.93
721,1377947121,20.93
721,1377947126,20.93
721,1377947131,20.92
721,1377947136,20.94
721,1377947146,20.93
721,1377947151,20.94
721,1377947156,20.94
721,1377947161,20.92
721,1377947166,20.93
721,1377947171,20.94
721,1377947176,20.93
721,1377947181,20.92
721,1377947186,20.93
721,1377947191,20.93
721,1377947196,20.92
721,1377947201,20.94
721,1377947206,20.94
721,1377947211,20.93
721,1377947216,20.94
721,1377947221,20.93
721,1377947226,20.93
721,1377947231,20.93
721,1377947236,20.93
721,1377947241,20.93
721,1377947246,20.92
721,1377947251,20.92
721,1377947256,20.93
721,1377947261,20.93
721,1377947266,20.93
721,1377947271,20.93
721,1377947276,20.93
721,1377947281,20.93
721,1377947286,20.93
721,1377947291,20.92
721,1377947296,20.92
721,1377947301,20.92
721,1377947306,20.92
721,1377947311,20.92
721,1377947316,20.92
721,1377947321,20.92
721,1377947326,20.91
721,1377947331,20.92
721,1377947336,20.92
721,1377947341,20.91
721,1377947346,20.91
721,1377947351,20.92
721,1377947356,20.91
721,1377947361,20.9
721,1377947366,20.91
721,1377947371,20.91
721,1377947376,20.91
721,1377947381,20.92
721,1377947386,20.9
721,1377947391,20.9
721,1377947396,20.91
721,1377947401,20.9
721,1377947406,20.9
721,1377947411,20.91
721,1377947416,20.91
721,1377947421,20.9
721,1377947426,20.9
721,1377947431,20.9
721,1377947436,20.91
721,1377947441,20.9
721,1377947446,20.9
721,1377947451,20.9
721,1377947456,20.9
721,1377947461,20.9
721,1377947466,20.9
721,1377947471,20.9
721,1377947476,20.9
721,1377947481,20.91
721,1377947486,20.9
721,1377947491,20.89
721,1377947496,20.9
721,1377947501,20.89
721,1377947506,20.9
721,1377947511,20.9
721,1377947516,20.89
721,1377947521,20.9
721,1377947526,20.9
721,1377947531,20.9
721,1377947536,20.9
721,1377947541,20.9
721,1377947546,20.9
721,1377947551,20.9
721,1377947556,20.91
721,1377947561,20.89
721,1377947566,20.9
721,1377947571,20.9
721,1377947576,20.9
721,1377947581,20.89
721,1377947586,20.9
721,1377947591,20.89
721,1377947596,20.9
721,1377947601,20.9
721,1377947606,20.9
721,1377947611,20.9
721,1377947616,20.9
721,1377947621,20.88
721,1377947626,20.89
721,1377947631,20.88
721,1377947636,20.9
721,1377947641,20.9
721,1377947646,20.9
721,1377947651,20.89
721,1377947656,20.88
721,1377947661,20.89
721,1377947666,20.89
721,1377947671,20.9
721,1377947676,20.9
721,1377947681,20.9
721,1377947686,20.89
721,1377947691,20.89
721,1377947696,20.9
721,1377947701,20.88
721,1377947706,20.89
721,1377947711,20.9
721,1377947716,20.89
721,1377947721,20.88
721,1377947726,20.9
721,1377947731,20.89
721,1377947736,20.88
721,1377947741,20.89
721,1377947746,20.89
721,1377947751,20.89
721,1377947756,20.88
721,1377947761,20.88
721,1377947766,20.89
721,1377947771,20.88
721,1377947776,20.89
721,1377947781,20.9
721,1377947786,20.88
721,1377947791,20.88
721,1377947796,20.88
721,1377947801,20.88
721,1377947806,20.88
721,1377947811,20.88
721,1377947816,20.88
721,1377947821,20.88
721,1377947826,20.88
721,1377947831,20.87
721,1377947836,20.88
721,1377947841,20.87
721,1377947846,20.87
721,1377947851,20.88
721,1377947856,20.88
721,1377947861,20.87
721,1377947870,20.88
721,1377947871,20.88
721,1377947876,20.87
721,1377947881,20.88
721,1377947886,20.87
721,1377947891,20.87
721,1377947896,20.88
721,1377947901,20.88
721,1377947906,20.88
721,1377947911,20.89
721,1377947916,20.87
721,1377947921,20.87
721,1377947926,20.87
721,1377947931,20.86
721,1377947936,20.86
721,1377947941,20.87
721,1377947946,20.87
721,1377947951,20.87
721,1377947956,20.88
721,1377947961,20.87
721,1377947966,20.87
721,1377947971,20.87
721,1377947976,20.87
721,1377947981,20.88
721,1377947986,20.88
721,1377947991,20.87
721,1377947996,20.88
721,1377948001,20.87
721,1377948006,20.87
721,1377948011,20.88
721,1377948016,20.88
721,1377948021,20.88
721,1377948026,20.88
721,1377948031,20.89
721,1377948036,20.88
721,1377948041,20.88
721,1377948046,20.88
721,1377948051,20.88
721,1377948056,20.87
721,1377948061,20.87
721,1377948066,20.87
721,1377948071,20.88
721,1377948076,20.87
721,1377948081,20.87
721,1377948086,20.88
721,1377948091,20.87
721,1377948096,20.88
721,1377948101,20.88
721,1377948106,20.87
721,1377948111,20.88
721,1377948116,20.88
721,1377948121,20.88
721,1377948126,20.88
721,1377948131,20.88
721,1377948136,20.87
721,1377948141,20.86
721,1377948146,20.88
721,1377948151,20.88
721,1377948156,20.86
721,1377948161,20.87
721,1377948166,20.88
721,1377948171,20.88
721,1377948176,20.87
721,1377948181,20.88
721,1377948186,20.87
721,1377948191,20.86
721,1377948196,20.87
721,1377948201,20.87
721,1377948206,20.87
721,1377948211,20.87
721,1377948216,20.88
721,1377948221,20.88
721,1377948226,20.86
721,1377948231,20.87
721,1377948236,20.88
721,1377948241,20.86
721,1377948246,20.87
721,1377948251,20.86
721,1377948256,20.88
721,1377948261,20.86
721,1377948266,20.88
721,1377948271,20.86
721,1377948276,20.86
721,1377948281,20.86
721,1377948286,20.86
721,1377948291,20.86
721,1377948296,20.86
721,1377948301,20.86
721,1377948306,20.86
721,1377948311,20.87
721,1377948316,20.86
721,1377948321,20.86
721,1377948326,20.86
721,1377948331,20.86
721,1377948336,20.85
721,1377948341,20.86
721,1377948346,20.86
721,1377948351,20.86
721,1377948356,20.84
721,1377948361,20.86
721,1377948366,20.86
721,1377948371,20.85
721,1377948376,20.86
721,1377948381,20.84
721,1377948386,20.86
721,1377948391,20.86
721,1377948396,20.85
721,1377948401,20.85
721,1377948406,20.84
721,1377948411,20.85
721,1377948416,20.85
721,1377948421,20.85
721,1377948426,20.84
721,1377948431,20.86
721,1377948436,20.85
721,1377948441,20.84
721,1377948446,20.84
721,1377948451,20.86
721,1377948456,20.84
721,1377948461,20.85
721,1377948466,20.85
721,1377948471,20.84
721,1377948476,20.84
721,1377948481,20.84
721,1377948486,20.85
721,1377948491,20.84
721,1377948496,20.84
721,1377948501,20.84
721,1377948506,20.85
721,1377948511,20.86
721,1377948516,20.85
721,1377948521,20.85
721,1377948526,20.84
721,1377948531,20.84
721,1377948536,20.84
721,1377948541,20.84
721,1377948546,20.85
721,1377948551,20.84
721,1377948556,20.85
721,1377948561,20.84
721,1377948566,20.84
721,1377948571,20.85
721,1377948576,20.85
721,1377948581,20.85
721,1377948586,20.85
721,1377948591,20.84
721,1377948596,20.84
721,1377948601,20.84
721,1377948606,20.84
721,1377948611,20.85
721,1377948619,20.86
721,1377948621,20.85
721,1377948631,20.84
721,1377948636,20.85
721,1377948641,20.84
721,1377948646,20.86
721,1377948652,20.85
721,1377948656,20.84
721,1377948661,20.84
721,1377948666,20.84
721,1377948671,20.86
721,1377948676,20.85
721,1377948681,20.84
721,1377948686,20.84
721,1377948691,20.85
721,1377948696,20.85
721,1377948711,20.85
721,1377948721,20.84
721,1377948726,20.85
721,1377948731,20.86
721,1377948736,20.84
721,1377948741,20.85
721,1377948746,20.83
721,1377948751,20.84
721,1377948756,20.84
721,1377948761,20.84
721,1377948766,20.84
721,1377948771,20.84
721,1377948776,20.84
721,1377948786,20.84
721,1377948791,20.84
721,1377948796,20.84
721,1377948801,20.84
721,1377948806,20.84
721,1377948811,20.84
721,1377948816,20.84
721,1377948831,20.84
721,1377948846,20.85
721,1377948851,20.84
721,1377948856,20.85
721,1377948861,20.85
721,1377948866,20.84
721,1377948871,20.84
721,1377948876,20.84
721,1377948881,20.85
721,1377948886,20.84
721,1377948891,20.84
721,1377948896,20.84
721,1377948901,20.85
721,1377948906,20.84
721,1377948911,20.84
721,1377948916,20.84
721,1377948921,20.84
721,1377948926,20.84
721,1377948931,20.84
721,1377948936,20.84
721,1377948946,20.82
721,1377948951,20.82
721,1377948961,20.82
721,1377948971,20.84
721,1377948976,20.82
721,1377948986,20.83
721,1377948991,20.83
721,1377948996,20.82
721,1377949001,20.82
721,1377949006,20.83
721,1377949011,20.83
721,1377949016,20.84
721,1377949021,20.82
721,1377949026,20.83
721,1377949036,20.83
721,1377949046,20.82
721,1377949051,20.83
721,1377949056,20.82
721,1377949061,20.83
721,1377949066,20.83
721,1377949071,20.82
721,1377949076,20.83
721,1377949081,20.83
721,1377949086,20.83
721,1377949096,20.82
721,1377949101,20.82
721,1377949106,20.83
721,1377949111,20.82
721,1377949116,20.82
721,1377949121,20.82
721,1377949126,20.83
721,1377949131,20.82
721,1377949136,20.82
721,1377949141,20.83
721,1377949146,20.82
721,1377949151,20.82
721,1377949156,20.82
721,1377949161,20.82
721,1377949166,20.82
721,1377949176,20.82
721,1377949181,20.82
721,1377949191,20.81
721,1377949196,20.82
721,1377949201,20.81
721,1377949206,20.81
721,1377949216,20.82
721,1377949221,20.82
721,1377949226,20.82
721,1377949231,20.82
721,1377949236,20.82
721,1377949241,20.81
721,1377949246,20.82
721,1377949251,20.82
721,1377949256,20.82
721,1377949261,20.82
721,1377949266,20.81
721,1377949271,20.8
721,1377949276,20.81
721,1377949281,20.82
721,1377949286,20.81
721,1377949291,20.82
721,1377949296,20.82
721,1377949301,20.81
721,1377949306,20.8
721,1377949311,20.81
721,1377949316,20.81
721,1377949326,20.8
721,1377949331,20.8
721,1377949336,20.81
721,1377949341,20.81
721,1377949346,20.82
721,1377949351,20.81
721,1377949356,20.81
721,1377949361,20.8
721,1377949366,20.8
721,1377949374,20.81
721,1377949376,20.79
721,1377949381,20.8
721,1377949386,20.8
721,1377949391,20.81
721,1377949396,20.8
721,1377949401,20.8
721,1377949406,20.82
721,1377949412,20.81
721,1377949416,20.8
721,1377949421,20.8
721,1377949426,20.8
721,1377949431,20.8
721,1377949436,20.8
721,1377949441,20.79
721,1377949446,20.8
721,1377949451,20.8
721,1377949456,20.78
721,1377949461,20.8
721,1377949466,20.79
721,1377949471,20.8
721,1377949476,20.79
721,1377949481,20.8
721,1377949486,20.8
721,1377949491,20.8
721,1377949496,20.79
721,1377949501,20.8
721,1377949506,20.78
721,1377949511,20.79
721,1377949516,20.79
721,1377949521,20.79
721,1377949526,20.78
721,1377949531,20.8
721,1377949536,20.79
721,1377949541,20.79
721,1377949546,20.79
721,1377949551,20.79
721,1377949556,20.8
721,1377949561,20.8
721,1377949566,20.8
721,1377949571,20.79
721,1377949576,20.8
721,1377949581,20.79
721,1377949586,20.8
721,1377949591,20.8
721,1377949596,20.78
721,1377949601,20.8
721,1377949606,20.79
721,1377949611,20.8
721,1377949616,20.79
721,1377949621,20.79
721,1377949626,20.8
721,1377949631,20.8
721,1377949636,20.8
721,1377949641,20.8
721,1377949646,20.8
721,1377949651,20.79
721,1377949656,20.8
721,1377949661,20.8
721,1377949666,20.8
721,1377949671,20.79
721,1377949676,20.8
721,1377949681,20.79
721,1377949686,20.8
721,1377949691,20.79
721,1377949696,20.8
721,1377949701,20.79
721,1377949706,20.79
721,1377949711,20.8
721,1377949716,20.78
721,1377949721,20.79
721,1377949726,20.79
721,1377949731,20.78
721,1377949736,20.79
721,1377949741,20.79
721,1377949746,20.79
721,1377949751,20.78
721,1377949756,20.8
721,1377949761,20.79
721,1377949766,20.78
721,1377949771,20.79
721,1377949776,20.78
721,1377949781,20.79
721,1377949786,20.79
721,1377949791,20.8
721,1377949796,20.8
721,1377949801,20.8
721,1377949806,20.79
721,1377949811,20.79
721,1377949816,20.79
721,1377949821,20.79
721,1377949826,20.78
721,1377949831,20.8
721,1377949836,20.81
721,1377949841,20.79
721,1377949846,20.79
721,1377949851,20.78
721,1377949856,20.79
721,1377949861,20.78
721,1377949866,20.79
721,1377949871,20.78
721,1377949876,20.79
721,1377949881,20.78
721,1377949886,20.78
721,1377949891,20.78
721,1377949896,20.8
721,1377949901,20.78
721,1377949906,20.78
721,1377949911,20.79
721,1377949916,20.79
721,1377949921,20.78
721,1377949926,20.78
721,1377949931,20.78
721,1377949936,20.77
721,1377949941,20.79
721,1377949946,20.78
721,1377949951,20.78
721,1377949956,20.78
721,1377949961,20.79
721,1377949966,20.78
721,1377949971,20.78
721,1377949976,20.77
721,1377949981,20.78
721,1377949986,20.78
721,1377949991,20.78
721,1377949996,20.78
721,1377950001,20.78
721,1377950012,20.77
721,1377950016,20.77
721,1377950021,20.77
721,1377950026,20.76
721,1377950031,20.76
721,1377950036,20.78
721,1377950041,20.77
721,1377950046,20.76
721,1377950051,20.78
721,1377950056,20.77
721,1377950061,20.77
721,1377950066,20.77
721,1377950071,20.78
721,1377950076,20.76
721,1377950081,20.76
721,1377950086,20.78
721,1377950096,20.78
721,1377950101,20.76
721,1377950106,20.76
721,1377950111,20.76
721,1377950116,20.77
721,1377950121,20.77
721,1377950126,20.76
721,1377950131,20.77
721,1377950136,20.76
721,1377950141,20.77
721,1377950146,20.78
721,1377950151,20.76
721,1377950156,20.76
721,1377950161,20.76
721,1377950166,20.76
721,1377950171,20.76
721,1377950176,20.76
721,1377950181,20.76
721,1377950186,20.76
721,1377950191,20.76
721,1377950196,20.75
721,1377950201,20.76
721,1377950206,20.75
721,1377950211,20.76
721,1377950216,20.75
721,1377950221,20.76
721,1377950226,20.75
721,1377950231,20.76
721,1377950236,20.76
721,1377950241,20.74
721,1377950246,20.75
721,1377950251,20.75
721,1377950256,20.76
721,1377950261,20.76
721,1377950266,20.75
721,1377950271,20.74
721,1377950276,20.75
721,1377950281,20.75
721,1377950286,20.75
721,1377950291,20.75
721,1377950296,20.75
721,1377950301,20.74
721,1377950306,20.75
721,1377950312,20.75
721,1377950316,20.74
721,1377950321,20.75
721,1377950326,20.75
721,1377950331,20.75
721,1377950336,20.75
721,1377950341,20.75
721,1377950346,20.74
721,1377950351,20.76
721,1377950356,20.74
721,1377950361,20.74
721,1377950366,20.74
721,1377950371,20.75
721,1377950376,20.75
721,1377950381,20.74
721,1377950386,20.74
721,1377950391,20.76
721,1377950396,20.75
721,1377950401,20.74
721,1377950406,20.75
721,1377950411,20.75
721,1377950416,20.74
721,1377950421,20.75
721,1377950426,20.75
721,1377950431,20.75
721,1377950436,20.75
721,1377950441,20.75
721,1377950446,20.75
721,1377950451,20.75
721,1377950456,20.74
721,1377950461,20.74
721,1377950466,20.76
721,1377950471,20.75
721,1377950476,20.75
721,1377950481,20.75
721,1377950486,20.75
721,1377950491,20.75
721,1377950496,20.76
721,1377950501,20.75
721,1377950506,20.74
721,1377950511,20.74
721,1377950516,20.74
721,1377950521,20.74
721,1377950526,20.75
721,1377950531,20.74
721,1377950536,20.75
721,1377950541,20.74
721,1377950546,20.74
721,1377950551,20.74
721,1377950556,20.74
721,1377950561,20.74
721,1377950566,20.75
721,1377950571,20.76
721,1377950576,20.74
721,1377950581,20.75
721,1377950586,20.74
721,1377950591,20.73
721,1377950596,20.74
721,1377950601,20.74
721,1377950606,20.72
721,1377950611,20.74
721,1377950616,20.75
721,1377950621,20.74
721,1377950626,20.74
721,1377950631,20.75
721,1377950636,20.74
721,1377950641,20.74
721,1377950646,20.75
721,1377950651,20.74
721,1377950656,20.72
721,1377950661,20.74
721,1377950666,20.74
721,1377950671,20.74
721,1377950676,20.72
721,1377950681,20.73
721,1377950686,20.72
721,1377950691,20.74
721,1377950696,20.74
721,1377950701,20.74
721,1377950706,20.74
721,1377950711,20.73
721,1377950716,20.73
721,1377950721,20.73
721,1377950726,20.73
721,1377950731,20.72
721,1377950736,20.73
721,1377950741,20.72
721,1377950746,20.73
721,1377950751,20.73
721,1377950756,20.73
721,1377950761,20.72
721,1377950766,20.73
721,1377950771,20.72
721,1377950776,20.72
721,1377950781,20.73
721,1377950786,20.72
721,1377950791,20.71
721,1377950796,20.72
721,1377950801,20.73
721,1377950806,20.72
721,1377950811,20.72
721,1377950821,20.72
721,1377950826,20.74
721,1377950831,20.72
721,1377950836,20.72
721,1377950841,20.72
721,1377950846,20.72
721,1377950851,20.71
721,1377950856,20.71
721,1377950861,20.71
721,1377950866,20.73
721,1377950871,20.72
721,1377950876,20.71
721,1377950881,20.71
721,1377950886,20.72
721,1377950891,20.71
721,1377950896,20.72
721,1377950901,20.71
721,1377950907,20.71
721,1377950911,20.71
721,1377950916,20.72
721,1377950921,20.71
721,1377950926,20.72
721,1377950931,20.71
721,1377950936,20.72
721,1377950941,20.71
721,1377950946,20.72
721,1377950951,20.72
721,1377950956,20.72
721,1377950961,20.72
721,1377950966,20.72
721,1377950971,20.72
721,1377950976,20.72
721,1377950981,20.7
721,1377950986,20.71
721,1377950991,20.72
721,1377950996,20.7
721,1377951001,20.72
721,1377951006,20.72
721,1377951011,20.72
721,1377951016,20.72
721,1377951021,20.72
721,1377951026,20.72
721,1377951031,20.71
721,1377951036,20.72
721,1377951041,20.72
721,1377951046,20.71
721,1377951051,20.72
721,1377951056,20.72
721,1377951061,20.72
721,1377951066,20.7
721,1377951071,20.72
721,1377951076,20.72
721,1377951081,20.72
721,1377951086,20.72
721,1377951091,20.72
721,1377951096,20.72
721,1377951101,20.72
721,1377951106,20.72
721,1377951111,20.72
721,1377951116,20.72
721,1377951121,20.72
721,1377951126,20.72
721,1377951131,20.72
721,1377951136,20.72
721,1377951141,20.73
721,1377951146,20.73
721,1377951151,20.72
721,1377951156,20.72
721,1377951161,20.72
721,1377951166,20.73
721,1377951171,20.71
721,1377951176,20.72
721,1377951181,20.71
721,1377951186,20.71
721,1377951191,20.72
721,1377951196,20.72
721,1377951201,20.71
721,1377951206,20.72
721,1377951211,20.71
721,1377951216,20.71
721,1377951221,20.7
721,1377951226,20.72
721,1377951231,20.72
721,1377951236,20.71
721,1377951241,20.71
721,1377951246,20.72
721,1377951251,20.72
721,1377951256,20.71
721,1377951261,20.72
721,1377951266,20.7
721,1377951271,20.71
721,1377951276,20.71
721,1377951281,20.72
721,1377951286,20.71
721,1377951291,20.71
721,1377951296,20.69
721,1377951301,20.71
721,1377951306,20.71
721,1377951311,20.7
721,1377951316,20.7
721,1377951321,20.7
721,1377951326,20.7
721,1377951331,20.7
721,1377951336,20.71
721,1377951341,20.7
721,1377951346,20.7
721,1377951351,20.71
721,1377951356,20.7
721,1377951361,20.7
721,1377951366,20.7
721,1377951371,20.7
721,1377951376,20.7
721,1377951381,20.7
721,1377951386,20.7
721,1377951391,20.71
721,1377951396,20.71
721,1377951401,20.71
721,1377951406,20.7
721,1377951411,20.72
721,1377951416,20.7
721,1377951421,20.7
721,1377951426,20.71
721,1377951431,20.71
721,1377951436,20.71
721,1377951441,20.7
721,1377951446,20.7
721,1377951451,20.71
721,1377951456,20.69
721,1377951461,20.7
721,1377951466,20.71
721,1377951471,20.71
721,1377951476,20.7
721,1377951481,20.7
721,1377951486,20.7
721,1377951491,20.69
721,1377951496,20.7
721,1377951501,20.71
721,1377951506,20.7
721,1377951511,20.7
721,1377951516,20.7
721,1377951521,20.71
721,1377951526,20.69
721,1377951531,20.7
721,1377951541,20.7
721,1377951546,20.7
721,1377951551,20.69
721,1377951556,20.7
721,1377951561,20.7
721,1377951566,20.7
721,1377951571,20.7
721,1377951576,20.69
721,1377951581,20.69
721,1377951586,20.69
721,1377951591,20.7
721,1377951596,20.7
721,1377951601,20.69
721,1377951606,20.69
721,1377951611,20.69
721,1377951616,20.7
721,1377951621,20.7
721,1377951626,20.69
721,1377951631,20.69
721,1377951636,20.69
721,1377951641,20.69
721,1377951646,20.69
721,1377951651,20.68
721,1377951656,20.68
721,1377951661,20.69
721,1377951666,20.68
721,1377951671,20.69
721,1377951676,20.68
721,1377951681,20.68
721,1377951686,20.69
721,1377951691,20.69
721,1377951696,20.7
721,1377951701,20.69
721,1377951706,20.69
721,1377951711,20.68
721,1377951716,20.69
721,1377951721,20.68
721,1377951726,20.68
721,1377951731,20.68
721,1377951736,20.68
721,1377951741,20.7
721,1377951746,20.69
721,1377951751,20.69
721,1377951756,20.69
721,1377951761,20.68
721,1377951766,20.69
721,1377951771,20.7
721,1377951776,20.7
721,1377951781,20.69
721,1377951786,20.69
721,1377951791,20.7
721,1377951796,20.69
721,1377951801,20.69
721,1377951806,20.68
721,1377951811,20.68
721,1377951816,20.69
721,1377951821,20.7
721,1377951826,20.69
721,1377951831,20.68
721,1377951836,20.69
721,1377951841,20.68
721,1377951846,20.7
721,1377951851,20.7
721,1377951856,20.69
721,1377951861,20.68
721,1377951866,20.69
721,1377951871,20.69
721,1377951876,20.68
721,1377951881,20.68
721,1377951886,20.68
721,1377951891,20.68
721,1377951896,20.68
721,1377951901,20.68
721,1377951906,20.69
721,1377951911,20.69
721,1377951916,20.7
721,1377951921,20.68
721,1377951926,20.68
721,1377951931,20.69
721,1377951936,20.69
721,1377951941,20.69
721,1377951946,20.69
721,1377951951,20.68
721,1377951956,20.68
721,1377951961,20.7
721,1377951966,20.69
721,1377951971,20.68
721,1377951976,20.68
721,1377951981,20.68
721,1377951986,20.68
721,1377951991,20.68
721,1377951996,20.69
721,1377952001,20.69
721,1377952006,20.69
721,1377952011,20.68
721,1377952016,20.68
721,1377952021,20.68
721,1377952026,20.69
721,1377952031,20.68
721,1377952036,20.68
721,1377952041,20.69
721,1377952046,20.68
721,1377952051,20.68
721,1377952056,20.69
721,1377952061,20.67
721,1377952066,20.67
721,1377952071,20.68
721,1377952076,20.68
721,1377952081,20.67
721,1377952086,20.68
721,1377952091,20.69
721,1377952096,20.68
721,1377952101,20.68
721,1377952106,20.67
721,1377952111,20.67
721,1377952116,20.67
721,1377952121,20.66
721,1377952126,20.67
721,1377952131,20.67
721,1377952136,20.68
721,1377952141,20.68
721,1377952146,20.68
721,1377952151,20.67
721,1377952156,20.67
721,1377952161,20.67
721,1377952166,20.66
721,1377952171,20.68
721,1377952176,20.66
721,1377952181,20.66
721,1377952186,20.66
721,1377952191,20.67
721,1377952196,20.66
721,1377952201,20.66
721,1377952206,20.68
721,1377952211,20.67
721,1377952216,20.66
721,1377952225,20.66
721,1377952226,20.67
721,1377952231,20.66
721,1377952236,20.67
721,1377952241,20.66
721,1377952246,20.68
721,1377952251,20.66
721,1377952256,20.66
721,1377952261,20.66
721,1377952266,20.66
721,1377952271,20.66
721,1377952276,20.66
721,1377952281,20.66
721,1377952286,20.67
721,1377952291,20.66
721,1377952296,20.66
721,1377952301,20.67
721,1377952306,20.67
721,1377952311,20.66
721,1377952316,20.66
721,1377952321,20.67
721,1377952326,20.66
721,1377952331,20.66
721,1377952336,20.66
721,1377952341,20.66
721,1377952346,20.66
721,1377952351,20.66
721,1377952356,20.65
721,1377952361,20.66
721,1377952366,20.66
721,1377952371,20.66
721,1377952376,20.66
721,1377952381,20.66
721,1377952386,20.67
721,1377952391,20.66
721,1377952396,20.66
721,1377952401,20.67
721,1377952406,20.66
721,1377952411,20.66
721,1377952416,20.66
721,1377952421,20.66
721,1377952426,20.66
721,1377952431,20.67
721,1377952436,20.66
721,1377952441,20.65
721,1377952446,20.66
721,1377952451,20.66
721,1377952456,20.66
721,1377952461,20.66
721,1377952466,20.66
721,1377952471,20.66
721,1377952476,20.66
721,1377952481,20.66
721,1377952486,20.67
721,1377952491,20.66
721,1377952496,20.64
721,1377952501,20.66
721,1377952506,20.65
721,1377952511,20.66
721,1377952516,20.66
721,1377952521,20.66
721,1377952526,20.65
721,1377952531,20.65
721,1377952536,20.66
721,1377952541,20.66
721,1377952546,20.66
721,1377952551,20.66
721,1377952556,20.66
721,1377952561,20.66
721,1377952566,20.66
721,1377952571,20.65
721,1377952576,20.66
721,1377952581,20.65
721,1377952586,20.65
721,1377952591,20.66
721,1377952596,20.65
721,1377952601,20.66
721,1377952606,20.67
721,1377952611,20.66
721,1377952616,20.65
721,1377952621,20.66
721,1377952626,20.65
721,1377952631,20.65
721,1377952636,20.65
721,1377952641,20.66
721,1377952646,20.66
721,1377952651,20.64
721,1377952656,20.66
721,1377952661,20.65
721,1377952666,20.65
721,1377952671,20.65
721,1377952676,20.66
721,1377952681,20.65
721,1377952686,20.66
721,1377952691,20.66
721,1377952696,20.66
721,1377952701,20.65
721,1377952706,20.66
721,1377952711,20.65
721,1377952716,20.65
721,1377952721,20.65
721,1377952726,20.65
721,1377952731,20.64
721,1377952736,20.65
721,1377952741,20.66
721,1377952746,20.65
721,1377952751,20.65
721,1377952756,20.65
721,1377952761,20.64
721,1377952766,20.65
721,1377952771,20.65
721,1377952776,20.64
721,1377952781,20.64
721,1377952786,20.65
721,1377952791,20.64
721,1377952796,20.66
721,1377952801,20.65
721,1377952806,20.65
721,1377952811,20.65
721,1377952816,20.66
721,1377952821,20.65
721,1377952826,20.65
721,1377952831,20.66
721,1377952836,20.66
721,1377952841,20.66
721,1377952846,20.65
721,1377952851,20.64
721,1377952856,20.64
721,1377952861,20.65
721,1377952866,20.65
721,1377952871,20.66
721,1377952876,20.64
721,1377952881,20.64
721,1377952886,20.64
721,1377952891,20.64
721,1377952896,20.65
721,1377952901,20.64
721,1377952906,20.64
721,1377952911,20.64
721,1377952916,20.64
721,1377952921,20.64
721,1377952926,20.64
721,1377952931,20.65
721,1377952936,20.64
721,1377952941,20.64
721,1377952946,20.64
721,1377952951,20.64
721,1377952956,20.64
721,1377952964,20.64
721,1377952966,20.64
721,1377952971,20.65
721,1377952976,20.64
721,1377952981,20.64
721,1377952986,20.64
721,1377952991,20.64
721,1377952996,20.63
721,1377953001,20.63
721,1377953006,20.63
721,1377953011,20.63
721,1377953016,20.63
721,1377953021,20.64
721,1377953026,20.64
721,1377953031,20.63
721,1377953036,20.63
721,1377953041,20.63
721,1377953046,20.63
721,1377953051,20.62
721,1377953056,20.63
721,1377953061,20.63
721,1377953066,20.62
721,1377953071,20.61
721,1377953076,20.63
721,1377953081,20.63
721,1377953086,20.62
721,1377953091,20.61
721,1377953096,20.63
721,1377953101,20.63
721,1377953106,20.63
721,1377953111,20.63
721,1377953116,20.63
721,1377953121,20.63
721,1377953126,20.63
721,1377953131,20.63
721,1377953136,20.64
721,1377953141,20.63
721,1377953146,20.64
721,1377953151,20.64
721,1377953156,20.64
721,1377953161,20.63
721,1377953166,20.64
721,1377953171,20.64
721,1377953176,20.62
721,1377953181,20.64
721,1377953186,20.64
721,1377953191,20.64
721,1377953196,20.63
721,1377953201,20.63
721,1377953206,20.64
721,1377953211,20.63
721,1377953216,20.63
721,1377953221,20.64
721,1377953226,20.64
721,1377953231,20.64
721,1377953236,20.63
721,1377953241,20.63
721,1377953246,20.64
721,1377953251,20.64
721,1377953256,20.64
721,1377953261,20.64
721,1377953266,20.64
721,1377953271,20.63
721,1377953276,20.63
721,1377953281,20.64
721,1377953286,20.63
721,1377953291,20.64
721,1377953296,20.64
721,1377953301,20.64
721,1377953306,20.63
721,1377953311,20.64
721,1377953316,20.64
721,1377953321,20.64
721,1377953326,20.65
721,1377953331,20.64
721,1377953336,20.64
721,1377953341,20.64
721,1377953346,20.64
721,1377953351,20.64
721,1377953356,20.64
721,1377953361,20.64
721,1377953366,20.65
721,1377953371,20.64
721,1377953376,20.64
721,1377953381,20.64
721,1377953386,20.64
721,1377953391,20.64
721,1377953396,20.63
721,1377953401,20.64
721,1377953406,20.63
721,1377953411,20.63
721,1377953416,20.62
721,1377953421,20.62
721,1377953426,20.63
721,1377953431,20.63
721,1377953436,20.63
721,1377953441,20.63
721,1377953446,20.63
721,1377953451,20.63
721,1377953456,20.63
721,1377953461,20.63
721,1377953466,20.63
721,1377953471,20.62
721,1377953476,20.63
721,1377953481,20.62
721,1377953486,20.63
721,1377953491,20.64
721,1377953496,20.64
721,1377953501,20.62
721,1377953506,20.62
721,1377953511,20.63
721,1377953516,20.64
721,1377953521,20.63
721,1377953526,20.62
721,1377953531,20.62
721,1377953536,20.62
721,1377953541,20.62
721,1377953546,20.63
721,1377953551,20.62
721,1377953556,20.62
721,1377953561,20.62
721,1377953566,20.62
721,1377953571,20.63
721,1377953576,20.63
721,1377953581,20.62
721,1377953586,20.63
721,1377953591,20.62
721,1377953596,20.63
721,1377953601,20.62
721,1377953606,20.62
721,1377953611,20.63
721,1377953616,20.63
721,1377953621,20.63
721,1377953626,20.62
721,1377953631,20.62
721,1377953636,20.63
721,1377953641,20.62
721,1377953646,20.62
721,1377953651,20.62
721,1377953656,20.62
721,1377953661,20.63
721,1377953666,20.61
721,1377953671,20.62
721,1377953676,20.62
721,1377953681,20.62
721,1377953686,20.62
721,1377953691,20.62
721,1377953696,20.63
721,1377953701,20.62
721,1377953710,20.62
721,1377953711,20.62
721,1377953716,20.62
721,1377953721,20.62
721,1377953726,20.62
721,1377953731,20.62
721,1377953736,20.62
721,1377953741,20.62
721,1377953746,20.62
721,1377953751,20.63
721,1377953756,20.64
721,1377953761,20.62
721,1377953766,20.62
721,1377953771,20.62
721,1377953776,20.63
721,1377953781,20.62
721,1377953786,20.63
721,1377953791,20.63
721,1377953796,20.62
721,1377953801,20.62
721,1377953806,20.62
721,1377953811,20.62
721,1377953816,20.61
721,1377953821,20.62
721,1377953826,20.61
721,1377953831,20.62
721,1377953836,20.61
721,1377953841,20.62
721,1377953846,20.62
721,1377953851,20.61
721,1377953856,20.6
721,1377953861,20.62
721,1377953866,20.61
721,1377953871,20.62
721,1377953876,20.62
721,1377953881,20.62
721,1377953886,20.62
721,1377953892,20.63
721,1377953896,20.62
721,1377953901,20.62
721,1377953906,20.61
721,1377953911,20.62
721,1377953916,20.62
721,1377953921,20.62
721,1377953926,20.62
721,1377953931,20.62
721,1377953936,20.62
721,1377953941,20.62
721,1377953946,20.64
721,1377953951,20.62
721,1377953956,20.61
721,1377953961,20.63
721,1377953966,20.62
721,1377953971,20.62
721,1377953976,20.62
721,1377953981,20.62
721,1377953986,20.62
721,1377953991,20.62
721,1377953996,20.63
721,1377954001,20.62
721,1377954006,20.63
721,1377954011,20.62
721,1377954016,20.62
721,1377954021,20.62
721,1377954026,20.63
721,1377954031,20.61
721,1377954036,20.63
721,1377954041,20.62
721,1377954046,20.62
721,1377954051,20.63
721,1377954056,20.62
721,1377954061,20.62
721,1377954066,20.63
721,1377954071,20.62
721,1377954076,20.62
721,1377954081,20.63
721,1377954086,20.64
721,1377954091,20.64
721,1377954096,20.63
721,1377954101,20.62
721,1377954106,20.64
721,1377954111,20.64
721,1377954116,20.63
721,1377954121,20.63
721,1377954126,20.64
721,1377954131,20.63
721,1377954136,20.62
721,1377954141,20.63
721,1377954146,20.62
721,1377954151,20.63
721,1377954156,20.62
721,1377954161,20.62
721,1377954166,20.63
721,1377954171,20.62
721,1377954176,20.63
721,1377954181,20.63
721,1377954186,20.63
721,1377954191,20.63
721,1377954196,20.62
721,1377954201,20.62
721,1377954206,20.62
721,1377954211,20.62
721,1377954216,20.62
721,1377954221,20.62
721,1377954226,20.62
721,1377954231,20.62
721,1377954236,20.62
721,1377954241,20.62
721,1377954246,20.61
721,1377954251,20.61
721,1377954256,20.61
721,1377954261,20.62
721,1377954266,20.62
721,1377954271,20.61
721,1377954276,20.61
721,1377954281,20.62
721,1377954286,20.62
721,1377954291,20.62
721,1377954296,20.62
721,1377954301,20.62
721,1377954306,20.62
721,1377954311,20.62
721,1377954316,20.61
721,1377954321,20.63
721,1377954326,20.62
721,1377954331,20.61
721,1377954336,20.61
721,1377954341,20.61
721,1377954346,20.61
721,1377954351,20.61
721,1377954356,20.62
721,1377954361,20.62
721,1377954366,20.62
721,1377954371,20.62
721,1377954376,20.61
721,1377954381,20.61
721,1377954386,20.6
721,1377954391,20.6
721,1377954396,20.61
721,1377954401,20.61
721,1377954406,20.62
721,1377954411,20.62
721,1377954416,20.61
721,1377954421,20.61
721,1377954426,20.62
721,1377954431,20.61
721,1377954436,20.61
721,1377954441,20.61
721,1377954446,20.61
721,1377954451,20.61
721,1377954456,20.6
721,1377954461,20.62
721,1377954466,20.62
721,1377954471,20.6
721,1377954476,20.61
721,1377954481,20.6
721,1377954486,20.6
721,1377954491,20.6
721,1377954500,20.59
721,1377954501,20.6
721,1377954506,20.6
721,1377954511,20.6
721,1377954516,20.61
721,1377954521,20.6
721,1377954526,20.6
721,1377954531,20.61
721,1377954536,20.6
721,1377954541,20.59
721,1377954546,20.6
721,1377954551,20.6
721,1377954556,20.6
721,1377954561,20.6
721,1377954566,20.59
721,1377954571,20.6
721,1377954576,20.61
721,1377954581,20.6
721,1377954586,20.6
721,1377954591,20.6
721,1377954596,20.6
721,1377954601,20.6
721,1377954606,20.6
721,1377954611,20.6
721,1377954616,20.6
721,1377954621,20.6
721,1377954626,20.6
721,1377954631,20.6
721,1377954636,20.6
721,1377954641,20.6
721,1377954646,20.6
721,1377954651,20.6
721,1377954656,20.59
721,1377954661,20.6
721,1377954666,20.6
721,1377954671,20.6
721,1377954676,20.6
721,1377954681,20.6
721,1377954686,20.6
721,1377954691,20.6
721,1377954696,20.6
721,1377954701,20.6
721,1377954706,20.6
721,1377954711,20.59
721,1377954716,20.59
721,1377954721,20.6
721,1377954726,20.6
721,1377954731,20.6
721,1377954736,20.6
721,1377954741,20.6
721,1377954746,20.6
721,1377954751,20.59
721,1377954756,20.6
721,1377954761,20.6
721,1377954766,20.6
721,1377954771,20.6
721,1377954776,20.6
721,1377954781,20.6
721,1377954786,20.6
721,1377954791,20.58
721,1377954796,20.58
721,1377954801,20.59
721,1377954807,20.6
721,1377954811,20.59
721,1377954816,20.59
721,1377954821,20.59
721,1377954826,20.58
721,1377954831,20.59
721,1377954836,20.59
721,1377954841,20.6
721,1377954846,20.59
721,1377954851,20.6
721,1377954856,20.59
721,1377954861,20.58
721,1377954866,20.58
721,1377954871,20.59
721,1377954876,20.59
721,1377954881,20.58
721,1377954886,20.58
721,1377954891,20.6
721,1377954896,20.58
721,1377954901,20.6
721,1377954906,20.59
721,1377954911,20.59
721,1377954916,20.59
721,1377954921,20.59
721,1377954926,20.6
721,1377954931,20.59
721,1377954936,20.59
721,1377954941,20.59
721,1377954946,20.59
721,1377954951,20.59
721,1377954956,20.6
721,1377954961,20.59
721,1377954966,20.59
721,1377954971,20.59
721,1377954976,20.59
721,1377954981,20.6
721,1377954986,20.59
721,1377954991,20.59
721,1377954996,20.6
721,1377955001,20.6
721,1377955006,20.6
721,1377955011,20.59
721,1377955016,20.58
721,1377955021,20.59
721,1377955026,20.59
721,1377955031,20.59
721,1377955036,20.59
721,1377955041,20.58
721,1377955046,20.59
721,1377955051,20.59
721,1377955056,20.59
721,1377955061,20.58
721,1377955066,20.59
721,1377955071,20.57
721,1377955076,20.58
721,1377955081,20.58
721,1377955086,20.58
721,1377955091,20.58
721,1377955096,20.59
721,1377955101,20.59
721,1377955106,20.59
721,1377955111,20.59
721,1377955116,20.59
721,1377955121,20.59
721,1377955126,20.6
721,1377955131,20.58
721,1377955136,20.59
721,1377955141,20.59
721,1377955146,20.58
721,1377955151,20.58
721,1377955156,20.58
721,1377955161,20.58
721,1377955166,20.58
721,1377955171,20.58
721,1377955176,20.58
721,1377955181,20.58
721,1377955186,20.6
721,1377955191,20.59
721,1377955196,20.59
721,1377955201,20.58
721,1377955206,20.58
721,1377955211,20.59
721,1377955216,20.59
721,1377955221,20.57
721,1377955226,20.58
721,1377955231,20.58
721,1377955236,20.57
721,1377955245,20.58
721,1377955246,20.58
721,1377955251,20.58
721,1377955256,20.6
721,1377955261,20.58
721,1377955266,20.58
721,1377955271,20.58
721,1377955276,20.58
721,1377955281,20.58
721,1377955286,20.58
721,1377955291,20.58
721,1377955296,20.58
721,1377955301,20.59
721,1377955306,20.58
721,1377955311,20.58
721,1377955316,20.58
721,1377955321,20.58
721,1377955326,20.58
721,1377955331,20.57
721,1377955336,20.58
721,1377955341,20.58
721,1377955346,20.58
721,1377955351,20.58
721,1377955356,20.57
721,1377955361,20.58
721,1377955366,20.58
721,1377955371,20.58
721,1377955376,20.58
721,1377955381,20.58
721,1377955386,20.58
721,1377955391,20.58
721,1377955396,20.58
721,1377955401,20.57
721,1377955406,20.57
721,1377955411,20.58
721,1377955416,20.58
721,1377955421,20.57
721,1377955426,20.58
721,1377955431,20.58
721,1377955436,20.58
721,1377955441,20.58
721,1377955446,20.58
721,1377955451,20.59
721,1377955456,20.58
721,1377955461,20.58
721,1377955466,20.58
721,1377955471,20.56
721,1377955476,20.57
721,1377955481,20.58
721,1377955486,20.57
721,1377955491,20.59
721,1377955496,20.57
721,1377955501,20.58
721,1377955506,20.57
721,1377955511,20.58
721,1377955516,20.59
721,1377955521,20.58
721,1377955526,20.58
721,1377955531,20.58
721,1377955536,20.58
721,1377955541,20.59
721,1377955546,20.59
721,1377955551,20.58
721,1377955556,20.58
721,1377955561,20.58
721,1377955566,20.56
721,1377955571,20.58
721,1377955576,20.57
721,1377955581,20.58
721,1377955586,20.57
721,1377955591,20.58
721,1377955596,20.57
721,1377955601,20.58
721,1377955606,20.56
721,1377955611,20.58
721,1377955616,20.58
721,1377955621,20.58
721,1377955626,20.58
721,1377955631,20.57
721,1377955636,20.58
721,1377955641,20.58
721,1377955646,20.58
721,1377955651,20.59
721,1377955656,20.59
721,1377955661,20.59
721,1377955666,20.58
721,1377955671,20.58
721,1377955676,20.58
721,1377955681,20.58
721,1377955686,20.56
721,1377955691,20.58
721,1377955696,20.57
721,1377955701,20.57
721,1377955706,20.58
721,1377955711,20.58
721,1377955716,20.58
721,1377955721,20.57
721,1377955726,20.59
721,1377955731,20.59
721,1377955736,20.57
721,1377955741,20.58
721,1377955746,20.58
721,1377955751,20.58
721,1377955756,20.58
721,1377955761,20.59
721,1377955766,20.58
721,1377955771,20.57
721,1377955776,20.58
721,1377955781,20.56
721,1377955786,20.57
721,1377955791,20.58
721,1377955796,20.58
721,1377955801,20.58
721,1377955806,20.57
721,1377955811,20.58
721,1377955816,20.56
721,1377955821,20.56
721,1377955826,20.58
721,1377955831,20.58
721,1377955836,20.57
721,1377955841,20.58
721,1377955846,20.56
721,1377955851,20.57
721,1377955856,20.57
721,1377955861,20.57
721,1377955866,20.59
721,1377955871,20.58
721,1377955876,20.57
721,1377955881,20.58
721,1377955886,20.56
721,1377955891,20.57
721,1377955896,20.58
721,1377955901,20.58
721,1377955906,20.58
721,1377955911,20.57
721,1377955916,20.58
721,1377955921,20.59
721,1377955926,20.58
721,1377955931,20.58
721,1377955936,20.59
721,1377955941,20.58
721,1377955947,20.58
721,1377955951,20.58
721,1377955956,20.58
721,1377955961,20.58
721,1377955966,20.59
721,1377955971,20.58
721,1377955976,20.57
721,1377955981,20.58
721,1377955986,20.58
721,1377955991,20.58
721,1377955996,20.58
721,1377956001,20.58
721,1377956006,20.58
721,1377956011,20.58
721,1377956016,20.58
721,1377956021,20.57
721,1377956026,20.58
721,1377956031,20.58
721,1377956036,20.58
721,1377956041,20.58
721,1377956046,20.58
721,1377956051,20.57
721,1377956056,20.58
721,1377956061,20.57
721,1377956066,20.58
721,1377956071,20.57
721,1377956076,20.57
721,1377956081,20.58
721,1377956086,20.58
721,1377956091,20.58
721,1377956096,20.58
721,1377956101,20.57
721,1377956106,20.57
721,1377956111,20.57
721,1377956116,20.57
721,1377956121,20.58
721,1377956126,20.58
721,1377956131,20.57
721,1377956136,20.58
721,1377956141,20.58
721,1377956146,20.58
721,1377956151,20.58
721,1377956156,20.58
721,1377956161,20.58
721,1377956166,20.58
721,1377956171,20.58
721,1377956176,20.57
721,1377956181,20.59
721,1377956186,20.58
721,1377956191,20.58
721,1377956196,20.58
721,1377956201,20.58
721,1377956206,20.57
721,1377956211,20.58
721,1377956216,20.58
721,1377956221,20.58
721,1377956226,20.58
721,1377956231,20.58
721,1377956236,20.58
721,1377956241,20.56
721,1377956246,20.58
721,1377956251,20.58
721,1377956256,20.58
721,1377956261,20.59
721,1377956266,20.58
721,1377956271,20.58
721,1377956276,20.58
721,1377956281,20.58
721,1377956286,20.58
721,1377956291,20.58
721,1377956296,20.57
721,1377956301,20.58
721,1377956306,20.58
721,1377956311,20.58
721,1377956316,20.57
721,1377956321,20.58
721,1377956326,20.59
721,1377956331,20.58
721,1377956336,20.57
721,1377956341,20.56
721,1377956346,20.57
721,1377956351,20.57
721,1377956356,20.58
721,1377956361,20.57
721,1377956366,20.57
721,1377956371,20.56
721,1377956376,20.58
721,1377956381,20.57
721,1377956386,20.58
721,1377956391,20.57
721,1377956396,20.57
721,1377956401,20.57
721,1377956406,20.58
721,1377956411,20.57
721,1377956416,20.57
721,1377956421,20.58
721,1377956426,20.57
721,1377956431,20.58
721,1377956436,20.57
721,1377956441,20.57
721,1377956446,20.58
721,1377956451,20.56
721,1377956456,20.57
721,1377956461,20.57
721,1377956466,20.56
721,1377956471,20.56
721,1377956476,20.57
721,1377956481,20.57
721,1377956486,20.57
721,1377956491,20.56
721,1377956496,20.56
721,1377956501,20.56
721,1377956506,20.56
721,1377956511,20.56
721,1377956516,20.57
721,1377956521,20.56
721,1377956526,20.56
721,1377956531,20.57
721,1377956536,20.56
721,1377956541,20.56
721,1377956546,20.56
721,1377956551,20.55
721,1377956556,20.56
721,1377956561,20.56
721,1377956566,20.57
721,1377956571,20.56
721,1377956576,20.56
721,1377956581,20.56
721,1377956586,20.56
721,1377956591,20.56
721,1377956596,20.56
721,1377956605,20.56
721,1377956606,20.56
721,1377956611,20.56
721,1377956616,20.56
721,1377956621,20.57
721,1377956626,20.56
721,1377956631,20.56
721,1377956636,20.56
721,1377956641,20.55
721,1377956646,20.57
721,1377956651,20.56
721,1377956656,20.56
721,1377956661,20.56
721,1377956666,20.56
721,1377956671,20.56
721,1377956676,20.57
721,1377956681,20.55
721,1377956686,20.58
721,1377956691,20.55
721,1377956696,20.56
721,1377956701,20.56
721,1377956706,20.56
721,1377956711,20.57
721,1377956716,20.57
721,1377956721,20.56
721,1377956726,20.56
721,1377956731,20.56
721,1377956736,20.56
721,1377956741,20.57
721,1377956746,20.57
721,1377956751,20.56
721,1377956756,20.56
721,1377956761,20.56
721,1377956766,20.56
721,1377956771,20.56
721,1377956776,20.56
721,1377956781,20.56
721,1377956786,20.57
721,1377956791,20.55
721,1377956796,20.56
721,1377956801,20.56
721,1377956806,20.56
721,1377956811,20.56
721,1377956816,20.56
721,1377956821,20.56
721,1377956826,20.56
721,1377956831,20.56
721,1377956836,20.56
721,1377956841,20.57
721,1377956846,20.57
721,1377956851,20.56
721,1377956856,20.56
721,1377956861,20.57
721,1377956866,20.56
721,1377956871,20.57
721,1377956876,20.57
721,1377956881,20.56
721,1377956886,20.56
721,1377956891,20.56
721,1377956896,20.56
721,1377956901,20.56
721,1377956906,20.56
721,1377956911,20.57
721,1377956916,20.57
721,1377956921,20.56
721,1377956926,20.56
721,1377956931,20.56
721,1377956936,20.56
721,1377956941,20.57
721,1377956946,20.57
721,1377956951,20.56
721,1377956956,20.57
721,1377956961,20.57
721,1377956966,20.56
721,1377956971,20.56
721,1377956976,20.56
721,1377956981,20.56
721,1377956986,20.56
721,1377956991,20.56
721,1377956996,20.56
721,1377957001,20.56
721,1377957006,20.57
721,1377957011,20.56
721,1377957016,20.55
721,1377957021,20.56
721,1377957026,20.56
721,1377957031,20.57
721,1377957036,20.58
721,1377957041,20.56
721,1377957046,20.56
721,1377957051,20.56
721,1377957056,20.56
721,1377957061,20.56
721,1377957066,20.56
721,1377957071,20.56
721,1377957076,20.56
721,1377957081,20.56
721,1377957086,20.57
721,1377957091,20.56
721,1377957096,20.56
721,1377957101,20.56
721,1377957106,20.56
721,1377957111,20.56
721,1377957116,20.56
721,1377957121,20.56
721,1377957126,20.56
721,1377957131,20.57
721,1377957136,20.55
721,1377957141,20.56
721,1377957146,20.56
721,1377957151,20.56
721,1377957156,20.56
721,1377957161,20.56
721,1377957166,20.56
721,1377957171,20.55
721,1377957176,20.56
721,1377957181,20.55
721,1377957186,20.56
721,1377957191,20.55
721,1377957196,20.57
721,1377957201,20.56
721,1377957206,20.56
721,1377957211,20.56
721,1377957216,20.56
721,1377957221,20.56
721,1377957226,20.56
721,1377957231,20.56
721,1377957236,20.56
721,1377957241,20.55
721,1377957246,20.56
721,1377957251,20.56
721,1377957256,20.56
721,1377957261,20.55
721,1377957266,20.57
721,1377957271,20.56
721,1377957276,20.56
721,1377957281,20.56
721,1377957286,20.56
721,1377957291,20.55
721,1377957299,20.56
721,1377957301,20.56
721,1377957306,20.56
721,1377957311,20.56
721,1377957316,20.55
721,1377957321,20.56
721,1377957326,20.56
721,1377957331,20.56
721,1377957336,20.54
721,1377957341,20.55
721,1377957346,20.56
721,1377957351,20.55
721,1377957356,20.56
721,1377957361,20.56
721,1377957366,20.56
721,1377957371,20.57
721,1377957376,20.56
721,1377957381,20.56
721,1377957386,20.55
721,1377957391,20.56
721,1377957396,20.56
721,1377957401,20.56
721,1377957406,20.55
721,1377957411,20.54
721,1377957416,20.56
721,1377957421,20.55
721,1377957426,20.55
721,1377957431,20.55
721,1377957436,20.56
721,1377957441,20.56
721,1377957446,20.56
721,1377957451,20.56
721,1377957456,20.56
721,1377957461,20.55
721,1377957466,20.57
721,1377957471,20.56
721,1377957476,20.57
721,1377957481,20.55
721,1377957486,20.55
721,1377957491,20.56
721,1377957496,20.57
721,1377957501,20.56
721,1377957506,20.57
721,1377957511,20.57
721,1377957516,20.56
721,1377957521,20.56
721,1377957526,20.56
721,1377957531,20.56
721,1377957536,20.56
721,1377957541,20.57
721,1377957546,20.56
721,1377957551,20.55
721,1377957556,20.56
721,1377957561,20.57
721,1377957566,20.56
721,1377957571,20.56
721,1377957576,20.57
721,1377957581,20.55
721,1377957586,20.55
721,1377957591,20.55
721,1377957596,20.57
721,1377957601,20.56
721,1377957606,20.57
721,1377957611,20.56
721,1377957616,20.55
721,1377957621,20.55
721,1377957626,20.56
721,1377957631,20.55
721,1377957636,20.56
721,1377957641,20.56
721,1377957646,20.56
721,1377957651,20.56
721,1377957656,20.55
721,1377957661,20.56
721,1377957666,20.56
721,1377957671,20.57
721,1377957676,20.56
721,1377957681,20.56
721,1377957686,20.57
721,1377957691,20.56
721,1377957696,20.55
721,1377957701,20.54
721,1377957706,20.56
721,1377957711,20.56
721,1377957716,20.56
721,1377957721,20.56
721,1377957726,20.56
721,1377957731,20.56
721,1377957736,20.56
721,1377957741,20.56
721,1377957746,20.55
721,1377957751,20.56
721,1377957756,20.56
721,1377957761,20.55
721,1377957766,20.55
721,1377957771,20.56
721,1377957776,20.56
721,1377957781,20.56
721,1377957786,20.56
721,1377957791,20.56
721,1377957796,20.55
721,1377957801,20.55
721,1377957806,20.54
721,1377957811,20.56
721,1377957816,20.56
721,1377957821,20.55
721,1377957826,20.56
721,1377957831,20.56
721,1377957836,20.55
721,1377957841,20.56
721,1377957846,20.55
721,1377957851,20.56
721,1377957856,20.56
721,1377957861,20.55
721,1377957866,20.55
721,1377957871,20.56
721,1377957876,20.56
721,1377957881,20.55
721,1377957886,20.56
721,1377957891,20.55
721,1377957896,20.56
721,1377957901,20.55
721,1377957906,20.56
721,1377957911,20.56
721,1377957916,20.55
721,1377957921,20.55
721,1377957926,20.56
721,1377957931,20.56
721,1377957936,20.56
721,1377957941,20.56
721,1377957946,20.56
721,1377957951,20.56
721,1377957956,20.56
721,1377957961,20.55
721,1377957966,20.56
721,1377957971,20.55
721,1377957976,20.56
721,1377957981,20.56
721,1377957986,20.56
721,1377957991,20.57
721,1377957996,20.56
721,1377958001,20.56
721,1377958006,20.56
721,1377958011,20.55
721,1377958016,20.56
721,1377958021,20.58
721,1377958026,20.55
721,1377958033,20.55
721,1377958036,20.55
721,1377958041,20.55
721,1377958046,20.56
721,1377958051,20.56
721,1377958056,20.56
721,1377958061,20.57
721,1377958066,20.57
721,1377958071,20.56
721,1377958076,20.57
721,1377958081,20.56
721,1377958086,20.56
721,1377958091,20.56
721,1377958096,20.56
721,1377958101,20.56
721,1377958106,20.57
721,1377958111,20.56
721,1377958116,20.57
721,1377958121,20.58
721,1377958126,20.56
721,1377958131,20.57
721,1377958136,20.57
721,1377958141,20.56
721,1377958146,20.56
721,1377958151,20.56
721,1377958156,20.56
721,1377958161,20.56
721,1377958166,20.56
721,1377958171,20.57
721,1377958176,20.57
721,1377958181,20.58
721,1377958186,20.57
721,1377958191,20.56
721,1377958196,20.58
721,1377958201,20.57
721,1377958206,20.56
721,1377958211,20.57
721,1377958216,20.56
721,1377958221,20.56
721,1377958226,20.58
721,1377958231,20.58
721,1377958236,20.57
721,1377958241,20.57
721,1377958246,20.58
721,1377958251,20.57
721,1377958256,20.58
721,1377958261,20.56
721,1377958266,20.58
721,1377958271,20.58
721,1377958276,20.57
721,1377958281,20.56
721,1377958286,20.57
721,1377958291,20.58
721,1377958296,20.56
721,1377958301,20.58
721,1377958306,20.57
721,1377958311,20.58
721,1377958316,20.58
721,1377958321,20.57
721,1377958326,20.57
721,1377958331,20.58
721,1377958336,20.58
721,1377958341,20.59
721,1377958346,20.56
721,1377958351,20.58
721,1377958356,20.56
721,1377958361,20.58
721,1377958366,20.58
721,1377958371,20.57
721,1377958376,20.59
721,1377958381,20.57
721,1377958386,20.57
721,1377958391,20.58
721,1377958396,20.58
721,1377958401,20.58
721,1377958406,20.57
721,1377958411,20.57
721,1377958416,20.58
721,1377958421,20.58
721,1377958426,20.58
721,1377958431,20.58
721,1377958436,20.56
721,1377958441,20.58
721,1377958446,20.58
721,1377958451,20.58
721,1377958456,20.58
721,1377958461,20.57
721,1377958466,20.57
721,1377958471,20.58
721,1377958476,20.58
721,1377958481,20.58
721,1377958486,20.58
721,1377958491,20.58
721,1377958496,20.57
721,1377958501,20.56
721,1377958506,20.58
721,1377958511,20.58
721,1377958516,20.58
721,1377958521,20.57
721,1377958526,20.57
721,1377958531,20.56
721,1377958536,20.58
721,1377958541,20.58
721,1377958546,20.58
721,1377958551,20.58
721,1377958556,20.58
721,1377958561,20.58
721,1377958566,20.58
721,1377958571,20.58
721,1377958576,20.58
721,1377958581,20.58
721,1377958586,20.58
721,1377958591,20.58
721,1377958596,20.59
721,1377958601,20.58
721,1377958606,20.58
721,1377958611,20.58
721,1377958616,20.58
721,1377958621,20.58
721,1377958626,20.58
721,1377958631,20.58
721,1377958636,20.58
721,1377958641,20.58
721,1377958646,20.58
721,1377958651,20.58
721,1377958656,20.58
721,1377958661,20.58
721,1377958666,20.58
721,1377958671,20.58
721,1377958676,20.58
721,1377958681,20.59
721,1377958686,20.59
721,1377958691,20.58
721,1377958696,20.59
721,1377958701,20.59
721,1377958706,20.58
721,1377958711,20.56
721,1377958716,20.58
721,1377958721,20.58
721,1377958726,20.57
721,1377958731,20.58
721,1377958736,20.57
721,1377958741,20.59
721,1377958746,20.58
721,1377958751,20.58
721,1377958756,20.58
721,1377958761,20.58
721,1377958766,20.58
721,1377958773,20.58
721,1377958776,20.58
721,1377958781,20.58
721,1377958786,20.59
721,1377958791,20.58
721,1377958796,20.57
721,1377958801,20.58
721,1377958806,20.58
721,1377958811,20.58
721,1377958816,20.58
721,1377958821,20.59
721,1377958826,20.58
721,1377958831,20.58
721,1377958836,20.58
721,1377958841,20.58
721,1377958846,20.58
721,1377958851,20.58
721,1377958856,20.58
721,1377958861,20.58
721,1377958866,20.58
721,1377958871,20.59
721,1377958876,20.6
721,1377958881,20.58
721,1377958886,20.6
721,1377958891,20.58
721,1377958896,20.58
721,1377958901,20.6
721,1377958906,20.59
721,1377958911,20.59
721,1377958916,20.58
721,1377958921,20.58
721,1377958926,20.59
721,1377958931,20.58
721,1377958936,20.58
721,1377958941,20.57
721,1377958946,20.58
721,1377958951,20.59
721,1377958956,20.59
721,1377958961,20.59
721,1377958966,20.58
721,1377958971,20.6
721,1377958976,20.6
721,1377958981,20.6
721,1377958986,20.58
721,1377958991,20.6
721,1377958996,20.6
721,1377959001,20.58
721,1377959006,20.59
721,1377959011,20.59
721,1377959016,20.59
721,1377959021,20.6
721,1377959026,20.58
721,1377959031,20.6
721,1377959036,20.6
721,1377959041,20.59
721,1377959046,20.58
721,1377959051,20.59
721,1377959056,20.58
721,1377959061,20.6
721,1377959066,20.59
721,1377959071,20.58
721,1377959076,20.6
721,1377959081,20.59
721,1377959086,20.6
721,1377959091,20.59
721,1377959096,20.6
721,1377959101,20.59
721,1377959106,20.6
721,1377959111,20.6
721,1377959116,20.6
721,1377959121,20.6
721,1377959126,20.59
721,1377959131,20.59
721,1377959136,20.61
721,1377959141,20.6
721,1377959146,20.6
721,1377959151,20.6
721,1377959156,20.59
721,1377959161,20.6
721,1377959166,20.58
721,1377959171,20.59
721,1377959176,20.6
721,1377959181,20.6
721,1377959186,20.6
721,1377959191,20.6
721,1377959196,20.6
721,1377959201,20.59
721,1377959206,20.6
721,1377959211,20.6
721,1377959216,20.6
721,1377959221,20.6
721,1377959226,20.59
721,1377959231,20.6
721,1377959236,20.6
721,1377959241,20.6
721,1377959246,20.6
721,1377959251,20.6
721,1377959256,20.6
721,1377959261,20.6
721,1377959266,20.6
721,1377959271,20.6
721,1377959276,20.6
721,1377959281,20.61
721,1377959286,20.6
721,1377959291,20.6
721,1377959296,20.6
721,1377959301,20.6
721,1377959306,20.61
721,1377959311,20.6
721,1377959316,20.6
721,1377959321,20.6
721,1377959326,20.61
721,1377959331,20.6
721,1377959336,20.6
721,1377959341,20.6
721,1377959346,20.61
721,1377959351,20.62
721,1377959356,20.61
721,1377959361,20.6
721,1377959366,20.61
721,1377959371,20.61
721,1377959376,20.6
721,1377959381,20.6
721,1377959386,20.61
721,1377959391,20.6
721,1377959396,20.61
721,1377959401,20.6
721,1377959406,20.62
721,1377959411,20.61
721,1377959416,20.61
721,1377959421,20.61
721,1377959426,20.62
721,1377959431,20.62
721,1377959436,20.6
721,1377959441,20.62
721,1377959446,20.61
721,1377959451,20.61
721,1377959456,20.61
721,1377959461,20.61
721,1377959466,20.6
721,1377959471,20.61
721,1377959476,20.61
721,1377959481,20.61
721,1377959486,20.61
721,1377959491,20.61
721,1377959496,20.62
721,1377959501,20.62
721,1377959506,20.61
721,1377959511,20.61
721,1377959518,20.62
721,1377959521,20.6
721,1377959526,20.62
721,1377959531,20.62
721,1377959536,20.62
721,1377959541,20.61
721,1377959546,20.61
721,1377959551,20.62
721,1377959556,20.62
721,1377959561,20.62
721,1377959566,20.61
721,1377959571,20.62
721,1377959576,20.61
721,1377959581,20.6
721,1377959586,20.62
721,1377959591,20.61
721,1377959596,20.62
721,1377959601,20.6
721,1377959606,20.61
721,1377959611,20.61
721,1377959616,20.6
721,1377959621,20.62
721,1377959626,20.61
721,1377959631,20.62
721,1377959636,20.61
721,1377959641,20.6
721,1377959646,20.61
721,1377959651,20.61
721,1377959656,20.62
721,1377959661,20.62
721,1377959666,20.62
721,1377959671,20.61
721,1377959676,20.62
721,1377959681,20.62
721,1377959686,20.62
721,1377959691,20.62
721,1377959696,20.62
721,1377959701,20.61
721,1377959706,20.64
721,1377959711,20.62
721,1377959716,20.61
721,1377959721,20.61
721,1377959726,20.61
721,1377959731,20.61
721,1377959736,20.61
721,1377959741,20.62
721,1377959746,20.63
721,1377959751,20.62
721,1377959756,20.62
721,1377959761,20.61
721,1377959766,20.62
721,1377959771,20.64
721,1377959776,20.62
721,1377959781,20.62
721,1377959786,20.62
721,1377959791,20.62
721,1377959796,20.62
721,1377959801,20.62
721,1377959806,20.62
721,1377959811,20.62
721,1377959816,20.62
721,1377959821,20.62
721,1377959826,20.62
721,1377959831,20.64
721,1377959836,20.62
721,1377959841,20.62
721,1377959846,20.62
721,1377959851,20.62
721,1377959856,20.62
721,1377959861,20.63
721,1377959866,20.62
721,1377959871,20.62
721,1377959876,20.63
721,1377959881,20.63
721,1377959886,20.64
721,1377959891,20.62
721,1377959896,20.61
721,1377959901,20.63
721,1377959906,20.62
721,1377959911,20.62
721,1377959916,20.62
721,1377959921,20.63
721,1377959926,20.63
721,1377959931,20.62
721,1377959936,20.63
721,1377959941,20.62
721,1377959946,20.62
721,1377959951,20.62
721,1377959956,20.64
721,1377959961,20.63
721,1377959966,20.64
721,1377959971,20.63
721,1377959976,20.62
721,1377959981,20.62
721,1377959986,20.64
721,1377959991,20.64
721,1377959996,20.63
721,1377960001,20.64
721,1377960006,20.64
721,1377960011,20.63
721,1377960016,20.62
721,1377960021,20.63
721,1377960026,20.64
721,1377960031,20.64
721,1377960036,20.63
721,1377960041,20.64
721,1377960046,20.64
721,1377960051,20.63
721,1377960056,20.64
721,1377960061,20.64
721,1377960066,20.63
721,1377960071,20.63
721,1377960076,20.66
721,1377960081,20.63
721,1377960086,20.64
721,1377960091,20.64
721,1377960096,20.64
721,1377960101,20.64
721,1377960106,20.65
721,1377960111,20.64
721,1377960116,20.64
721,1377960121,20.63
721,1377960126,20.63
721,1377960131,20.64
721,1377960136,20.64
721,1377960141,20.64
721,1377960146,20.64
721,1377960151,20.64
721,1377960156,20.64
721,1377960161,20.63
721,1377960166,20.64
721,1377960171,20.66
721,1377960176,20.66
721,1377960181,20.64
721,1377960186,20.65
721,1377960191,20.64
721,1377960196,20.64
721,1377960200,20.64
721,1377960205,20.64
721,1377960211,20.65
721,1377960216,20.65
721,1377960221,20.64
721,1377960226,20.65
721,1377960231,20.66
721,1377960240,20.64
721,1377960241,20.64
721,1377960245,20.65
721,1377960251,20.65
721,1377960256,20.66
721,1377960261,20.65
721,1377960266,20.65
721,1377960271,20.65
721,1377960276,20.64
721,1377960281,20.65
721,1377960286,20.67
721,1377960291,20.65
721,1377960297,20.66
721,1377960301,20.66
721,1377960306,20.66
721,1377960311,20.65
721,1377960316,20.65
721,1377960321,20.65
721,1377960326,20.66
721,1377960331,20.66
721,1377960336,20.66
721,1377960341,20.66
721,1377960346,20.66
721,1377960351,20.65
721,1377960356,20.65
721,1377960361,20.65
721,1377960366,20.66
721,1377960371,20.65
721,1377960376,20.66
721,1377960381,20.66
721,1377960386,20.66
721,1377960391,20.66
721,1377960396,20.66
721,1377960401,20.67
721,1377960406,20.66
721,1377960411,20.66
721,1377960416,20.66
721,1377960421,20.65
721,1377960426,20.66
721,1377960431,20.66
721,1377960436,20.67
721,1377960441,20.67
721,1377960446,20.66
721,1377960451,20.66
721,1377960455,20.66
721,1377960461,20.66
721,1377960466,20.67
721,1377960471,20.66
721,1377960476,20.67
721,1377960481,20.66
721,1377960486,20.67
721,1377960491,20.67
721,1377960496,20.68
721,1377960501,20.65
721,1377960506,20.68
721,1377960511,20.68
721,1377960516,20.67
721,1377960521,20.67
721,1377960526,20.67
721,1377960531,20.67
721,1377960536,20.66
721,1377960541,20.66
721,1377960546,20.67
721,1377960551,20.68
721,1377960556,20.67
721,1377960561,20.68
721,1377960566,20.68
721,1377960571,20.66
721,1377960576,20.66
721,1377960581,20.67
721,1377960586,20.68
721,1377960591,20.68
721,1377960596,20.68
721,1377960601,20.68
721,1377960606,20.68
721,1377960611,20.67
721,1377960616,20.68
721,1377960621,20.68
721,1377960626,20.67
721,1377960631,20.7
721,1377960636,20.69
721,1377960641,20.69
721,1377960646,20.69
721,1377960651,20.68
721,1377960656,20.68
721,1377960661,20.68
721,1377960666,20.68
721,1377960671,20.69
721,1377960675,20.7
721,1377960681,20.69
721,1377960686,20.69
721,1377960691,20.7
721,1377960696,20.71
721,1377960701,20.7
721,1377960706,20.7
721,1377960711,20.71
721,1377960716,20.71
721,1377960721,20.7
721,1377960726,20.7
721,1377960731,20.71
721,1377960736,20.7
721,1377960741,20.72
721,1377960745,20.7
721,1377960751,20.71
721,1377960756,20.71
721,1377960761,20.72
721,1377960766,20.7
721,1377960771,20.72
721,1377960776,20.72
721,1377960781,20.72
721,1377960786,20.7
721,1377960791,20.71
721,1377960796,20.71
721,1377960801,20.72
721,1377960806,20.72
721,1377960811,20.72
721,1377960816,20.72
721,1377960821,20.71
721,1377960826,20.71
721,1377960831,20.72
721,1377960836,20.71
721,1377960841,20.72
721,1377960846,20.7
721,1377960851,20.71
721,1377960856,20.72
721,1377960861,20.71
721,1377960866,20.72
721,1377960870,20.72
721,1377960876,20.71
721,1377960881,20.72
721,1377960885,20.72
721,1377960891,20.72
721,1377960896,20.72
721,1377960901,20.72
721,1377960906,20.72
721,1377960911,20.72
721,1377960916,20.72
721,1377960921,20.72
721,1377960926,20.73
721,1377960931,20.72
721,1377960936,20.72
721,1377960941,20.73
721,1377960946,20.73
721,1377960951,20.73
721,1377960956,20.72
721,1377960961,20.72
721,1377960968,20.73
721,1377960971,20.72
721,1377960975,20.71
721,1377960981,20.72
721,1377960986,20.72
721,1377960991,20.73
721,1377960995,20.72
721,1377961001,20.72
721,1377961006,20.72
721,1377961011,20.72
721,1377961016,20.73
721,1377961021,20.72
721,1377961025,20.73
721,1377961031,20.72
721,1377961036,20.72
721,1377961041,20.73
721,1377961046,20.72
721,1377961051,20.73
721,1377961056,20.73
721,1377961061,20.72
721,1377961066,20.72
721,1377961071,20.73
721,1377961076,20.74
721,1377961080,20.73
721,1377961085,20.72
721,1377961091,20.72
721,1377961096,20.73
721,1377961101,20.73
721,1377961106,20.73
721,1377961110,20.73
721,1377961115,20.73
721,1377961121,20.73
721,1377961126,20.73
721,1377961131,20.74
721,1377961135,20.73
721,1377961141,20.74
721,1377961146,20.74
721,1377961151,20.74
721,1377961155,20.73
721,1377961161,20.72
721,1377961166,20.72
721,1377961171,20.73
721,1377961176,20.74
721,1377961181,20.73
721,1377961186,20.73
721,1377961191,20.73
721,1377961196,20.73
721,1377961200,20.74
721,1377961205,20.73
721,1377961211,20.74
721,1377961216,20.74
721,1377961220,20.74
721,1377961225,20.74
721,1377961231,20.74
721,1377961236,20.74
721,1377961241,20.74
721,1377961246,20.73
721,1377961250,20.73
721,1377961255,20.74
721,1377961261,20.74
721,1377961266,20.73
721,1377961270,20.75
721,1377961275,20.74
721,1377961280,20.74
721,1377961286,20.75
721,1377961291,20.75
721,1377961296,20.74
721,1377961300,20.75
721,1377961305,20.74
721,1377961311,20.75
721,1377961316,20.74
721,1377961320,20.74
721,1377961325,20.75
721,1377961330,20.75
721,1377961336,20.75
721,1377961341,20.75
721,1377961346,20.75
721,1377961350,20.75
721,1377961355,20.75
721,1377961361,20.76
721,1377961366,20.75
721,1377961371,20.74
721,1377961376,20.74
721,1377961380,20.74
721,1377961386,20.76
721,1377961391,20.75
721,1377961396,20.75
721,1377961400,20.75
721,1377961405,20.76
721,1377961411,20.75
721,1377961416,20.76
721,1377961421,20.74
721,1377961426,20.77
721,1377961430,20.74
721,1377961436,20.75
721,1377961441,20.75
721,1377961445,20.75
721,1377961451,20.75
721,1377961455,20.75
721,1377961461,20.75
721,1377961466,20.75
721,1377961471,20.74
721,1377961476,20.76
721,1377961480,20.75
721,1377961485,20.75
721,1377961490,20.75
721,1377961496,20.74
721,1377961501,20.76
721,1377961505,20.76
721,1377961511,20.75
721,1377961516,20.75
721,1377961521,20.76
721,1377961525,20.76
721,1377961530,20.75
721,1377961536,20.76
721,1377961540,20.76
721,1377961545,20.76
721,1377961550,20.76
721,1377961556,20.76
721,1377961561,20.76
721,1377961566,20.76
721,1377961571,20.77
721,1377961576,20.78
721,1377961580,20.76
721,1377961586,20.76
721,1377961591,20.76
721,1377961596,20.76
721,1377961601,20.77
721,1377961605,20.76
721,1377961610,20.78
721,1377961616,20.77
721,1377961621,20.76
721,1377961626,20.76
721,1377961631,20.76
721,1377961635,20.77
721,1377961640,20.78
721,1377961646,20.76
721,1377961651,20.77
721,1377961656,20.78
721,1377961661,20.78
721,1377961666,20.76
721,1377961671,20.77
721,1377961675,20.78
721,1377961680,20.77
721,1377961686,20.77
721,1377961691,20.78
721,1377961695,20.78
721,1377961701,20.78
721,1377961705,20.77
721,1377961711,20.79
721,1377961716,20.78
721,1377961720,20.77
721,1377961725,20.78
721,1377961731,20.79
721,1377961736,20.78
721,1377961742,20.78
721,1377961745,20.78
721,1377961750,20.78
721,1377961756,20.77
721,1377961760,20.78
721,1377961765,20.78
721,1377961770,20.8
721,1377961775,20.78
721,1377961780,20.78
721,1377961786,20.78
721,1377961791,20.78
721,1377961796,20.78
721,1377961800,20.78
721,1377961805,20.79
721,1377961811,20.79
721,1377961816,20.78
721,1377961821,20.78
721,1377961825,20.78
721,1377961831,20.79
721,1377961836,20.79
721,1377961841,20.79
721,1377961846,20.79
721,1377961850,20.79
721,1377961856,20.79
721,1377961861,20.8
721,1377961865,20.8
721,1377961870,20.8
721,1377961876,20.79
721,1377961881,20.79
721,1377961886,20.79
721,1377961891,20.8
721,1377961895,20.78
721,1377961900,20.8
721,1377961905,20.8
721,1377961911,20.8
721,1377961916,20.8
721,1377961920,20.8
721,1377961925,20.78
721,1377961931,20.79
721,1377961936,20.8
721,1377961941,20.8
721,1377961946,20.79
721,1377961950,20.79
721,1377961955,20.8
721,1377961961,20.8
721,1377961966,20.8
721,1377961971,20.8
721,1377961975,20.8
721,1377961980,20.8
721,1377961986,20.8
721,1377961991,20.79
721,1377961995,20.8
721,1377962000,20.79
721,1377962005,20.79
721,1377962011,20.8
721,1377962015,20.81
721,1377962020,20.8
721,1377962025,20.8
721,1377962030,20.8
721,1377962036,20.8
721,1377962040,20.8
721,1377962045,20.8
721,1377962051,20.8
721,1377962055,20.8
721,1377962061,20.8
721,1377962066,20.8
721,1377962071,20.8
721,1377962076,20.8
721,1377962080,20.8
721,1377962085,20.81
721,1377962091,20.8
721,1377962096,20.8
721,1377962100,20.8
721,1377962105,20.81
721,1377962111,20.8
721,1377962116,20.8
721,1377962120,20.81
721,1377962125,20.8
721,1377962131,20.81
721,1377962136,20.8
721,1377962141,20.81
721,1377962145,20.8
721,1377962150,20.81
721,1377962156,20.82
721,1377962161,20.81
721,1377962166,20.81
721,1377962170,20.81
721,1377962175,20.81
721,1377962181,20.81
721,1377962185,20.81
721,1377962190,20.81
721,1377962195,20.81
721,1377962200,20.81
721,1377962205,20.8
721,1377962211,20.81
721,1377962216,20.81
721,1377962220,20.81
721,1377962225,20.82
721,1377962231,20.81
721,1377962235,20.82
721,1377962240,20.81
721,1377962245,20.82
721,1377962250,20.82
721,1377962255,20.82
721,1377962262,20.81
721,1377962265,20.82
721,1377962270,20.81
721,1377962275,20.81
721,1377962280,20.81
721,1377962286,20.82
721,1377962290,20.81
721,1377962295,20.81
721,1377962300,20.81
721,1377962305,20.82
721,1377962311,20.81
721,1377962315,20.81
721,1377962320,20.81
721,1377962325,20.82
721,1377962330,20.82
721,1377962336,20.81
721,1377962341,20.82
721,1377962345,20.82
721,1377962350,20.82
721,1377962355,20.82
721,1377962360,20.81
721,1377962366,20.82
721,1377962370,20.82
721,1377962375,20.82
721,1377962380,20.82
721,1377962385,20.82
721,1377962391,20.82
721,1377962395,20.82
721,1377962400,20.82
721,1377962405,20.82
721,1377962411,20.81
721,1377962415,20.82
721,1377962420,20.82
721,1377962425,20.82
721,1377962430,20.82
721,1377962435,20.82
721,1377962440,20.82
721,1377962445,20.82
721,1377962450,20.82
721,1377962455,20.82
721,1377962460,20.82
721,1377962465,20.81
721,1377962473,20.81
721,1377962475,20.82
721,1377962480,20.82
721,1377962485,20.81
721,1377962490,20.82
721,1377962496,20.82
721,1377962500,20.82
721,1377962505,20.81
721,1377962510,20.82
721,1377962515,20.82
721,1377962520,20.82
721,1377962525,20.82
721,1377962530,20.81
721,1377962535,20.81
721,1377962540,20.81
721,1377962545,20.82
721,1377962551,20.81
721,1377962555,20.82
721,1377962560,20.82
721,1377962565,20.82
721,1377962570,20.82
721,1377962575,20.81
721,1377962580,20.81
721,1377962585,20.82
721,1377962590,20.81
721,1377962595,20.81
721,1377962600,20.82
721,1377962605,20.82
721,1377962610,20.81
721,1377962615,20.82
721,1377962621,20.82
721,1377962626,20.81
721,1377962630,20.81
721,1377962635,20.81
721,1377962640,20.82
721,1377962646,20.82
721,1377962650,20.82
721,1377962655,20.81
721,1377962660,20.82
721,1377962665,20.8
721,1377962670,20.81
721,1377962675,20.82
721,1377962680,20.81
721,1377962685,20.82
721,1377962690,20.81
721,1377962695,20.82
721,1377962700,20.82
721,1377962706,20.81
721,1377962711,20.81
721,1377962715,20.82
721,1377962720,20.82
721,1377962725,20.82
721,1377962730,20.82
721,1377962736,20.82
721,1377962740,20.82
721,1377962745,20.82
721,1377962750,20.82
721,1377962755,20.82
721,1377962760,20.81
721,1377962765,20.82
721,1377962770,20.81
721,1377962775,20.82
721,1377962780,20.82
721,1377962785,20.82
721,1377962790,20.83
721,1377962796,20.82
721,1377962800,20.82
721,1377962805,20.82
721,1377962811,20.83
721,1377962815,20.82
721,1377962820,20.82
721,1377962825,20.82
721,1377962830,20.81
721,1377962835,20.82
721,1377962840,20.83
721,1377962845,20.81
721,1377962850,20.82
721,1377962855,20.82
721,1377962860,20.81
721,1377962865,20.82
721,1377962870,20.82
721,1377962875,20.82
721,1377962880,20.82
721,1377962885,20.82
721,1377962890,20.82
721,1377962895,20.83
721,1377962900,20.82
721,1377962905,20.82
721,1377962910,20.82
721,1377962915,20.82
721,1377962920,20.82
721,1377962925,20.83
721,1377962930,20.83
721,1377962935,20.82
721,1377962940,20.82
721,1377962946,20.83
721,1377962950,20.82
721,1377962956,20.83
721,1377962960,20.83
721,1377962965,20.82
721,1377962970,20.81
721,1377962975,20.81
721,1377962980,20.82
721,1377962985,20.82
721,1377962990,20.82
721,1377962995,20.82
721,1377963000,20.83
721,1377963005,20.82
721,1377963010,20.82
721,1377963015,20.83
721,1377963020,20.82
721,1377963025,20.82
721,1377963030,20.82
721,1377963036,20.83
721,1377963040,20.83
721,1377963045,20.82
721,1377963050,20.82
721,1377963055,20.8
721,1377963060,20.82
721,1377963066,20.82
721,1377963070,20.82
721,1377963075,20.82
721,1377963080,20.82
721,1377963086,20.82
721,1377963090,20.83
721,1377963095,20.82
721,1377963100,20.83
721,1377963105,20.82
721,1377963110,20.81
721,1377963115,20.81
721,1377963120,20.81
721,1377963125,20.82
721,1377963130,20.82
721,1377963135,20.8
721,1377963140,20.82
721,1377963145,20.82
721,1377963150,20.81
721,1377963155,20.81
721,1377963160,20.82
721,1377963165,20.81
721,1377963170,20.82
721,1377963175,20.82
721,1377963180,20.82
721,1377963185,20.82
721,1377963195,20.82
721,1377963200,20.82
721,1377963205,20.82
721,1377963210,20.82
721,1377963215,20.82
721,1377963220,20.82
721,1377963225,20.82
721,1377963230,20.82
721,1377963235,20.82
721,1377963241,20.82
721,1377963245,20.82
721,1377963250,20.82
721,1377963255,20.81
721,1377963260,20.81
721,1377963265,20.82
721,1377963270,20.82
721,1377963275,20.82
721,1377963280,20.82
721,1377963285,20.82
721,1377963290,20.81
721,1377963295,20.81
721,1377963300,20.82
721,1377963305,20.82
721,1377963310,20.82
721,1377963315,20.82
721,1377963320,20.82
721,1377963325,20.82
721,1377963330,20.82
721,1377963335,20.82
721,1377963340,20.81
721,1377963345,20.82
721,1377963350,20.82
721,1377963355,20.82
721,1377963360,20.82
721,1377963365,20.82
721,1377963370,20.81
721,1377963375,20.82
721,1377963380,20.82
721,1377963385,20.81
721,1377963390,20.81
721,1377963395,20.82
721,1377963400,20.82
721,1377963405,20.82
721,1377963410,20.82
721,1377963415,20.83
721,1377963420,20.81
721,1377963425,20.82
721,1377963430,20.81
721,1377963435,20.82
721,1377963440,20.82
721,1377963445,20.82
721,1377963450,20.82
721,1377963455,20.82
721,1377963460,20.82
721,1377963465,20.83
721,1377963470,20.82
721,1377963475,20.82
721,1377963480,20.83
721,1377963485,20.82
721,1377963490,20.83
721,1377963495,20.82
721,1377963500,20.82
721,1377963505,20.82
721,1377963510,20.82
721,1377963515,20.82
721,1377963520,20.82
721,1377963525,20.84
721,1377963530,20.82
721,1377963535,20.83
721,1377963540,20.82
721,1377963545,20.82
721,1377963550,20.82
721,1377963555,20.84
721,1377963561,20.82
721,1377963565,20.84
721,1377963570,20.84
721,1377963575,20.83
721,1377963580,20.83
721,1377963585,20.82
721,1377963590,20.84
721,1377963595,20.83
721,1377963600,20.83
721,1377963605,20.83
721,1377963610,20.84
721,1377963615,20.83
721,1377963620,20.83
721,1377963625,20.84
721,1377963630,20.84
721,1377963635,20.84
721,1377963640,20.84
721,1377963645,20.83
721,1377963650,20.84
721,1377963655,20.84
721,1377963660,20.84
721,1377963665,20.84
721,1377963670,20.83
721,1377963675,20.84
721,1377963680,20.82
721,1377963685,20.83
721,1377963690,20.84
721,1377963695,20.83
721,1377963700,20.83
721,1377963705,20.82
721,1377963710,20.83
721,1377963715,20.82
721,1377963720,20.84
721,1377963725,20.83
721,1377963730,20.84
721,1377963735,20.85
721,1377963740,20.84
721,1377963745,20.83
721,1377963750,20.82
721,1377963755,20.84
721,1377963760,20.83
721,1377963765,20.82
721,1377963770,20.84
721,1377963775,20.84
721,1377963780,20.84
721,1377963785,20.84
721,1377963790,20.84
721,1377963795,20.84
721,1377963800,20.83
721,1377963805,20.84
721,1377963810,20.83
721,1377963815,20.84
721,1377963820,20.84
721,1377963825,20.83
721,1377963830,20.84
721,1377963835,20.84
721,1377963840,20.84
721,1377963845,20.84
721,1377963850,20.84
721,1377963855,20.84
721,1377963861,20.84
721,1377963865,20.84
721,1377963870,20.83
721,1377963875,20.84
721,1377963880,20.83
721,1377963885,20.84
721,1377963890,20.83
721,1377963895,20.85
721,1377963905,20.84
721,1377963907,20.84
721,1377963910,20.83
721,1377963915,20.84
721,1377963920,20.82
721,1377963925,20.84
721,1377963930,20.84
721,1377963935,20.83
721,1377963940,20.84
721,1377963945,20.82
721,1377963950,20.84
721,1377963955,20.83
721,1377963960,20.83
721,1377963965,20.84
721,1377963970,20.85
721,1377963975,20.84
721,1377963980,20.84
721,1377963985,20.83
721,1377963990,20.84
721,1377963995,20.84
721,1377964000,20.84
721,1377964005,20.84
721,1377964010,20.84
721,1377964015,20.84
721,1377964020,20.83
721,1377964025,20.84
721,1377964030,20.84
721,1377964035,20.84
721,1377964040,20.84
721,1377964045,20.83
721,1377964051,20.83
721,1377964055,20.83
721,1377964060,20.84
721,1377964065,20.84
721,1377964070,20.83
721,1377964075,20.84
721,1377964080,20.84
721,1377964085,20.84
721,1377964090,20.84
721,1377964095,20.83
721,1377964100,20.83
721,1377964105,20.84
721,1377964110,20.84
721,1377964115,20.84
721,1377964120,20.83
721,1377964125,20.84
721,1377964130,20.82
721,1377964135,20.84
721,1377964140,20.84
721,1377964145,20.83
721,1377964150,20.84
721,1377964155,20.82
721,1377964160,20.83
721,1377964165,20.84
721,1377964170,20.84
721,1377964175,20.84
721,1377964180,20.83
721,1377964185,20.84
721,1377964190,20.82
721,1377964195,20.84
721,1377964200,20.82
721,1377964205,20.83
721,1377964210,20.83
721,1377964215,20.84
721,1377964220,20.84
721,1377964225,20.84
721,1377964230,20.84
721,1377964235,20.84
721,1377964240,20.84
721,1377964245,20.84
721,1377964250,20.84
721,1377964255,20.83
721,1377964260,20.83
721,1377964265,20.83
721,1377964270,20.83
721,1377964275,20.84
721,1377964280,20.83
721,1377964285,20.84
721,1377964290,20.84
721,1377964295,20.83
721,1377964300,20.84
721,1377964305,20.83
721,1377964310,20.84
721,1377964315,20.84
721,1377964320,20.85
721,1377964325,20.83
721,1377964330,20.84
721,1377964335,20.84
721,1377964340,20.84
721,1377964345,20.84
721,1377964350,20.84
721,1377964355,20.84
721,1377964360,20.84
721,1377964365,20.84
721,1377964370,20.85
721,1377964375,20.84
721,1377964380,20.84
721,1377964385,20.84
721,1377964390,20.84
721,1377964395,20.86
721,1377964400,20.84
721,1377964405,20.84
721,1377964410,20.84
721,1377964415,20.84
721,1377964420,20.85
721,1377964425,20.83
721,1377964430,20.84
721,1377964435,20.84
721,1377964440,20.83
721,1377964445,20.85
721,1377964450,20.85
721,1377964455,20.85
721,1377964460,20.84
721,1377964465,20.84
721,1377964470,20.85
721,1377964475,20.84
721,1377964480,20.84
721,1377964485,20.84
721,1377964491,20.85
721,1377964495,20.85
721,1377964500,20.84
721,1377964505,20.85
721,1377964510,20.85
721,1377964515,20.84
721,1377964520,20.84
721,1377964525,20.84
721,1377964530,20.84
721,1377964535,20.85
721,1377964540,20.84
721,1377964545,20.84
721,1377964550,20.85
721,1377964555,20.85
721,1377964560,20.85
721,1377964565,20.84
721,1377964570,20.84
721,1377964575,20.84
721,1377964586,20.84
721,1377964590,20.84
721,1377964595,20.85
721,1377964600,20.85
721,1377964605,20.85
721,1377964610,20.84
721,1377964615,20.84
721,1377964620,20.84
721,1377964625,20.85
721,1377964630,20.84
721,1377964635,20.86
721,1377964641,20.84
721,1377964645,20.84
721,1377964650,20.86
721,1377964655,20.84
721,1377964660,20.85
721,1377964665,20.84
721,1377964670,20.84
721,1377964675,20.84
721,1377964680,20.85
721,1377964685,20.86
721,1377964690,20.85
721,1377964695,20.84
721,1377964700,20.85
721,1377964705,20.86
721,1377964710,20.86
721,1377964715,20.86
721,1377964720,20.85
721,1377964725,20.85
721,1377964730,20.86
721,1377964735,20.86
721,1377964740,20.85
721,1377964745,20.85
721,1377964750,20.85
721,1377964755,20.85
721,1377964760,20.86
721,1377964765,20.85
721,1377964770,20.84
721,1377964775,20.85
721,1377964780,20.84
721,1377964785,20.85
721,1377964790,20.84
721,1377964795,20.84
721,1377964800,20.86
721,1377964805,20.84
721,1377964810,20.84
721,1377964815,20.85
721,1377964820,20.86
721,1377964825,20.85
721,1377964830,20.86
721,1377964835,20.86
721,1377964840,20.85
721,1377964845,20.86
721,1377964850,20.84
721,1377964855,20.85
721,1377964860,20.84
721,1377964865,20.85
721,1377964870,20.86
721,1377964875,20.86
721,1377964880,20.85
721,1377964885,20.86
721,1377964890,20.86
721,1377964895,20.86
721,1377964900,20.86
721,1377964905,20.86
721,1377964910,20.86
721,1377964915,20.87
721,1377964920,20.86
721,1377964925,20.86
721,1377964930,20.88
721,1377964936,20.85
721,1377964940,20.86
721,1377964945,20.86
721,1377964950,20.86
721,1377964955,20.86
721,1377964960,20.86
721,1377964965,20.86
721,1377964970,20.86
721,1377964975,20.85
721,1377964980,20.86
721,1377964985,20.86
721,1377964990,20.86
721,1377964995,20.86
721,1377965000,20.87
721,1377965005,20.86
721,1377965010,20.86
721,1377965015,20.86
721,1377965020,20.87
721,1377965025,20.86
721,1377965030,20.86
721,1377965035,20.86
721,1377965040,20.86
721,1377965045,20.87
721,1377965050,20.86
721,1377965055,20.87
721,1377965060,20.86
721,1377965065,20.86
721,1377965070,20.86
721,1377965075,20.87
721,1377965080,20.87
721,1377965085,20.86
721,1377965090,20.88
721,1377965095,20.88
721,1377965100,20.88
721,1377965105,20.87
721,1377965110,20.87
721,1377965115,20.87
721,1377965120,20.87
721,1377965125,20.88
721,1377965130,20.88
721,1377965135,20.87
721,1377965140,20.87
721,1377965145,20.87
721,1377965150,20.87
721,1377965155,20.88
721,1377965160,20.87
721,1377965165,20.88
721,1377965170,20.88
721,1377965175,20.88
721,1377965180,20.88
721,1377965185,20.86
721,1377965190,20.88
721,1377965195,20.88
721,1377965200,20.88
721,1377965205,20.87
721,1377965210,20.87
721,1377965215,20.88
721,1377965220,20.88
721,1377965225,20.88
721,1377965230,20.88
721,1377965235,20.88
721,1377965240,20.88
721,1377965245,20.88
721,1377965250,20.87
721,1377965255,20.87
721,1377965260,20.88
721,1377965265,20.88
721,1377965270,20.89
721,1377965275,20.88
721,1377965280,20.89
721,1377965288,20.88
721,1377965290,20.88
721,1377965295,20.88
721,1377965300,20.88
721,1377965305,20.87
721,1377965310,20.87
721,1377965315,20.86
721,1377965320,20.88
721,1377965325,20.88
721,1377965330,20.88
721,1377965335,20.88
721,1377965340,20.88
721,1377965345,20.88
721,1377965350,20.88
721,1377965355,20.87
721,1377965360,20.88
721,1377965365,20.86
721,1377965370,20.86
721,1377965375,20.88
721,1377965380,20.88
721,1377965385,20.87
721,1377965390,20.88
721,1377965395,20.88
721,1377965400,20.88
721,1377965405,20.88
721,1377965410,20.88
721,1377965415,20.88
721,1377965420,20.88
721,1377965425,20.87
721,1377965430,20.88
721,1377965435,20.88
721,1377965440,20.88
721,1377965445,20.88
721,1377965450,20.88
721,1377965455,20.88
721,1377965460,20.88
721,1377965465,20.89
721,1377965470,20.88
721,1377965475,20.89
721,1377965480,20.88
721,1377965485,20.88
721,1377965490,20.88
721,1377965495,20.88
721,1377965500,20.88
721,1377965505,20.88
721,1377965510,20.88
721,1377965515,20.88
721,1377965520,20.88
721,1377965525,20.88
721,1377965530,20.88
721,1377965535,20.89
721,1377965540,20.88
721,1377965545,20.88
721,1377965550,20.88
721,1377965555,20.88
721,1377965560,20.88
721,1377965565,20.89
721,1377965570,20.89
721,1377965575,20.89
721,1377965580,20.89
721,1377965585,20.88
721,1377965590,20.88
721,1377965595,20.88
721,1377965600,20.88
721,1377965605,20.88
721,1377965610,20.89
721,1377965615,20.88
721,1377965620,20.88
721,1377965625,20.88
721,1377965630,20.88
721,1377965635,20.88
721,1377965640,20.88
721,1377965645,20.88
721,1377965650,20.88
721,1377965655,20.86
721,1377965660,20.89
721,1377965665,20.88
721,1377965670,20.89
721,1377965676,20.88
721,1377965680,20.88
721,1377965685,20.88
721,1377965690,20.89
721,1377965695,20.88
721,1377965700,20.88
721,1377965705,20.88
721,1377965710,20.88
721,1377965715,20.88
721,1377965720,20.88
721,1377965725,20.88
721,1377965730,20.88
721,1377965735,20.88
721,1377965740,20.88
721,1377965745,20.88
721,1377965750,20.88
721,1377965755,20.89
721,1377965760,20.89
721,1377965765,20.88
721,1377965770,20.88
721,1377965775,20.9
721,1377965780,20.89
721,1377965785,20.88
721,1377965790,20.88
721,1377965795,20.89
721,1377965800,20.89
721,1377965805,20.88
721,1377965810,20.88
721,1377965815,20.9
721,1377965820,20.89
721,1377965825,20.88
721,1377965830,20.88
721,1377965835,20.88
721,1377965840,20.89
721,1377965845,20.88
721,1377965850,20.89
721,1377965855,20.9
721,1377965860,20.89
721,1377965865,20.89
721,1377965870,20.9
721,1377965875,20.9
721,1377965880,20.9
721,1377965885,20.88
721,1377965890,20.89
721,1377965895,20.88
721,1377965900,20.9
721,1377965905,20.89
721,1377965910,20.88
721,1377965915,20.88
721,1377965920,20.89
721,1377965925,20.91
721,1377965930,20.9
721,1377965935,20.89
721,1377965940,20.89
721,1377965945,20.89
721,1377965950,20.89
721,1377965955,20.9
721,1377965960,20.89
721,1377965965,20.88
721,1377965970,20.89
721,1377965975,20.89
721,1377965980,20.89
721,1377965985,20.88
721,1377965990,20.89
721,1377965997,20.89
721,1377966000,20.9
721,1377966005,20.89
721,1377966010,20.9
721,1377966015,20.9
721,1377966020,20.89
721,1377966025,20.89
721,1377966030,20.9
721,1377966035,20.9
721,1377966040,20.9
721,1377966045,20.9
721,1377966050,20.9
721,1377966055,20.9
721,1377966060,20.92
721,1377966065,20.9
721,1377966070,20.9
721,1377966075,20.9
721,1377966080,20.89
721,1377966085,20.9
721,1377966090,20.9
721,1377966095,20.9
721,1377966100,20.9
721,1377966105,20.9
721,1377966110,20.9
721,1377966115,20.9
721,1377966120,20.89
721,1377966125,20.9
721,1377966130,20.9
721,1377966135,20.9
721,1377966140,20.91
721,1377966145,20.9
721,1377966150,20.91
721,1377966155,20.91
721,1377966160,20.91
721,1377966165,20.92
721,1377966170,20.91
721,1377966175,20.89
721,1377966180,20.9
721,1377966185,20.9
721,1377966190,20.9
721,1377966195,20.9
721,1377966200,20.9
721,1377966205,20.9
721,1377966210,20.9
721,1377966215,20.9
721,1377966220,20.9
721,1377966225,20.9
721,1377966230,20.9
721,1377966235,20.9
721,1377966240,20.9
721,1377966245,20.91
721,1377966250,20.91
721,1377966255,20.91
721,1377966260,20.9
721,1377966265,20.9
721,1377966270,20.91
721,1377966275,20.91
721,1377966280,20.91
721,1377966285,20.89
721,1377966290,20.9
721,1377966295,20.9
721,1377966300,20.91
721,1377966305,20.9
721,1377966310,20.9
721,1377966315,20.9
721,1377966320,20.9
721,1377966325,20.9
721,1377966330,20.9
721,1377966335,20.9
721,1377966340,20.9
721,1377966345,20.9
721,1377966350,20.9
721,1377966355,20.91
721,1377966360,20.91
721,1377966365,20.9
721,1377966370,20.91
721,1377966375,20.91
721,1377966380,20.91
721,1377966385,20.92
721,1377966390,20.92
721,1377966395,20.91
721,1377966400,20.91
721,1377966405,20.91
721,1377966410,20.9
721,1377966415,20.9
721,1377966420,20.92
721,1377966425,20.92
721,1377966430,20.9
721,1377966435,20.91
721,1377966440,20.91
721,1377966445,20.92
721,1377966450,20.91
721,1377966455,20.91
721,1377966460,20.92
721,1377966465,20.92
721,1377966470,20.92
721,1377966475,20.92
721,1377966480,20.92
721,1377966485,20.92
721,1377966490,20.91
721,1377966495,20.92
721,1377966500,20.91
721,1377966505,20.91
721,1377966510,20.91
721,1377966515,20.92
721,1377966520,20.92
721,1377966525,20.92
721,1377966530,20.92
721,1377966535,20.92
721,1377966540,20.92
721,1377966545,20.92
721,1377966550,20.92
721,1377966555,20.92
721,1377966560,20.92
721,1377966565,20.92
721,1377966570,20.93
721,1377966575,20.92
721,1377966580,20.91
721,1377966585,20.92
721,1377966590,20.92
721,1377966595,20.91
721,1377966600,20.92
721,1377966605,20.92
721,1377966610,20.92
721,1377966615,20.91
721,1377966620,20.92
721,1377966625,20.91
721,1377966630,20.92
721,1377966635,20.92
721,1377966640,20.91
721,1377966645,20.92
721,1377966650,20.91
721,1377966655,20.92
721,1377966660,20.92
721,1377966665,20.92
721,1377966670,20.91
721,1377966675,20.93
721,1377966680,20.92
721,1377966685,20.92
721,1377966690,20.92
721,1377966695,20.92
721,1377966700,20.92
721,1377966705,20.92
721,1377966710,20.92
721,1377966715,20.91
721,1377966723,20.92
721,1377966725,20.93
721,1377966730,20.92
721,1377966735,20.91
721,1377966740,20.91
721,1377966745,20.92
721,1377966750,20.92
721,1377966755,20.92
721,1377966760,20.92
721,1377966765,20.92
721,1377966770,20.92
721,1377966775,20.92
721,1377966780,20.92
721,1377966785,20.93
721,1377966790,20.92
721,1377966795,20.92
721,1377966800,20.92
721,1377966805,20.92
721,1377966810,20.92
721,1377966815,20.93
721,1377966820,20.92
721,1377966825,20.92
721,1377966830,20.92
721,1377966835,20.94
721,1377966840,20.92
721,1377966845,20.93
721,1377966850,20.92
721,1377966855,20.93
721,1377966860,20.93
721,1377966865,20.92
721,1377966870,20.92
721,1377966875,20.93
721,1377966880,20.92
721,1377966885,20.92
721,1377966890,20.92
721,1377966895,20.93
721,1377966900,20.92
721,1377966905,20.92
721,1377966910,20.93
721,1377966915,20.92
721,1377966920,20.93
721,1377966925,20.92
721,1377966930,20.93
721,1377966935,20.92
721,1377966940,20.92
721,1377966945,20.92
721,1377966950,20.94
721,1377966955,20.92
721,1377966960,20.92
721,1377966965,20.92
721,1377966970,20.93
721,1377966975,20.93
721,1377966980,20.92
721,1377966985,20.92
721,1377966990,20.93
721,1377966995,20.94
721,1377967000,20.92
721,1377967005,20.93
721,1377967010,20.93
721,1377967015,20.93
721,1377967020,20.92
721,1377967025,20.94
721,1377967030,20.93
721,1377967035,20.92
721,1377967040,20.92
721,1377967045,20.93
721,1377967050,20.94
721,1377967055,20.93
721,1377967060,20.93
721,1377967065,20.92
721,1377967070,20.92
721,1377967075,20.94
721,1377967080,20.94
721,1377967085,20.92
721,1377967090,20.94
721,1377967095,20.93
721,1377967100,20.93
721,1377967105,20.94
721,1377967110,20.93
721,1377967115,20.94
721,1377967120,20.93
721,1377967125,20.93
721,1377967130,20.93
721,1377967135,20.93
721,1377967140,20.94
721,1377967145,20.93
721,1377967150,20.94
721,1377967155,20.93
721,1377967160,20.93
721,1377967165,20.93
721,1377967170,20.94
721,1377967175,20.94
721,1377967180,20.95
721,1377967186,20.94
721,1377967190,20.93
721,1377967195,20.95
721,1377967200,20.94
721,1377967205,20.94
721,1377967210,20.94
721,1377967215,20.94
721,1377967220,20.95
721,1377967225,20.95
721,1377967230,20.94
721,1377967235,20.95
721,1377967240,20.94
721,1377967245,20.93
721,1377967250,20.95
721,1377967255,20.94
721,1377967260,20.94
721,1377967265,20.94
721,1377967270,20.94
721,1377967275,20.94
721,1377967280,20.94
721,1377967285,20.94
721,1377967290,20.94
721,1377967295,20.94
721,1377967300,20.94
721,1377967305,20.95
721,1377967310,20.94
721,1377967315,20.94
721,1377967320,20.94
721,1377967325,20.94
721,1377967330,20.94
721,1377967335,20.95
721,1377967340,20.96
721,1377967345,20.95
721,1377967350,20.95
721,1377967355,20.95
721,1377967360,20.96
721,1377967365,20.96
721,1377967370,20.95
721,1377967375,20.95
721,1377967380,20.96
721,1377967385,20.96
721,1377967390,20.96
721,1377967395,20.94
721,1377967400,20.94
721,1377967405,20.95
721,1377967410,20.95
721,1377967415,20.96
721,1377967420,20.96
721,1377967425,20.95
721,1377967430,20.94
721,1377967435,20.96
721,1377967440,20.96
721,1377967445,20.95
721,1377967450,20.96
721,1377967455,20.95
721,1377967463,20.96
721,1377967465,20.95
721,1377967470,20.95
721,1377967475,20.96
721,1377967480,20.96
721,1377967485,20.96
721,1377967490,20.96
721,1377967495,20.95
721,1377967500,20.96
721,1377967505,20.95
721,1377967510,20.96
721,1377967515,20.95
721,1377967520,20.95
721,1377967525,20.96
721,1377967530,20.96
721,1377967535,20.96
721,1377967540,20.96
721,1377967545,20.96
721,1377967550,20.96
721,1377967555,20.96
721,1377967560,20.95
721,1377967565,20.95
721,1377967570,20.95
721,1377967575,20.96
721,1377967580,20.96
721,1377967585,20.95
721,1377967590,20.96
721,1377967595,20.96
721,1377967600,20.97
721,1377967605,20.96
721,1377967610,20.96
721,1377967615,20.96
721,1377967620,20.96
721,1377967625,20.96
721,1377967630,20.96
721,1377967635,20.96
721,1377967640,20.96
721,1377967645,20.97
721,1377967650,20.97
721,1377967655,20.96
721,1377967660,20.96
721,1377967665,20.96
721,1377967670,20.96
721,1377967675,20.97
721,1377967680,20.96
721,1377967685,20.95
721,1377967690,20.97
721,1377967695,20.97
721,1377967700,20.96
721,1377967705,20.97
721,1377967710,20.98
721,1377967715,20.97
721,1377967720,20.96
721,1377967725,20.98
721,1377967730,20.96
721,1377967735,20.97
721,1377967740,20.96
721,1377967745,20.97
721,1377967750,20.96
721,1377967755,20.97
721,1377967760,20.98
721,1377967765,20.98
721,1377967770,20.98
721,1377967775,20.97
721,1377967780,20.96
721,1377967785,20.97
721,1377967790,20.96
721,1377967795,20.97
721,1377967800,20.98
721,1377967805,20.96
721,1377967810,20.97
721,1377967815,20.98
721,1377967820,20.98
721,1377967825,20.98
721,1377967830,20.96
721,1377967835,20.97
721,1377967840,20.98
721,1377967845,20.98
721,1377967850,20.98
721,1377967855,20.98
721,1377967860,20.98
721,1377967865,20.99
721,1377967870,20.98
721,1377967875,20.98
721,1377967880,20.97
721,1377967885,20.97
721,1377967890,20.98
721,1377967895,20.97
721,1377967900,20.98
721,1377967905,20.97
721,1377967910,20.98
721,1377967915,20.97
721,1377967920,20.98
721,1377967925,20.98
721,1377967930,20.97
721,1377967935,20.98
721,1377967940,20.97
721,1377967945,20.98
721,1377967950,20.98
721,1377967955,20.98
721,1377967960,20.98
721,1377967965,20.99
721,1377967970,20.98
721,1377967975,20.98
721,1377967980,20.98
721,1377967985,20.98
721,1377967990,20.98
721,1377967995,20.99
721,1377968000,20.98
721,1377968005,20.99
721,1377968010,20.98
721,1377968015,20.98
721,1377968020,20.98
721,1377968025,20.97
721,1377968030,20.97
721,1377968035,20.98
721,1377968040,20.98
721,1377968045,20.98
721,1377968050,20.96
721,1377968055,20.98
721,1377968060,20.97
721,1377968065,20.97
721,1377968070,20.98
721,1377968075,20.98
721,1377968080,20.98
721,1377968085,20.97
721,1377968090,20.98
721,1377968095,20.98
721,1377968100,20.98
721,1377968105,20.97
721,1377968110,20.99
721,1377968115,20.97
721,1377968120,20.98
721,1377968125,20.97
721,1377968130,20.98
721,1377968135,20.98
721,1377968140,20.98
721,1377968145,20.98
721,1377968150,20.98
721,1377968155,20.97
721,1377968160,20.98
721,1377968165,20.98
721,1377968170,20.98
721,1377968175,20.98
721,1377968180,20.98
721,1377968185,20.98
721,1377968190,20.98
721,1377968195,20.98
721,1377968205,20.98
721,1377968210,20.98
721,1377968215,20.98
721,1377968220,20.99
721,1377968225,20.98
721,1377968230,20.98
721,1377968236,20.97
721,1377968240,20.98
721,1377968245,20.98
721,1377968250,20.99
721,1377968255,21.0
721,1377968260,20.99
721,1377968265,20.99
721,1377968270,20.99
721,1377968275,20.98
721,1377968280,21.0
721,1377968285,20.99
721,1377968290,20.98
721,1377968295,21.0
721,1377968300,20.98
721,1377968305,20.98
721,1377968310,20.99
721,1377968315,21.0
721,1377968320,21.0
721,1377968325,21.0
721,1377968330,20.98
721,1377968335,20.99
721,1377968340,20.98
721,1377968345,20.98
721,1377968350,20.99
721,1377968355,20.99
721,1377968360,21.0
721,1377968365,21.0
721,1377968370,20.99
721,1377968375,21.0
721,1377968380,20.99
721,1377968385,21.0
721,1377968390,21.0
721,1377968395,21.0
721,1377968400,21.0
721,1377968405,20.99
721,1377968410,21.0
721,1377968415,20.99
721,1377968420,21.0
721,1377968425,21.01
721,1377968430,21.01
721,1377968435,21.0
721,1377968440,21.0
721,1377968445,21.0
721,1377968450,21.01
721,1377968455,21.0
721,1377968460,21.01
721,1377968465,21.0
721,1377968470,21.0
721,1377968475,21.0
721,1377968480,21.0
721,1377968485,21.0
721,1377968490,21.01
721,1377968495,21.02
721,1377968500,21.01
721,1377968505,21.01
721,1377968510,21.0
721,1377968515,21.0
721,1377968520,21.0
721,1377968525,21.02
721,1377968530,21.0
721,1377968535,21.01
721,1377968540,21.0
721,1377968545,21.01
721,1377968550,21.0
721,1377968555,20.99
721,1377968560,21.0
721,1377968565,21.0
721,1377968570,21.01
721,1377968575,21.01
721,1377968580,21.0
721,1377968585,21.01
721,1377968590,21.0
721,1377968595,21.01
721,1377968600,21.02
721,1377968605,21.01
721,1377968610,21.02
721,1377968615,21.01
721,1377968620,21.01
721,1377968625,21.02
721,1377968630,21.02
721,1377968635,21.01
721,1377968640,21.01
721,1377968645,21.02
721,1377968650,21.01
721,1377968655,21.02
721,1377968660,21.02
721,1377968665,21.02
721,1377968670,21.02
721,1377968675,21.0
721,1377968680,21.01
721,1377968685,21.02
721,1377968690,21.0
721,1377968695,21.02
721,1377968700,21.02
721,1377968705,21.02
721,1377968710,21.02
721,1377968715,21.01
721,1377968720,21.02
721,1377968725,21.02
721,1377968730,21.01
721,1377968735,21.02
721,1377968740,21.02
721,1377968745,21.03
721,1377968750,21.01
721,1377968755,21.01
721,1377968760,21.02
721,1377968765,21.02
721,1377968770,21.02
721,1377968775,21.02
721,1377968780,21.01
721,1377968785,21.02
721,1377968790,21.01
721,1377968795,21.03
721,1377968800,21.01
721,1377968805,21.02
721,1377968810,21.02
721,1377968815,21.02
721,1377968820,21.02
721,1377968825,21.02
721,1377968830,21.02
721,1377968835,21.01
721,1377968840,21.02
721,1377968845,21.02
721,1377968850,21.02
721,1377968855,21.02
721,1377968860,21.02
721,1377968865,21.03
721,1377968870,21.03
721,1377968875,21.02
721,1377968880,21.03
721,1377968885,21.03
721,1377968890,21.04
721,1377968895,21.02
721,1377968900,21.04
721,1377968905,21.03
721,1377968910,21.03
721,1377968915,21.03
721,1377968924,21.02
721,1377968925,21.03
721,1377968930,21.02
721,1377968935,21.02
721,1377968940,21.02
721,1377968945,21.04
721,1377968950,21.04
721,1377968955,21.03
721,1377968961,21.04
721,1377968965,21.03
721,1377968970,21.04
721,1377968975,21.03
721,1377968980,21.02
721,1377968985,21.04
721,1377968990,21.04
721,1377968995,21.04
721,1377969000,21.04
721,1377969005,21.03
721,1377969010,21.04
721,1377969015,21.04
721,1377969020,21.04
721,1377969025,21.04
721,1377969030,21.04
721,1377969035,21.04
721,1377969040,21.04
721,1377969045,21.04
721,1377969050,21.03
721,1377969055,21.04
721,1377969060,21.05
721,1377969065,21.04
721,1377969070,21.04
721,1377969075,21.04
721,1377969080,21.05
721,1377969085,21.05
721,1377969090,21.04
721,1377969095,21.04
721,1377969100,21.04
721,1377969105,21.04
721,1377969110,21.04
721,1377969115,21.06
721,1377969120,21.05
721,1377969125,21.05
721,1377969130,21.05
721,1377969135,21.05
721,1377969140,21.04
721,1377969145,21.04
721,1377969150,21.04
721,1377969155,21.05
721,1377969160,21.04
721,1377969165,21.06
721,1377969170,21.04
721,1377969175,21.06
721,1377969180,21.05
721,1377969185,21.05
721,1377969190,21.04
721,1377969195,21.04
721,1377969200,21.06
721,1377969205,21.04
721,1377969210,21.06
721,1377969215,21.04
721,1377969220,21.06
721,1377969225,21.05
721,1377969230,21.06
721,1377969235,21.06
721,1377969240,21.06
721,1377969245,21.05
721,1377969250,21.06
721,1377969255,21.05
721,1377969260,21.04
721,1377969265,21.05
721,1377969270,21.04
721,1377969275,21.05
721,1377969280,21.04
721,1377969285,21.06
721,1377969291,21.06
721,1377969295,21.05
721,1377969300,21.06
721,1377969305,21.06
721,1377969310,21.05
721,1377969315,21.06
721,1377969320,21.06
721,1377969325,21.06
721,1377969330,21.06
721,1377969335,21.06
721,1377969340,21.06
721,1377969345,21.06
721,1377969350,21.07
721,1377969355,21.08
721,1377969360,21.07
721,1377969365,21.06
721,1377969370,21.06
721,1377969375,21.06
721,1377969380,21.06
721,1377969385,21.06
721,1377969390,21.06
721,1377969395,21.06
721,1377969400,21.07
721,1377969405,21.06
721,1377969410,21.07
721,1377969415,21.06
721,1377969420,21.06
721,1377969425,21.06
721,1377969430,21.06
721,1377969435,21.06
721,1377969440,21.06
721,1377969445,21.06
721,1377969450,21.07
721,1377969455,21.06
721,1377969460,21.07
721,1377969465,21.06
721,1377969470,21.06
721,1377969475,21.07
721,1377969480,21.06
721,1377969485,21.06
721,1377969490,21.06
721,1377969495,21.06
721,1377969500,21.06
721,1377969505,21.07
721,1377969510,21.06
721,1377969515,21.07
721,1377969520,21.06
721,1377969525,21.06
721,1377969530,21.06
721,1377969535,21.05
721,1377969540,21.06
721,1377969545,21.06
721,1377969550,21.06
721,1377969555,21.06
721,1377969560,21.07
721,1377969565,21.08
721,1377969570,21.08
721,1377969575,21.07
721,1377969580,21.06
721,1377969585,21.07
721,1377969590,21.07
721,1377969595,21.07
721,1377969600,21.08
721,1377969605,21.08
721,1377969610,21.08
721,1377969615,21.08
721,1377969620,21.07
721,1377969625,21.08
721,1377969630,21.07
721,1377969635,21.08
721,1377969640,21.07
721,1377969645,21.07
721,1377969650,21.07
721,1377969655,21.07
721,1377969660,21.07
721,1377969665,21.08
721,1377969670,21.08
721,1377969675,21.07
721,1377969680,21.07
721,1377969689,21.09
721,1377969690,21.08
721,1377969695,21.08
721,1377969700,21.08
721,1377969705,21.09
721,1377969710,21.08
721,1377969715,21.09
721,1377969720,21.08
721,1377969725,21.09
721,1377969730,21.1
721,1377969735,21.09
721,1377969740,21.09
721,1377969745,21.09
721,1377969750,21.08
721,1377969755,21.08
721,1377969760,21.09
721,1377969765,21.08
721,1377969770,21.08
721,1377969775,21.08
721,1377969780,21.08
721,1377969785,21.09
721,1377969790,21.09
721,1377969795,21.09
721,1377969800,21.08
721,1377969805,21.1
721,1377969810,21.1
721,1377969815,21.09
721,1377969820,21.08
721,1377969825,21.09
721,1377969830,21.08
721,1377969835,21.08
721,1377969840,21.09
721,1377969845,21.1
721,1377969850,21.08
721,1377969855,21.09
721,1377969860,21.09
721,1377969865,21.1
721,1377969870,21.1
721,1377969875,21.1
721,1377969880,21.08
721,1377969885,21.1
721,1377969890,21.1
721,1377969895,21.1
721,1377969900,21.09
721,1377969905,21.09
721,1377969910,21.09
721,1377969915,21.08
721,1377969920,21.09
721,1377969925,21.1
721,1377969930,21.11
721,1377969935,21.1
721,1377969940,21.1
721,1377969945,21.1
721,1377969950,21.1
721,1377969955,21.1
721,1377969960,21.1
721,1377969965,21.11
721,1377969970,21.09
721,1377969975,21.1
721,1377969980,21.1
721,1377969985,21.1
721,1377969990,21.09
721,1377969995,21.1
721,1377970000,21.11
721,1377970005,21.1
721,1377970010,21.11
721,1377970015,21.11
721,1377970020,21.1
721,1377970025,21.11
721,1377970030,21.11
721,1377970035,21.11
721,1377970040,21.09
721,1377970045,21.1
721,1377970050,21.1
721,1377970055,21.1
721,1377970060,21.1
721,1377970065,21.1
721,1377970070,21.1
721,1377970075,21.1
721,1377970080,21.1
721,1377970085,21.1
721,1377970090,21.1
721,1377970095,21.1
721,1377970100,21.11
721,1377970105,21.11
721,1377970110,21.1
721,1377970115,21.11
721,1377970120,21.11
721,1377970125,21.1
721,1377970130,21.1
721,1377970135,21.1
721,1377970140,21.11
721,1377970145,21.1
721,1377970150,21.11
721,1377970155,21.11
721,1377970160,21.11
721,1377970165,21.12
721,1377970170,21.1
721,1377970175,21.11
721,1377970180,21.11
721,1377970185,21.1
721,1377970190,21.11
721,1377970195,21.1
721,1377970200,21.11
721,1377970205,21.1
721,1377970210,21.11
721,1377970215,21.12
721,1377970220,21.11
721,1377970225,21.12
721,1377970230,21.11
721,1377970235,21.11
721,1377970240,21.12
721,1377970245,21.12
721,1377970250,21.11
721,1377970255,21.12
721,1377970260,21.12
721,1377970265,21.12
721,1377970270,21.12
721,1377970275,21.11
721,1377970280,21.12
721,1377970285,21.12
721,1377970290,21.11
721,1377970295,21.12
721,1377970300,21.12
721,1377970305,21.12
721,1377970310,21.12
721,1377970315,21.12
721,1377970320,21.12
721,1377970325,21.12
721,1377970330,21.12
721,1377970335,21.13
721,1377970340,21.12
721,1377970345,21.12
721,1377970350,21.12
721,1377970355,21.12
721,1377970360,21.12
721,1377970365,21.13
721,1377970370,21.12
721,1377970375,21.13
721,1377970380,21.11
721,1377970385,21.12
721,1377970390,21.13
721,1377970395,21.12
721,1377970400,21.12
721,1377970405,21.12
721,1377970410,21.11
721,1377970415,21.12
721,1377970420,21.12
721,1377970425,21.12
721,1377970430,21.13
721,1377970435,21.13
721,1377970440,21.14
721,1377970451,21.13
721,1377970455,21.13
721,1377970460,21.13
721,1377970465,21.12
721,1377970470,21.13
721,1377970475,21.13
721,1377970480,21.13
721,1377970485,21.13
721,1377970490,21.13
721,1377970495,21.12
721,1377970500,21.13
721,1377970505,21.12
721,1377970510,21.12
721,1377970515,21.12
721,1377970520,21.12
721,1377970525,21.13
721,1377970530,21.14
721,1377970535,21.14
721,1377970540,21.13
721,1377970545,21.12
721,1377970550,21.12
721,1377970555,21.12
721,1377970560,21.12
721,1377970565,21.14
721,1377970570,21.13
721,1377970575,21.12
721,1377970580,21.13
721,1377970585,21.12
721,1377970590,21.14
721,1377970595,21.12
721,1377970600,21.12
721,1377970605,21.13
721,1377970610,21.13
721,1377970615,21.14
721,1377970620,21.13
721,1377970625,21.13
721,1377970630,21.12
721,1377970635,21.13
721,1377970640,21.14
721,1377970645,21.14
721,1377970650,21.14
721,1377970655,21.14
721,1377970660,21.13
721,1377970665,21.14
721,1377970670,21.14
721,1377970675,21.14
721,1377970680,21.13
721,1377970685,21.14
721,1377970690,21.14
721,1377970695,21.13
721,1377970700,21.14
721,1377970705,21.14
721,1377970710,21.13
721,1377970715,21.14
721,1377970720,21.14
721,1377970725,21.14
721,1377970730,21.14
721,1377970735,21.13
721,1377970740,21.15
721,1377970745,21.14
721,1377970750,21.15
721,1377970755,21.14
721,1377970760,21.14
721,1377970765,21.14
721,1377970770,21.15
721,1377970775,21.14
721,1377970780,21.14
721,1377970785,21.15
721,1377970790,21.16
721,1377970795,21.17
721,1377970800,21.15
721,1377970805,21.16
721,1377970810,21.15
721,1377970815,21.15
721,1377970820,21.15
721,1377970825,21.15
721,1377970830,21.14
721,1377970835,21.15
721,1377970840,21.14
721,1377970845,21.16
721,1377970850,21.15
721,1377970855,21.16
721,1377970860,21.16
721,1377970865,21.15
721,1377970870,21.15
721,1377970875,21.16
721,1377970880,21.17
721,1377970885,21.16
721,1377970890,21.16
721,1377970895,21.16
721,1377970900,21.16
721,1377970905,21.14
721,1377970910,21.16
721,1377970915,21.16
721,1377970920,21.16
721,1377970925,21.16
721,1377970930,21.15
721,1377970935,21.16
721,1377970940,21.16
721,1377970945,21.16
721,1377970950,21.16
721,1377970955,21.16
721,1377970960,21.16
721,1377970965,21.16
721,1377970970,21.16
721,1377970975,21.16
721,1377970980,21.16
721,1377970985,21.16
721,1377970990,21.16
721,1377970995,21.16
721,1377971000,21.16
721,1377971005,21.16
721,1377971010,21.16
721,1377971015,21.16
721,1377971020,21.16
721,1377971025,21.15
721,1377971030,21.15
721,1377971035,21.17
721,1377971040,21.16
721,1377971045,21.16
721,1377971050,21.16
721,1377971055,21.16
721,1377971060,21.17
721,1377971065,21.16
721,1377971070,21.15
721,1377971075,21.16
721,1377971080,21.17
721,1377971085,21.17
721,1377971090,21.16
721,1377971095,21.18
721,1377971100,21.17
721,1377971105,21.16
721,1377971110,21.16
721,1377971115,21.17
721,1377971120,21.17
721,1377971125,21.18
721,1377971130,21.17
721,1377971135,21.16
721,1377971140,21.17
721,1377971145,21.17
721,1377971150,21.16
721,1377971155,21.18
721,1377971160,21.17
721,1377971165,21.18
721,1377971170,21.17
721,1377971180,21.17
721,1377971185,21.18
721,1377971190,21.17
721,1377971195,21.19
721,1377971200,21.18
721,1377971205,21.18
721,1377971210,21.17
721,1377971215,21.17
721,1377971220,21.18
721,1377971225,21.18
721,1377971230,21.19
721,1377971235,21.17
721,1377971240,21.18
721,1377971245,21.19
721,1377971250,21.19
721,1377971255,21.19
721,1377971260,21.18
721,1377971265,21.19
721,1377971270,21.18
721,1377971275,21.18
721,1377971280,21.18
721,1377971285,21.18
721,1377971290,21.19
721,1377971295,21.2
721,1377971300,21.18
721,1377971305,21.18
721,1377971310,21.19
721,1377971315,21.2
721,1377971320,21.19
721,1377971325,21.2
721,1377971330,21.19
721,1377971335,21.19
721,1377971340,21.19
721,1377971345,21.18
721,1377971350,21.18
721,1377971355,21.19
721,1377971360,21.19
721,1377971365,21.19
721,1377971370,21.2
721,1377971375,21.2
721,1377971380,21.18
721,1377971385,21.19
721,1377971390,21.2
721,1377971395,21.19
721,1377971400,21.2
721,1377971405,21.2
721,1377971410,21.2
721,1377971416,21.2
721,1377971420,21.2
721,1377971425,21.2
721,1377971430,21.2
721,1377971435,21.2
721,1377971440,21.2
721,1377971445,21.21
721,1377971450,21.21
721,1377971455,21.2
721,1377971460,21.21
721,1377971465,21.2
721,1377971470,21.21
721,1377971475,21.21
721,1377971480,21.22
721,1377971485,21.22
721,1377971490,21.2
721,1377971495,21.22
721,1377971500,21.21
721,1377971505,21.21
721,1377971510,21.21
721,1377971515,21.21
721,1377971520,21.21
721,1377971525,21.22
721,1377971530,21.22
721,1377971535,21.21
721,1377971540,21.22
721,1377971545,21.21
721,1377971550,21.21
721,1377971555,21.21
721,1377971560,21.22
721,1377971565,21.21
721,1377971570,21.22
721,1377971575,21.21
721,1377971580,21.22
721,1377971585,21.22
721,1377971590,21.23
721,1377971595,21.22
721,1377971600,21.21
721,1377971605,21.22
721,1377971610,21.22
721,1377971615,21.23
721,1377971620,21.22
721,1377971625,21.22
721,1377971630,21.22
721,1377971635,21.22
721,1377971640,21.23
721,1377971645,21.22
721,1377971650,21.23
721,1377971655,21.23
721,1377971660,21.23
721,1377971665,21.22
721,1377971670,21.22
721,1377971675,21.22
721,1377971680,21.22
721,1377971685,21.22
721,1377971690,21.22
721,1377971695,21.22
721,1377971700,21.23
721,1377971705,21.24
721,1377971710,21.22
721,1377971715,21.22
721,1377971720,21.22
721,1377971725,21.23
721,1377971730,21.22
721,1377971735,21.23
721,1377971740,21.23
721,1377971745,21.23
721,1377971750,21.23
721,1377971755,21.24
721,1377971760,21.24
721,1377971765,21.23
721,1377971770,21.23
721,1377971775,21.22
721,1377971780,21.23
721,1377971785,21.24
721,1377971790,21.24
721,1377971795,21.23
721,1377971800,21.24
721,1377971805,21.24
721,1377971810,21.24
721,1377971815,21.24
721,1377971820,21.23
721,1377971825,21.23
721,1377971830,21.22
721,1377971835,21.24
721,1377971840,21.24
721,1377971845,21.24
721,1377971850,21.25
721,1377971855,21.24
721,1377971860,21.24
721,1377971865,21.24
721,1377971870,21.26
721,1377971875,21.26
721,1377971880,21.24
721,1377971885,21.24
721,1377971890,21.24
721,1377971895,21.24
721,1377971900,21.25
721,1377971911,21.24
721,1377971915,21.25
721,1377971920,21.26
721,1377971925,21.26
721,1377971930,21.24
721,1377971935,21.24
721,1377971940,21.26
721,1377971945,21.25
721,1377971950,21.25
721,1377971955,21.24
721,1377971960,21.25
721,1377971965,21.26
721,1377971970,21.25
721,1377971975,21.25
721,1377971980,21.26
721,1377971985,21.26
721,1377971990,21.25
721,1377971995,21.27
721,1377972000,21.28
721,1377972005,21.26
721,1377972010,21.26
721,1377972015,21.26
721,1377972020,21.27
721,1377972025,21.26
721,1377972030,21.26
721,1377972035,21.26
721,1377972040,21.26
721,1377972045,21.28
721,1377972050,21.27
721,1377972055,21.28
721,1377972060,21.28
721,1377972065,21.27
721,1377972070,21.28
721,1377972075,21.28
721,1377972080,21.28
721,1377972085,21.27
721,1377972090,21.28
721,1377972095,21.27
721,1377972100,21.28
721,1377972105,21.27
721,1377972110,21.28
721,1377972115,21.27
721,1377972120,21.27
721,1377972125,21.28
721,1377972130,21.27
721,1377972135,21.28
721,1377972140,21.28
721,1377972145,21.28
721,1377972150,21.28
721,1377972155,21.28
721,1377972160,21.27
721,1377972165,21.29
721,1377972170,21.28
721,1377972175,21.28
721,1377972180,21.28
721,1377972185,21.28
721,1377972190,21.28
721,1377972195,21.28
721,1377972200,21.28
721,1377972205,21.3
721,1377972210,21.28
721,1377972215,21.29
721,1377972220,21.29
721,1377972225,21.28
721,1377972230,21.29
721,1377972235,21.29
721,1377972240,21.29
721,1377972245,21.29
721,1377972250,21.29
721,1377972255,21.3
721,1377972260,21.29
721,1377972265,21.3
721,1377972270,21.3
721,1377972275,21.3
721,1377972280,21.29
721,1377972285,21.3
721,1377972290,21.3
721,1377972295,21.3
721,1377972300,21.3
721,1377972305,21.3
721,1377972310,21.3
721,1377972315,21.3
721,1377972320,21.3
721,1377972325,21.3
721,1377972330,21.3
721,1377972335,21.3
721,1377972340,21.3
721,1377972345,21.31
721,1377972350,21.31
721,1377972355,21.3
721,1377972360,21.3
721,1377972365,21.31
721,1377972370,21.31
721,1377972375,21.3
721,1377972380,21.32
721,1377972385,21.32
721,1377972390,21.31
721,1377972395,21.3
721,1377972400,21.32
721,1377972405,21.31
721,1377972410,21.31
721,1377972415,21.31
721,1377972420,21.31
721,1377972425,21.31
721,1377972430,21.31
721,1377972435,21.3
721,1377972440,21.32
721,1377972445,21.31
721,1377972450,21.32
721,1377972455,21.32
721,1377972460,21.33
721,1377972465,21.32
721,1377972470,21.33
721,1377972475,21.33
721,1377972480,21.32
721,1377972485,21.33
721,1377972490,21.34
721,1377972495,21.32
721,1377972500,21.33
721,1377972505,21.33
721,1377972510,21.32
721,1377972515,21.33
721,1377972520,21.34
721,1377972525,21.33
721,1377972530,21.35
721,1377972535,21.33
721,1377972540,21.34
721,1377972545,21.33
721,1377972550,21.34
721,1377972555,21.34
721,1377972560,21.35
721,1377972565,21.35
721,1377972570,21.33
721,1377972575,21.35
721,1377972580,21.35
721,1377972585,21.34
721,1377972590,21.35
721,1377972595,21.34
721,1377972600,21.33
721,1377972605,21.35
721,1377972610,21.34
721,1377972615,21.34
721,1377972620,21.34
721,1377972625,21.35
721,1377972630,21.35
721,1377972635,21.36
721,1377972640,21.35
721,1377972650,21.35
721,1377972655,21.35
721,1377972660,21.36
721,1377972665,21.36
721,1377972670,21.35
721,1377972675,21.35
721,1377972680,21.35
721,1377972685,21.35
721,1377972690,21.35
721,1377972695,21.35
721,1377972700,21.35
721,1377972705,21.35
721,1377972710,21.36
721,1377972715,21.36
721,1377972720,21.36
721,1377972725,21.35
721,1377972730,21.36
721,1377972735,21.35
721,1377972740,21.37
721,1377972745,21.37
721,1377972750,21.36
721,1377972755,21.36
721,1377972760,21.36
721,1377972765,21.36
721,1377972770,21.38
721,1377972775,21.37
721,1377972780,21.37
721,1377972785,21.37
721,1377972790,21.38
721,1377972795,21.38
721,1377972800,21.37
721,1377972805,21.37
721,1377972810,21.37
721,1377972815,21.37
721,1377972820,21.38
721,1377972825,21.37
721,1377972830,21.38
721,1377972835,21.38
721,1377972840,21.38
721,1377972845,21.37
721,1377972850,21.38
721,1377972855,21.38
721,1377972860,21.37
721,1377972865,21.38
721,1377972870,21.37
721,1377972875,21.38
721,1377972880,21.38
721,1377972885,21.38
721,1377972890,21.38
721,1377972895,21.38
721,1377972900,21.38
721,1377972905,21.38
721,1377972910,21.38
721,1377972915,21.38
721,1377972920,21.38
721,1377972925,21.39
721,1377972930,21.39
721,1377972935,21.38
721,1377972940,21.38
721,1377972945,21.38
721,1377972950,21.37
721,1377972955,21.39
721,1377972960,21.39
721,1377972965,21.39
721,1377972970,21.38
721,1377972975,21.39
721,1377972980,21.4
721,1377972985,21.4
721,1377972990,21.39
721,1377972995,21.39
721,1377973000,21.4
721,1377973005,21.4
721,1377973010,21.4
721,1377973015,21.39
721,1377973020,21.39
721,1377973025,21.39
721,1377973030,21.39
721,1377973035,21.39
721,1377973040,21.4
721,1377973045,21.4
721,1377973050,21.4
721,1377973055,21.4
721,1377973060,21.39
721,1377973065,21.38
721,1377973070,21.39
721,1377973075,21.39
721,1377973080,21.4
721,1377973085,21.4
721,1377973090,21.41
721,1377973095,21.39
721,1377973100,21.4
721,1377973105,21.38
721,1377973110,21.4
721,1377973115,21.4
721,1377973120,21.4
721,1377973125,21.4
721,1377973130,21.4
721,1377973135,21.41
721,1377973140,21.41
721,1377973145,21.41
721,1377973150,21.41
721,1377973155,21.41
721,1377973160,21.4
721,1377973165,21.42
721,1377973170,21.41
721,1377973175,21.4
721,1377973180,21.42
721,1377973185,21.41
721,1377973190,21.41
721,1377973195,21.41
721,1377973200,21.41
721,1377973205,21.4
721,1377973210,21.41
721,1377973215,21.42
721,1377973220,21.42
721,1377973225,21.42
721,1377973231,21.42
721,1377973235,21.42
721,1377973240,21.42
721,1377973245,21.42
721,1377973250,21.42
721,1377973255,21.43
721,1377973260,21.43
721,1377973265,21.43
721,1377973270,21.44
721,1377973275,21.42
721,1377973280,21.42
721,1377973285,21.43
721,1377973290,21.43
721,1377973295,21.43
721,1377973300,21.43
721,1377973305,21.43
721,1377973310,21.42
721,1377973315,21.44
721,1377973320,21.42
721,1377973325,21.44
721,1377973330,21.42
721,1377973335,21.44
721,1377973340,21.43
721,1377973345,21.44
721,1377973350,21.45
721,1377973355,21.45
721,1377973360,21.44
721,1377973365,21.44
721,1377973370,21.44
721,1377973375,21.44
721,1377973380,21.44
721,1377973385,21.44
721,1377973390,21.44
721,1377973395,21.44
721,1377973400,21.44
721,1377988295,22.31
721,1377988415,22.32
721,1377988455,22.32
721,1377988510,22.34
721,1377988540,22.32
721,1377988630,22.33
721,1377988685,22.33
721,1377988715,22.32
